390.810333 0.0 390.810333 0.0 0
390.948382644 1.3217287327867033 391.049290146 1.6898603058067738 5
391.080545914 2.6700356366464417 391.36122037600006 3.3450002414219946 10
391.34744038400004 3.9559851226920073 392.092244206 5.153872956752513 15
391.66115139799996 5.225158889784249 392.9372683380001 6.853586301092526 20
392.13665465599996 6.705412066051769 394.01082576000005 8.988360209094425 25
392.92844571 8.058932100360506 395.691429756 10.581254664371349 30
393.61581088 9.043344628816989 397.205027618 12.663729383654237 35
394.40114978 10.935430535632822 399.057091654 15.612223241286468 40
395.359685986 12.195761299339102 401.145196816 16.941634829930745 45
395.938611836 13.546653956479766 402.827632222 20.33172630260048 50
397.71953407399997 14.84570080909496 406.49396907999994 23.002746852604105 55
399.80992923400004 17.80628274726535 410.633710832 28.31208408189814 60
401.280913086 18.73693814098282 413.91076534200005 29.688160141225342 65
402.98569690799997 20.16441805385591 417.330798692 33.281876440006776 70
404.9801171799999 22.710816116707143 422.929625 40.31732630695429 75
405.50207514 22.689992024337162 425.17316206 40.59491814632576 80
407.97501266999996 24.514425179398813 430.567985538 43.49202300034362 85
408.130905408 25.372900300586366 431.82906879399997 51.30287954383142 90
410.790000238 27.84299673485738 436.489378798 52.1530053013554 95
411.022227418 29.917670925419173 438.09114234 57.589160070537595 100
