0.96405566 -0.0095522 0.05362554 0.02586906 0.01229711 -0.0201470 0.01928053 -0.0242010 
-0.0075052 0.97444077 -0.0093016 -0.0483603 0.03316723 -0.0266214 -0.0165058 0.00911363 
0.03438775 -0.0817995 0.93934514 0.03579982 -0.0363923 0.00342261 -0.0007836 -0.0024787 
0.02055292 0.08331558 0.00442075 0.90879996 0.00728267 -0.0239641 0.00799166 0.02071302 

1.01371886 -0.0200651 0.05748516 0.00782342 0.00597591 -0.0486552 0.03460293 0.04658245 
-0.0186321 1.03703876 -0.0034008 0.00058029 0.00717806 -0.0115074 -0.0010119 -0.0083884 
0.03786885 -0.0678932 0.96989213 -0.0212676 0.00767641 0.00773972 0.00905590 0.01463347 
0.00375948 0.11634671 -0.0417270 0.85379806 -0.0166074 0.00541858 0.02096258 0.03497016 

0.98789198 -0.0057517 0.03404189 0.00407868 0.00775043 0.00951156 0.03605018 0.01999940 
-0.0049196 1.02270124 0.01876776 0.05399702 -0.0243172 -0.0285280 0.03439507 -0.0386854 
0.01551047 -0.0395575 0.90714434 0.02822876 -0.0039184 -0.0194095 0.03406471 0.01834361 
0.00204822 0.14511942 0.01199198 0.90920797 0.00047643 -0.0100730 0.00842696 -0.0439606 

1.02152767 0.00689009 -0.0231327 -0.0119366 0.03166583 0.00923317 -0.0049745 -0.0153157 
0.00797796 0.98500685 -0.0150913 -0.0091562 -0.0151801 -0.0215419 0.00535143 0.00161247 
-0.0398310 -0.0652218 0.97409751 0.03878968 0.00940186 0.02643618 0.00160749 0.01320554 
-0.0108281 0.07352971 0.01720710 0.92449234 -0.0167952 0.01949621 -0.0175503 -0.0154721 

0.99723594 -0.0050488 0.03041205 0.00833133 -0.0044462 -0.0048163 -0.0101391 -0.0162400 
-0.0049362 0.93244414 0.04502966 0.01783382 0.00688518 -0.0134249 -0.0159759 -0.0169645 
0.01117931 0.00087535 0.92810846 0.03384147 0.00606223 0.00299046 -0.0035330 0.00944962 
0.00650310 0.07830421 0.02207713 0.86497863 0.00225299 0.02640533 -0.0135497 -0.0374186 

0.99061011 -0.0017373 0.00604281 -0.0285131 -0.0182820 0.01993795 -0.0146081 0.01317925 
-0.0001705 1.03160974 -0.0675200 -0.0010211 -0.0088221 -0.0034866 0.03804833 0.01519327 
-0.0118375 -0.1039326 0.92375772 0.01365052 0.03921400 -0.0181869 -0.0354007 0.00028671 
-0.0255913 0.06383695 -0.0070722 0.88010663 -0.0131171 0.02696159 -0.0204863 -0.0220012 

0.97162562 0.01371559 0.01922069 -0.0168243 -0.0190840 0.01472720 -0.0190864 -0.0033377 
0.01439156 1.00175668 -0.0160867 0.04940047 -0.0048529 -0.0042718 -0.0327684 -0.0082029 
-0.0010068 -0.0463324 0.95890916 -0.0416406 -0.0214566 -0.0163672 0.01256430 0.05316700 
-0.0125339 0.09454839 -0.0544362 0.88324107 -0.0325112 -0.0162364 -0.0070620 -0.0280342 

1.01774034 0.00212872 0.01452932 0.00376168 0.02206248 0.02574227 -0.0019522 0.04848342 
0.00313028 0.99596255 -0.0194724 0.02043558 0.03828367 -0.0294013 -0.0191501 0.03711316 
-0.0035004 -0.0472614 0.93631677 0.01350283 0.03265981 0.00734069 -0.0290408 0.00701980 
0.00281621 0.06011503 -0.0019574 0.86558905 0.01663893 0.01384920 -0.0277926 0.00432157 

0.97109622 -0.0056254 -0.0035146 0.01113848 0.03935177 0.02067958 0.03764629 -0.0071530 
-0.0049658 1.03920485 -0.0000243 0.02561933 0.02068431 0.00764989 0.01787876 0.02232371 
-0.0189366 -0.0238248 0.88924941 -0.0118884 0.01239999 0.01705670 0.00828901 0.00086519 
0.00915750 0.05484171 -0.0257644 0.91435527 -0.0429887 0.01373347 0.00377749 0.01125599 

1.00663670 0.00646363 -0.0171201 -0.0035855 -0.0113896 0.01679254 -0.0049687 -0.0152002 
0.00661354 0.99329646 0.00995780 -0.0161176 0.04276754 -0.0603150 0.01065387 -0.0018395 
-0.0324999 -0.0109524 0.90817419 0.03241616 -0.0435186 -0.0151227 -0.0095446 -0.0006373 
-0.0034569 0.00827877 0.01812324 0.87647705 0.01229011 0.01146064 0.03868951 -0.0110351 

1.03542964 -0.0021165 0.02721043 -0.0035729 -0.0102311 0.02449583 -0.0252665 0.01891085 
-0.0015564 0.98212748 -0.0130790 0.00221215 0.00384124 -0.0055698 -0.0062748 -0.0107774 
0.00944912 -0.0310898 0.87924518 -0.0121857 0.00692901 -0.0195136 0.03523843 0.02565233 
-0.0030831 0.02306688 -0.0279552 0.90834623 -0.0480021 0.03124548 -0.0269026 -0.0258695 

1.04890491 -0.0169246 0.00703474 -0.0167005 0.01595266 -0.0115914 -0.0136381 -0.0083295 
-0.0165935 1.03590212 -0.0150211 -0.0170821 0.01335883 -0.0298822 0.01162699 0.01447413 
-0.0098037 -0.0332139 0.91379664 0.05369732 0.01047111 0.01282414 0.00509741 -0.0124813 
-0.0166599 0.00600526 0.03514893 0.87341924 0.00075865 -0.0241504 -0.0069265 -0.0047066 

1.04736450 -0.0282168 0.01688024 0.00824794 -0.0035504 0.00413967 -0.0116052 -0.0226717 
-0.0278716 1.01558828 -0.0002969 0.03649905 0.03264613 0.04681176 0.00952642 -0.0086335 
-0.0000625 -0.0103281 0.89065945 0.01710165 0.02683293 -0.0096224 0.01171511 0.04838991 
0.00693537 0.03731920 -0.0009156 0.90665189 -0.0185451 0.00700819 -0.0193482 0.02375672 

1.05062469 0.00079845 0.05726366 0.01690120 0.03129531 0.00157066 -0.0287982 0.01432176 
0.00060426 0.97454499 0.03832480 0.03613955 0.02025554 0.01103555 0.01101430 0.02056291 
0.03758368 0.02337888 0.91439122 0.03075620 0.00512569 -0.0150231 0.01538002 0.00265909 
0.01366897 0.03933700 0.01393947 0.90101580 -0.0289621 0.03372376 -0.0104392 -0.0125027 

0.98268159 0.03525538 0.00503452 -0.0041336 -0.0327621 -0.0156741 -0.0024290 0.00500438 
0.03467343 1.01190401 0.03776595 0.00928590 0.00021349 -0.0053320 0.00102082 0.02912478 
-0.0121524 0.02473575 0.94704474 0.05214677 -0.0016157 -0.0008182 -0.0110683 0.00362477 
-0.0043614 0.01183010 0.03491184 0.82338813 -0.0272566 -0.0250617 -0.0129342 -0.0253290 

1.01795484 0.04152748 0.02544759 0.03101240 0.02664472 0.02154025 0.01410409 -0.0217514 
0.04227209 1.02699309 -0.0045464 0.02367293 0.00395992 -0.0163842 0.03032158 -0.0305055 
0.00711534 -0.0098740 0.95686088 0.03179782 0.01812165 -0.0015180 0.01242301 0.04072031 
0.02735643 0.01812457 0.01207429 0.87702440 -0.0153054 0.01188865 0.00132877 -0.0250345 

0.97434768 -0.0079133 0.02878292 0.04820902 -0.0367350 -0.0069853 -0.0225938 -0.0194870 
-0.0069327 1.01431182 -0.0011139 0.03010334 0.01345361 0.01324819 0.03316413 -0.0101674 
0.01102073 -0.0061150 0.94543335 0.01359400 0.01455204 -0.0372644 0.00026335 -0.0326558 
0.04291374 0.02187624 -0.0069634 0.91678937 -0.0130492 -0.0139860 -0.0339120 -0.0107626 

0.99694968 -0.0080424 0.01650787 0.00302634 0.03085656 -0.0189321 0.02177852 0.02130451 
-0.0075111 1.04176221 -0.0253910 -0.0026202 -0.0258617 0.01862770 -0.0155348 0.02868731 
-0.0002666 -0.0261876 0.93535549 0.05003027 0.01642812 0.02127966 -0.0122925 0.01195887 
0.00037933 -0.0121739 0.02882754 0.82879000 0.02122860 0.00082482 -0.0116657 -0.0116169 

1.00929552 -0.0019322 0.06175842 0.00763877 0.05318903 -0.0195153 -0.0468916 0.01868636 
-0.0019684 0.94027940 0.00920050 0.01993424 -0.0420081 -0.0195151 0.03648949 -0.0072207 
0.04230640 0.00730946 0.91614304 0.02330109 0.03971755 0.01786687 0.00994005 0.03082663 
0.00549777 0.00503055 0.00158003 0.86669775 -0.0269757 0.02999621 0.01276678 -0.0113407 

1.04045827 -0.0078812 0.03017356 -0.0033064 -0.0165414 0.01734012 -0.0119391 -0.0339174 
-0.0083143 1.01905724 0.02394800 -0.0078210 -0.0625925 -0.0132798 -0.0192518 -0.0628329 
0.01107189 0.02003301 0.93450288 0.00619409 -0.0178674 0.00884025 0.02762439 0.00897683 
-0.0016183 -0.0157463 -0.0148799 0.87845350 -0.0249267 0.02087366 0.01521195 -0.0219891 

1.02997353 -0.0049216 0.04097235 0.00248782 0.05385145 -0.0002814 0.01961285 -0.0455902 
-0.0049665 0.98522232 0.00188638 0.03137391 -0.0407408 -0.0073131 -0.0110221 -0.0016092 
0.02132297 0.00363345 0.97879901 0.01671750 0.00703526 -0.0026102 0.03701582 0.00058237 
0.00139276 0.01164202 -0.0064386 0.83752057 0.01174657 0.01663022 -0.0147119 -0.0060825 

1.02376251 -0.0508770 0.01716448 -0.0293847 0.03709833 0.03715340 -0.0114071 -0.0525142 
-0.0513992 1.01421223 0.00176793 0.01194438 0.00045390 0.01846846 -0.0007077 -0.0013495 
-0.0009467 0.00060661 0.90615754 0.02089782 -0.0195771 -0.0401107 -0.0058785 0.00749171 
-0.0255062 -0.0021143 -0.0042642 0.88078966 -0.0154170 0.00983550 0.01109173 -0.0146729 

0.99622692 -0.0280104 0.03113943 -0.0004632 -0.0125498 -0.0218624 -0.0158179 -0.0009808 
-0.0278081 0.99338672 -0.0145567 0.01496092 0.02653630 -0.0266599 -0.0162420 -0.0207380 
0.01295905 -0.0111564 0.92707713 0.02968105 0.00077332 -0.0482524 0.00571926 -0.0216095 
-0.0010389 -0.0068998 0.00293081 0.89289450 -0.0198281 0.04691178 -0.0307275 -0.0008011 

0.97486038 0.00463260 0.06141917 -0.0085967 -0.0014426 -0.0082224 0.01675390 0.01874003 
0.00404851 1.02802912 0.01954027 0.01570999 0.00433981 -0.0221534 0.00675051 -0.0022148 
0.04171175 0.01978869 0.90481546 0.04117712 -0.0038709 -0.0196447 0.02409981 0.00067154 
-0.0094162 -0.0057499 0.01317861 0.85367282 -0.0255999 -0.0121317 -0.0117194 -0.0106735 

1.01159280 -0.0259155 -0.0172033 -0.0047147 -0.0333529 -0.0046146 -0.0356474 0.01316757 
-0.0261457 0.99569729 0.00421798 0.04580481 0.04054098 -0.0119229 -0.0152555 0.00122482 
-0.0325437 0.00717643 0.93229847 0.04153805 0.03880038 0.00033023 0.00272882 -0.0153304 
-0.0043312 0.02057494 0.01313703 0.84957869 0.01215497 0.00372580 -0.0196090 -0.0109667 

0.97451972 0.00063078 0.03576706 -0.0002813 0.01143567 0.00419713 0.02577036 -0.0267213 
0.00054697 1.03165557 -0.0025093 0.02526012 -0.0375112 0.00355998 -0.0214980 0.00722345 
0.01639258 0.00327503 0.96090418 0.04352801 0.00344482 -0.0355378 0.00378754 0.00373177 
-0.0009154 -0.0026393 0.01295158 0.88424981 -0.0045065 0.02948481 -0.0049712 -0.0328032 

1.00966455 -0.0218945 0.00582631 0.02345085 -0.0150106 -0.0396507 0.00786855 -0.0277819 
-0.0216556 1.04740904 0.00261054 0.03694845 0.00135151 -0.0125563 -0.0190191 0.04196448 
-0.0093174 0.00831485 0.88506038 0.01833234 0.01491975 -0.0208702 -0.0019168 0.02466648 
0.02025997 0.00942748 -0.0109200 0.85281021 0.00207920 0.01460087 -0.0207099 -0.0398263 

0.92865400 0.00511232 0.02420774 -0.0271682 0.01114708 -0.0319139 -0.0183190 0.00313920 
0.00470976 0.98639550 -0.0092288 0.01092639 0.00472539 0.01131223 0.01840066 0.03781758 
0.00508957 -0.0040867 0.95392071 0.01605738 -0.0092765 0.01414017 -0.0263579 0.00570840 
-0.0242149 -0.0125202 -0.0119446 0.86655085 -0.0264168 0.01169216 -0.0323404 -0.0300061 

1.02121096 -0.0084029 0.01231514 0.02544010 -0.0287722 0.00694603 -0.0041330 0.02919259 
-0.0084715 1.00312602 0.02493510 -0.0019779 -0.0005145 -0.0392647 -0.0094937 -0.0349059 
-0.0047704 0.02475981 0.96355804 0.06155565 0.00365620 0.00512235 -0.0283780 0.03269264 
0.02132880 -0.0213308 0.02722077 0.89296112 -0.0009498 -0.0065920 0.00064271 -0.0437998 

1.00613041 -0.0445599 0.01124776 -0.0297641 0.00082100 0.01247035 -0.0074481 0.01499989 
-0.0452411 1.02566765 0.00565144 0.01620382 0.02924408 0.03450020 0.02912979 -0.0037499 
-0.0066488 0.00706958 0.89393583 0.10293650 0.04326963 0.03204278 -0.0200446 0.03044839 
-0.0269864 -0.0069342 0.06442542 0.91365388 -0.0009817 0.02447718 -0.0862495 -0.0101673 

1.01114408 0.02860461 0.02707914 -0.0047928 -0.0526830 0.01522747 0.02664218 -0.0006788 
0.02888279 0.97189462 -0.0245449 0.00288986 0.00856074 -0.0153115 -0.0023123 0.00086176 
0.00858101 -0.0171267 0.90316220 0.01451163 -0.0228184 -0.0559620 -0.0276821 0.00295530 
-0.0032175 -0.0221256 -0.0173611 0.86146775 -0.0307993 0.01110023 -0.0119800 0.03920122 

1.02372997 0.00050697 0.00629417 0.02404977 -0.0172862 0.00935782 -0.0229503 -0.0041827 
0.00066502 0.96304172 0.00792374 0.05973021 0.01981918 -0.0335653 0.01234441 -0.0168185 
-0.0104698 0.01318652 0.95453855 0.02688903 0.00220913 -0.0298781 0.02430751 -0.0069995 
0.02108865 0.02987946 -0.0054766 0.81959315 0.01087110 0.01130748 -0.0155322 -0.0171290 

0.97174085 0.02234937 0.00984522 0.01377088 0.01255158 -0.0202431 0.02843704 0.04087497 
0.02253723 0.97298792 -0.0010479 0.02114320 0.00926912 0.01374747 0.00858929 -0.0165813 
-0.0061692 0.00043154 0.95415967 0.00812737 0.01199368 -0.0064998 -0.0318543 0.00698332 
0.00982421 0.00208277 -0.0235166 0.85722416 -0.0297700 0.03602543 0.01890270 0.00912362 

0.98664598 -0.0037398 0.02971975 -0.0202081 -0.0090264 -0.0108438 -0.0164288 -0.0265956 
-0.0040957 0.98580894 -0.0040472 0.01024208 -0.0000414 -0.0140534 -0.0487125 -0.0008719 
0.01125447 -0.0012758 0.91356149 0.05077500 -0.0158801 -0.0381532 0.01301855 0.01603058 
-0.0190730 -0.0120193 0.01410321 0.84663115 -0.0146447 0.01198383 0.00552477 -0.0405622 

0.96192719 0.03621190 0.05499540 0.00312324 0.00637053 0.00337544 -0.0035389 0.02935544 
0.03632965 1.03559706 -0.0091607 0.01909297 0.02037441 0.00040153 -0.0167519 -0.0199057 
0.03456809 -0.0053576 0.96793497 0.08661593 -0.0013718 -0.0046569 0.00193951 -0.0034947 
0.00053025 -0.0049460 0.04672310 0.84235811 -0.0116981 0.00907447 -0.0184069 0.03320765 

1.04377437 -0.0293102 -0.0063267 0.06698575 0.02309167 -0.0015162 0.01289108 -0.0259520 
-0.0278223 0.97683372 -0.0186842 -0.0241122 -0.0006717 0.02163071 -0.0155300 -0.0240576 
-0.0200516 -0.0176048 0.93376190 0.03353458 0.03150500 -0.0124361 0.00890457 -0.0007659 
0.05679151 -0.0385463 -0.0054764 0.91874977 0.00549524 0.01674915 -0.0191472 0.00579742 

0.98741524 0.01051443 -0.0119316 -0.0080267 0.00328953 0.00192011 -0.0138452 -0.0112025 
0.01038446 1.00887302 -0.0048413 0.03027011 -0.0162250 0.02693721 0.00734251 -0.0141140 
-0.0279791 -0.0002636 0.92291747 0.00814708 -0.0194853 -0.0461051 0.03980727 -0.0214896 
-0.0067624 0.00560692 -0.0277696 0.87252436 -0.0364223 0.03502500 -0.0265772 0.00778812 

0.98589186 -0.0046631 0.04224155 -0.0098880 0.02170811 0.00077807 -0.0027485 -0.0290672 
-0.0052088 0.95836828 0.01268900 0.02262096 -0.0093145 -0.0029785 0.01609373 -0.0135509 
0.02242108 0.01906823 0.90718915 0.01601012 0.03830168 -0.0118570 -0.0165934 0.00115381 
-0.0082177 -0.0074897 -0.0199100 0.84990184 -0.0317033 0.01221917 0.01196469 -0.0419765 

0.97934940 -0.0011348 0.02525054 0.02759839 0.01932154 0.01251326 0.01399146 0.00380563 
-0.0009267 1.03284857 0.00990570 0.01874707 -0.0025060 0.03456581 -0.0028829 0.02251257 
0.00811472 0.01134442 0.92807972 0.09299741 0.01649246 -0.0001115 0.00021896 -0.0031697 
0.02174603 -0.0039855 0.04996051 0.87384871 -0.0287288 0.01253645 0.00579224 -0.0174109 

1.01475837 -0.0062389 0.03250630 0.01409006 0.01904012 0.03132633 0.01393866 0.03384171 
-0.0060870 1.02815389 0.00076180 0.00183832 0.01623821 -0.0033761 -0.0031846 0.02772790 
0.01390808 0.00345729 0.95808295 0.05773734 0.00427221 0.01513731 0.05878121 0.01260310 
0.01105395 -0.0184769 0.01850732 0.82178293 -0.0091361 0.01159631 0.01112837 0.02758486 

0.95584794 -0.0309716 -0.0145850 0.00821796 -0.0179554 0.00292863 -0.0119924 -0.0190919 
-0.0310280 0.98908128 0.00412817 0.05435513 -0.0268731 -0.0140232 -0.0084253 0.02597976 
-0.0300456 0.01008450 0.90401494 0.03041592 -0.0152231 -0.0094414 0.01824499 -0.0130278 
0.00726771 0.02436858 -0.0070911 0.83047558 -0.0103087 0.03909031 -0.0357187 0.00760707 

1.05765769 0.04422520 0.02452116 0.00881580 0.02437137 -0.0289078 0.00628941 0.03144317 
0.04397444 0.93620423 0.01751155 -0.0074382 -0.0397497 0.02887238 0.01724877 0.01829674 
0.00712521 0.01805339 0.94501920 0.01433265 0.01876173 -0.0151770 0.03979717 0.01806358 
0.00551499 -0.0251960 -0.0255680 0.86985524 -0.0191042 -0.0275086 0.00119797 -0.0240300 

1.01334258 -0.0371787 0.01408873 -0.0051022 -0.0091215 0.03744437 0.00389849 -0.0325504 
-0.0372628 1.02179355 -0.0031300 -0.0152461 -0.0293637 -0.0508154 0.00465080 -0.0188049 
-0.0050161 0.00088191 0.93297993 0.05145018 0.02316691 -0.0409672 0.02599451 0.01207061 
-0.0033252 -0.0375172 0.00902869 0.86009147 -0.0137805 0.02416282 -0.0326407 -0.0098756 

0.96379454 -0.0085961 -0.0196827 -0.0103524 -0.0120387 0.03299415 0.00518705 0.01088045 
-0.0092521 0.99990956 0.02267684 0.04851494 0.01880928 0.00824604 -0.0064589 -0.0056624 
-0.0367467 0.02343982 0.95430725 0.08674332 0.02268829 -0.0145141 -0.0116101 -0.0033571 
-0.0093601 0.02353106 0.04069261 0.89984392 -0.0046998 0.04192070 0.00832038 -0.0437949 

0.97803588 0.00268696 0.01872063 0.01695615 -0.0150207 -0.0043574 0.00308846 0.04059345 
0.00416258 0.95421548 -0.0746583 0.03512056 -0.0097979 0.03192767 -0.0199715 0.01434677 
0.00125765 -0.0606007 0.95945347 0.02916790 -0.0071301 -0.0166177 0.03191602 -0.0042037 
0.01318018 -0.0005719 -0.0089615 0.84976835 -0.0237873 0.05543700 0.00173258 -0.0185415 

1.05398125 -0.0369978 0.02747229 -0.0092166 0.00752424 -0.0195004 -0.0127050 -0.0292157 
-0.0365919 0.99229669 -0.0373134 0.00842683 0.03118294 0.03358123 0.02402848 0.03185071 
0.00798442 -0.0276119 0.93457095 0.03001547 -0.0386857 0.02285664 -0.0475074 0.02382863 
-0.0073176 -0.0213145 -0.0081145 0.86133387 -0.0169409 0.01429777 -0.0148116 -0.0154685 

1.03182633 -0.0026737 0.00418274 -0.0311966 0.00113542 -0.0125760 -0.0404335 -0.0305820 
-0.0036454 1.01253795 0.01358781 0.04959319 0.02476348 -0.0432445 0.01171517 0.00180844 
-0.0145592 0.02141220 0.93946263 0.05507120 0.02180313 -0.0413390 -0.0328553 0.02702630 
-0.0271757 0.01305754 0.01096441 0.84783682 -0.0014956 0.00512814 -0.0031416 -0.0036645 

1.00388703 0.02450247 0.00900952 0.03146414 0.00576330 0.01003459 -0.0014905 0.01071650 
0.02420600 0.97729954 0.03438504 0.01866119 -0.0170521 -0.0317599 -0.0105877 0.00474207 
-0.0070064 0.04048865 0.95996954 0.01722794 -0.0117535 -0.0327291 0.01253987 -0.0040119 
0.02566514 -0.0133703 -0.0225292 0.83391547 -0.0230139 0.03774530 -0.0317991 -0.0270828 

0.98628150 0.01560279 -0.0292873 0.01249342 -0.0348712 0.01279933 -0.0076510 -0.0248330 
0.01578223 0.97549639 -0.0126404 0.04009510 0.03033188 0.01970688 -0.0136905 -0.0263834 
-0.0439768 0.00246462 0.91738681 0.02462490 0.01385883 -0.0280655 0.02176485 -0.0296966 
0.01143628 -0.0057203 -0.0181778 0.89251206 -0.0281801 0.05221739 -0.0189149 -0.0029156 

0.97513974 -0.0099009 0.06403177 0.02162661 0.00771574 -0.0009083 0.00410475 -0.0347823 
-0.0102401 1.04299292 0.02032741 0.04632748 -0.0062366 -0.0165423 0.00242882 0.03029638 
0.04367359 0.03442028 0.94521506 0.05309593 -0.0010233 -0.0082010 -0.0001469 -0.0052850 
0.01745603 -0.0025122 0.01055309 0.80162544 -0.0291534 0.02511377 0.01158208 -0.0077731 

sysiderr: 0.3579
ptb_coef: 0.0100