0.698981 5.97504 -15.1974 -2.18694 
-7.31582 -10.1679 -8.6389 -7.72901 
8.29682 -12.0339 -5.30382 7.87109 
-11.7077 2.03181 -2.03393 10.9616 

2.86026 1.9631 10.61 -8.54462 
-10.4992 -6.43415 10.0663 5.53625 
3.71818 0.726626 3.35034 3.95229 
4.59253 -5.2482 5.77655 6.827 

4.71346 -8.79481 0.95265 7.84313 
10.9358 -2.73399 -11.5976 -0.548895 
12.82 6.07435 4.51596 2.24176 
0.823516 -6.8431 6.66746 -9.82262 

16.1877 -5.88256 0.789173 -8.96006 
-0.363526 -6.88164 14.0032 8.20312 
-2.01682 2.44449 3.40042 -7.67654 
-10.29 0.16946 11.8988 -6.67865 

-8.40381 8.22093 6.90382 2.30269 
-7.85677 -8.54896 1.86815 10.3661 
-4.89511 -10.2131 -8.18758 -2.86918 
-4.69128 -7.73576 3.65456 -8.70197 

-6.69999 1.15238 8.88791 -0.493154 
6.40573 1.89424 -2.49215 7.22338 
-8.45493 11.4579 -6.21042 -1.0347 
14.687 3.94231 2.99762 -9.99569 

-8.53122 2.1167 -5.56452 -9.43064 
13.2721 -6.32725 -3.79548 -7.62135 
-5.3649 -15.3232 0.929798 1.47013 
2.19051 -0.0568282 11.6386 -8.28065 

-0.0273487 3.64996 9.60316 -0.864811 
9.9495 -12.9405 4.19551 4.38404 
4.81842 -1.56014 -6.55496 -8.86672 
11.3694 6.91353 -7.91234 0.456913 

4.04144 3.58306 1.03414 -10.8303 
4.42486 -0.372412 10.2143 7.35475 
11.6728 3.66146 -3.63683 6.38317 
-6.10652 15.7101 1.10865 3.5638 

-0.130006 4.52578 -12.7812 -2.33429 
0.700091 -11.4163 -8.40855 1.0394 
-5.55431 0.460506 4.00288 14.3924 
-17.3876 -5.17346 -1.9732 -3.46763 

1.31818 2.79551 -8.13855 -12.9328 
7.98732 -6.39518 -2.24016 2.2435 
-9.53551 -4.79726 9.80165 2.98941 
16.3921 -4.7113 8.60404 -4.55451 

15.8889 6.12218 9.59916 -3.46002 
-2.80651 -10.0025 3.99644 -10.3319 
-14.1346 9.20607 3.87913 -2.93192 
-9.10143 8.40902 -9.533 -5.71788 

4.76504 5.88556 8.26712 -5.97445 
-2.60841 14.0382 -3.87888 7.9456 
-12.5724 1.15033 -1.02386 -9.51583 
-2.46846 -0.237712 10.0795 9.0229 

9.41952 5.47438 1.42487 -5.28669 
-0.616963 12.469 -5.35375 11.108 
-13.3215 10.8505 8.97746 -0.0779474 
2.52917 10.6826 1.1383 -0.463565 

-13.9324 0.718043 -0.363416 -2.60045 
-0.47664 -7.74831 -1.41333 -8.83655 
4.24924 -2.74581 -13.3124 -6.69163 
5.93072 14.4705 2.52244 -6.65453 

12.9771 0.260464 2.48418 -9.87065 
10.0778 -9.39148 1.42252 6.56064 
2.49507 12.974 9.1208 4.72906 
-4.91243 -7.21144 9.13781 -4.58997 

-13.4059 -1.21266 5.10537 0.170425 
1.48444 9.56905 -11.6618 2.71542 
0.59925 7.83051 2.10428 -9.965 
-7.86817 -11.5641 -7.33062 -4.90098 

8.74003 -4.99769 7.6312 9.64422 
-6.00361 2.1555 10.962 -0.557778 
5.5701 -5.55572 -3.63566 -8.54235 
11.4825 13.7153 2.89745 -1.7292 

2.9483 -2.84625 6.8179 -3.74665 
-4.13377 -8.77292 3.69539 10.6306 
-7.63009 6.87353 8.61345 -3.37264 
2.43048 4.56872 9.10518 -1.38673 

3.07798 -7.94701 -8.61529 -1.73389 
10.2162 -7.65298 0.840598 8.75341 
-5.84607 -2.07945 9.59358 7.56386 
-6.19019 -3.74245 4.79653 -3.14987 

3.69205 -14.911 -3.1479 0.357651 
-2.94864 -2.2795 2.70959 12.192 
1.9277 0.854232 15.5453 -4.04917 
-12.2142 -12.5882 0.100656 -2.62 

6.36071 -5.64057 -4.6862 -12.1371 
-1.02699 10.9743 -11.0324 1.91402 
-4.46338 -1.66258 -4.83986 6.8905 
-11.7551 5.32766 -7.20757 -7.80509 

-9.59596 16.1715 -9.65812 -5.78371 
-8.80964 -0.745199 -6.03519 5.62506 
-11.4466 -10.7746 4.27055 -7.70783 
7.40588 -5.68675 -9.79605 -7.16971 

-3.29285 9.64838 -4.55768 -14.066 
-2.93325 -14.4714 -5.05351 -5.40979 
7.15479 -3.33829 14.0024 -5.11907 
13.4889 -2.55594 -1.26185 -3.9472 

-5.04479 9.12754 6.95521 2.68212 
-3.14634 -8.49489 2.12767 5.9557 
-13.3273 -6.4046 -1.97768 -6.97907 
3.47731 8.66353 -7.55752 -9.24292 

-3.57025 -16.9642 -0.326377 -0.800281 
-0.0222494 0.225203 -15.7021 2.00932 
11.6486 -2.78803 -1.40071 -5.61816 
-8.06329 -1.41646 -7.22887 -11.6783 

-6.2069 -6.52367 12.6524 2.68261 
-13.3028 -4.00831 -7.29358 0.245014 
-0.431002 -15.8649 1.43859 -12.7286 
-6.10306 7.11595 2.79695 -6.67366 

3.55032 -2.45778 -0.667457 -7.37189 
-13.412 2.24104 7.15616 1.61516 
-8.75269 0.0144309 -11.1949 -5.79126 
4.57492 13.2263 6.79235 -3.39028 

-20.2585 -3.1583 5.11123 -3.68344 
-1.64739 -14.6017 0.373167 5.25914 
0.171898 -4.73725 -14.1284 -4.79074 
3.95178 -2.24737 3.79782 -8.43955 

-6.78083 4.1354 7.93841 0.271498 
6.84499 13.9172 -1.55242 4.51765 
1.50501 6.46746 -3.20447 -7.42985 
9.42824 -10.7094 9.05641 -5.26282 

-11.3003 3.1057 -5.6452 -2.69239 
-0.120611 -4.42876 -9.59709 3.3328 
9.55734 8.6274 -4.90969 -5.1486 
-4.35759 3.26166 -1.95979 11.9904 

-10.433 7.3832 -5.6956 5.7571 
-5.12243 -10.5356 -7.16609 2.7925 
-10.7744 -3.30397 7.36941 -3.96836 
-6.67772 -6.55027 -5.23898 -10.6874 

5.22863 10.5971 4.209 -6.4031 
-3.51722 8.60042 4.78035 10.7071 
7.4043 4.9975 -12.8763 0.574601 
10.7971 -6.40059 7.23539 5.15019 

1.25955 -1.88525 -8.68873 -8.29222 
-6.91674 -2.65242 -13.5015 1.02209 
-3.64817 -13.4496 4.85074 2.74528 
-9.11235 1.31557 1.87491 -8.10301 

11.0606 12.546 -2.88579 -6.3282 
0.0244124 1.21324 -5.16172 2.65461 
1.79811 -13.0379 -1.62038 -10.3715 
12.7794 -7.0834 -1.94533 5.74466 

8.82754 -2.84045 11.7079 8.74776 
0.344342 8.12405 -3.43933 6.18039 
8.14521 -7.19199 -1.46156 -7.26412 
-11.9613 -11.8441 3.48355 6.32126 

5.79221 -1.20834 -8.78225 -12.8107 
-1.84418 13.9323 -7.4214 0.304737 
-12.3435 10.5951 4.97148 -4.81879 
-13.7515 -11.7159 -3.52566 3.63004 

8.94359 0.169511 8.24454 -4.75728 
5.01791 -8.8608 -7.522 0.700887 
0.364077 12.1281 -5.01481 -2.36291 
-10.5435 -1.6426 -3.63104 -9.35 

10.0763 -2.40706 6.25253 -8.95488 
4.2787 14.3289 2.96392 6.23766 
13.7791 -5.3078 -3.09283 3.85096 
-2.58794 11.067 -4.66346 -9.57771 

8.39742 8.25006 0.0584845 -10.4756 
14.7353 -11.1509 -1.80912 0.229585 
-4.41707 -0.888494 14.1169 1.79563 
3.72201 10.7162 -1.05441 7.89742 

-7.63171 -10.3547 -8.39033 -3.77198 
-3.01397 -6.31568 2.37708 9.74926 
-8.66524 -3.10555 9.72204 -4.34283 
-11.7239 10.5733 -3.82492 2.07352 

0.238532 -10.0715 3.56351 -7.88737 
-8.65571 3.22018 -2.33902 -11.4223 
-3.62412 4.0516 14.4505 3.68202 
13.6779 7.87602 -0.819157 -5.99094 

1.80559 -10.3555 11.7761 2.73722 
6.32692 -9.36779 -4.38866 -0.572442 
9.2467 -0.388693 4.76055 -9.91711 
-13.7352 -6.30464 -3.66472 -1.93843 

-1.63534 14.3871 10.7277 0.893767 
12.2703 4.60538 -0.761586 5.21258 
-0.427449 -4.87147 -6.01983 0.665588 
9.63126 0.784482 -2.92931 -11.0818 

-7.33792 -0.539251 -4.96327 -5.77698 
-0.0350756 5.0599 -2.76886 8.54576 
2.9333 -5.78266 12.5578 3.73909 
13.8861 6.17689 0.0375977 -3.3243 

10.47 9.27656 -3.04488 -4.02526 
-3.03839 9.80043 0.927369 13.0922 
-9.39368 1.17207 -9.28408 0.110302 
-7.65545 3.12141 5.89027 -10.8154 

-0.351106 6.60668 1.9141 1.53551 
-3.20079 -11.3533 -3.05037 0.502586 
-9.59415 9.51349 -9.06415 -1.68846 
-14.237 -7.39929 11.5367 1.01326 

1.92119 -4.89738 -8.63291 -7.53136 
3.39282 -9.27977 -6.81112 4.0823 
-3.32397 -10.8272 7.62938 -4.98091 
13.493 8.52285 -10.3409 -7.3399 

-10.552 10.2162 1.1414 -1.73273 
-0.968984 6.18195 -3.68652 8.59115 
-10.2934 -10.2874 16.7132 8.32069 
-9.69059 -8.91877 -11.9558 -2.91704 

-0.580085 -12.5473 -20.675 -18.4233 
-15.8963 -24.5835 -24.4662 3.07319 
19.8354 22.2186 -8.47475 9.13348 
-17.9018 7.42518 -12.0439 -2.8731 

