382.48258999999996 5.684341886080802e-14 382.48258999999996 5.684341886080802e-14 0
382.64736490399997 1.416247612771377 383.232670084 1.8971672962420802 5
382.504002752 2.669222936838987 385.397824838 4.770551072936842 10
383.193543656 4.158609757325282 388.17910490200006 7.812279819998003 15
383.92958059599994 5.785205747285653 393.39532715 15.236676641295423 20
385.08684420000003 7.162158543258892 400.20469633 20.54617252258668 25
384.888209528 9.090218526241152 406.24243547 29.67445406234607 30
386.491817094 10.686807194809283 417.419426464 41.731976594455354 35
387.444362954 11.34756980574332 431.11642481600006 61.13284103601964 40
388.764259984 13.852690899908842 439.50838503200004 71.49419655104278 45
390.446569214 15.788682679817994 457.594426936 92.8474308340555 50
391.185742666 18.003769205258305 463.781941438 97.1580897879017 55
393.874991894 18.8965899416115 478.223747756 112.295716351602 60
394.691036044 21.44213236102743 495.07805963199996 132.39376194175773 65
396.988995124 23.65141422915709 517.9752960019999 169.17287627527685 70
398.87479335 23.97448533387787 539.7080519799999 184.90636421840776 75
400.913772824 28.516207489261724 565.189638954 212.31506542820193 80
403.72143376599996 29.59749354090104 576.4970022219999 234.53082948271918 85
404.91765421199995 31.431159549047862 598.4362730040001 257.06615670317825 90
409.07191399399994 35.444879074619415 622.422891998 291.5534143171793 95
410.87181493800006 36.08533963676373 652.3726476100001 316.810139934092 100
