1.03198812 -0.0228383 0.05324626 -0.0026370 -0.0033231 -0.0242339 -0.0472486 0.01813779 
-0.0212940 1.00952002 -0.0128271 0.03361370 -0.0444775 -0.0097207 0.00039174 0.01371957 
0.04881119 -0.0768238 0.99081826 0.03477976 0.04597105 -0.0351852 0.02778336 0.00698861 
0.00038921 0.16609039 0.03463974 1.02091054 -0.0478355 0.03559847 -0.0031147 0.01526674 

0.95598517 -0.0276889 0.02016144 0.01019615 -0.0303823 -0.0508621 0.01386127 0.00585689 
-0.0263254 1.02641678 -0.0024117 0.04416756 -0.0355528 0.00140600 0.02309151 -0.0211817 
0.01374701 -0.0583683 0.98111635 -0.0110211 -0.0074731 0.02355471 -0.0257715 -0.0046770 
0.00980640 0.15958916 -0.0083478 0.93420267 -0.0172700 0.05207400 0.01958025 -0.0325001 

0.95023693 -0.0301161 0.04989842 0.00467677 -0.0043375 0.02862203 -0.0138294 -0.0381776 
-0.0287766 1.01937770 -0.0095168 0.03091119 0.00841619 0.00986386 -0.0276799 0.01726324 
0.03812227 -0.0602491 1.04923905 -0.0118906 -0.0392939 -0.0375038 -0.0372084 0.00974134 
0.00672492 0.12909499 -0.0086144 1.02570240 0.00280025 -0.0222465 0.00147549 0.00815541 

0.99375072 0.01728780 0.01612260 -0.0141378 -0.0354523 0.01430258 0.03263685 -0.0024335 
0.01801369 0.96610041 -0.0043946 0.05229529 -0.0185147 -0.0121981 0.03698135 0.00184603 
0.00368277 -0.0470283 0.96735360 0.01342209 0.04080286 -0.0069702 0.00343954 0.03202767 
-0.0107339 0.12906377 0.01938312 1.00478663 -0.0107163 0.01691287 -0.0178796 0.03754571 

1.06396233 -0.0240360 0.03255182 0.03388304 -0.0260964 0.02920720 -0.0028095 -0.0516019 
-0.0232933 1.07763785 0.04029305 0.04472351 -0.0002238 0.00772012 0.00941426 -0.0123000 
0.01961495 -0.0035132 0.98948445 -0.0002262 0.01582101 -0.0060587 0.00870782 0.02510351 
0.03362136 0.12250900 0.01133632 0.91301969 -0.0106008 -0.0049687 0.00681882 -0.0218134 

0.95179356 0.04107882 0.01952069 0.03625404 -0.0256584 0.01139720 -0.0046900 -0.0032820 
0.04145909 1.05443014 0.05724923 0.03225759 -0.0039264 0.01300170 -0.0033780 0.00690926 
0.00206165 0.02168793 1.00619848 0.01009116 0.01129804 -0.0342057 0.01956832 0.02985145 
0.04070125 0.09186558 0.02351896 0.93762782 -0.0112994 0.01206713 -0.0142951 -0.0048064 

1.00899613 -0.0327764 0.00611992 0.05101116 0.00148621 0.02309139 0.02022632 0.01260144 
-0.0313806 0.97929234 0.00768048 0.00396396 -0.0054153 -0.0060035 0.00639082 0.01378897 
-0.0092074 -0.0194050 0.94851785 0.02710434 0.04342865 -0.0603237 -0.0326418 -0.0093155 
0.05038374 0.04337346 0.03678531 0.98983071 -0.0159600 -0.0005407 -0.0088686 -0.0232592 

0.94661058 -0.0298385 -0.0020585 0.00230698 -0.0200525 -0.0174083 0.02460759 -0.0103600 
-0.0290784 0.95862515 -0.0163802 0.00984288 -0.0254379 -0.0180238 -0.0164730 -0.0044813 
-0.0170537 -0.0358227 0.92207231 -0.0157041 0.00957849 0.01417680 0.02882648 -0.0531640 
0.00218069 0.03376951 -0.0034559 1.03754825 -0.0357471 0.04804623 -0.0121786 0.02204949 

1.02175939 -0.0116011 -0.0438889 0.00641327 0.00583922 0.03376165 0.00116615 0.00170732 
-0.0108243 1.05066310 -0.0160714 0.04146460 -0.0063447 -0.0201121 0.02026278 0.01472002 
-0.0606500 -0.0324551 1.01626738 0.01000636 0.01063063 0.00916173 0.00969610 0.00353317 
0.00638691 0.05925204 0.02312163 0.99685687 -0.0439779 0.04645741 0.00925018 -0.0079522 

1.00447701 0.02463016 0.02653691 -0.0009146 0.01693833 0.01827373 0.00799939 -0.0234405 
0.02489126 1.00543936 -0.0010818 0.02869152 0.01819583 -0.0218960 0.02308810 0.00953327 
0.00769680 -0.0120277 0.98859271 -0.0400199 0.01993655 0.01945459 -0.0143342 -0.0013382 
0.00102713 0.03528918 -0.0279304 0.96454636 -0.0007987 0.00952127 -0.0119765 -0.0551297 

0.96357447 0.01289749 0.00867405 0.02151601 0.00697985 -0.0315948 0.00474125 0.01703660 
0.01303534 0.99349889 0.02440350 0.00159805 0.00027445 0.00220711 0.02251476 0.01892920 
-0.0104281 0.01521910 1.02782680 -0.0363276 0.02245197 0.01556265 0.00582954 0.03259441 
0.02211178 0.00194368 -0.0219994 1.02610587 -0.0294814 0.03524118 -0.0325600 0.00161362 

1.04715926 0.00315124 0.05407429 -0.0273885 0.01363240 -0.0082545 0.01392167 -0.0116771 
0.00318275 1.01880763 -0.0234950 0.04144670 -0.0043011 -0.0164583 0.03906063 0.01744035 
0.03308480 -0.0284977 1.01161669 -0.0217465 -0.0152294 0.00253518 0.00309820 -0.0206601 
-0.0269226 0.03231651 -0.0084422 1.02147309 0.00248322 0.04077709 0.00286438 -0.0137376 

0.99868811 -0.0083601 -0.0042709 0.00586707 0.01123447 0.01016085 -0.0046478 -0.0132236 
-0.0081477 1.01889373 -0.0069252 0.00906798 -0.0026537 -0.0336514 -0.0197158 0.03503514 
-0.0233315 -0.0041896 0.94162388 -0.0017423 0.00016977 -0.0167638 0.00384592 -0.0170769 
0.00642950 -0.0144171 0.01283303 0.97818863 -0.0306849 0.02519247 -0.0058044 0.03926654 

0.98134961 -0.0056857 0.01927792 0.01156377 0.02545344 -0.0059212 -0.0126656 0.00070200 
-0.0057674 0.99097907 0.01454370 0.03948970 0.03559513 0.02857467 -0.0094056 0.00648189 
-0.0008818 0.01504281 1.02325654 -0.0113296 0.00184226 0.01627857 -0.0181192 0.00086424 
0.01095615 0.01765000 0.00420096 0.98982098 -0.0437112 0.05828110 0.05705826 -0.0162730 

0.99212632 0.00889502 0.02129075 0.00716663 -0.0045717 0.02387924 -0.0115947 0.00066807 
0.00969607 1.05833020 -0.0373151 0.05003827 0.01624967 0.01810771 -0.0316830 -0.0197587 
0.00071719 -0.0323725 1.00141346 -0.0085882 -0.0133605 -0.0524404 0.02036037 -0.0051493 
0.00767972 0.02216308 0.00495959 0.99081023 0.00765196 0.04432879 0.02635265 -0.0035682 

0.98896154 -0.0121548 0.03888897 -0.0033166 0.04720927 0.01070693 -0.0537325 0.03652216 
-0.0118342 1.04106348 -0.0275085 0.06963186 0.05849952 0.04998718 -0.0299079 0.04310781 
0.01851360 -0.0186822 0.97530588 -0.0130597 0.02893362 -0.0085837 0.00185002 0.05046618 
-0.0026519 0.03181626 -0.0015510 1.02776615 -0.0251761 0.00734036 0.01623537 0.01923841 

0.98038534 0.01562502 0.03273998 0.02645195 -0.0114394 -0.0101822 -0.0552533 -0.0114886 
0.01697752 0.97613857 -0.0492311 0.01369582 -0.0235193 -0.0220767 0.00729004 0.03679798 
0.01129647 -0.0393004 0.98380333 -0.0193554 0.02644685 0.00173684 0.01302125 -0.0014536 
0.02832445 -0.0229534 -0.0041292 0.97179845 -0.0540112 0.01294987 -0.0008601 -0.0267063 

1.07126332 -0.0088382 0.02508361 -0.0165767 0.00942691 -0.0348673 0.00368178 -0.0015538 
-0.0096456 0.98690333 0.01264211 0.03987351 -0.0211589 0.00626952 0.01945867 -0.0104304 
0.00581608 0.02242002 0.98317445 -0.0010494 0.05182640 -0.0388751 -0.0193254 -0.0021754 
-0.0179516 -0.0001976 0.01030196 0.95282971 -0.0383247 -0.0004421 -0.0116838 -0.0059031 

1.02557851 -0.0134503 -0.0097776 0.03239343 -0.0415694 -0.0189636 -0.0111339 0.02603496 
-0.0133220 0.93146844 0.01513316 -0.0087584 0.02434775 0.02415330 0.02481200 0.04442165 
-0.0300545 0.02908954 0.95445305 -0.0600881 -0.0204687 -0.0474833 0.02513839 -0.0160929 
0.03550583 -0.0549932 -0.0504177 1.02568859 -0.0117676 -0.0127289 -0.0119352 0.01528145 

1.04319377 0.01415054 0.02368728 0.00115805 -0.0142641 -0.0434729 -0.0123330 -0.0310752 
0.01427205 0.98763466 -0.0207159 0.04749942 -0.0065845 0.01089950 0.00239947 0.02631739 
0.00373161 -0.0053865 1.00472137 -0.0275792 -0.0607380 0.00273504 -0.0028842 0.00682329 
0.00068883 -0.0026685 -0.0155764 0.94854427 -0.0399511 0.04512183 -0.0219959 0.01122029 

0.96782160 0.01021815 0.02044026 -0.0414822 -0.0170842 -0.0129855 -0.0043527 -0.0050535 
0.00818254 1.02456458 0.04265276 0.03233751 -0.0226256 0.01635450 -0.0010628 -0.0035970 
0.00098317 0.06067260 0.95334694 0.00277698 0.00267553 -0.0356886 -0.0149827 -0.0160152 
-0.0411079 -0.0269358 0.01199210 1.01933349 -0.0084440 0.01699963 -0.0076006 -0.0127224 

1.02357075 0.03011519 0.00860339 -0.0246153 0.01145380 0.00090969 0.01399574 -0.0474396 
0.02946248 0.98200901 -0.0103241 0.01638189 0.03154800 -0.0116424 0.02714975 -0.0314788 
-0.0103412 0.00758837 0.96029182 -0.0153669 0.03805457 -0.0395725 -0.0108170 0.02707706 
-0.0250472 -0.0379493 -0.0072503 0.93256892 -0.0004676 -0.0139312 -0.0144426 0.00810958 

1.03472447 0.02094213 0.01168210 -0.0043953 0.01202026 0.03062513 0.02512656 0.00399302 
0.02064938 0.99770668 -0.0057985 0.02160064 -0.0282018 0.00189265 0.00190825 -0.0181296 
-0.0073656 0.00935732 0.96807727 0.01069660 0.00361424 -0.0110075 0.00063433 -0.0013424 
-0.0052802 -0.0290233 0.02122805 0.98142303 -0.0181868 0.01811660 0.01208766 -0.0095419 

0.98391105 0.00196957 0.02591208 -0.0011489 -0.0143362 -0.0041487 0.01469928 0.00109069 
0.00259711 0.97049503 -0.0518887 0.06482916 -0.0030931 -0.0196162 -0.0185281 -0.0592024 
0.00723329 -0.0338023 0.94615863 0.01747601 0.00980614 0.00172850 -0.0183942 0.04411538 
-0.0024255 0.00901266 0.02691828 0.97741942 -0.0159150 0.00674705 -0.0072788 -0.0173803 

1.03333839 0.02292241 0.00764742 0.01554554 0.01384902 -0.0162862 -0.0294888 0.01352969 
0.02326111 0.98233571 -0.0163228 0.03605741 -0.0188264 0.01415494 0.00062260 0.01300207 
-0.0110152 -0.0033174 0.97662629 0.00384511 -0.0160038 -0.0091383 -0.0435950 0.01425395 
0.01361795 -0.0106128 0.01273617 1.00484237 -0.0345313 0.04362072 0.03726559 0.00710317 

1.00972841 0.01923411 0.02389065 -0.0130791 0.00268157 -0.0421346 -0.0209758 -0.0095771 
0.01929426 0.92819207 -0.0305800 0.04336835 -0.0009789 0.02736341 -0.0226826 -0.0143164 
0.00483064 -0.0181340 1.00215596 0.00880480 -0.0039102 0.02335843 0.01192507 0.04098785 
-0.0151266 -0.0017123 0.01632528 1.05076351 -0.0094912 0.00699223 -0.0164301 -0.0233035 

1.06467972 0.01347433 -0.0119526 -0.0000114 0.00681635 0.01892053 0.01250790 0.05301070 
0.01328539 0.98466780 -0.0109104 0.03840684 0.01131142 0.01832663 -0.0093323 0.02182970 
-0.0298122 0.00787415 0.97526380 -0.0303587 0.02213802 -0.0489169 0.03273388 0.01768177 
-0.0015727 -0.0179522 -0.0250032 0.99657873 0.01274158 0.06398848 -0.0213674 0.00103666 

1.02249482 -0.0094423 0.01597524 -0.0086269 -0.0110823 -0.0004843 -0.0003338 0.02436338 
-0.0106026 0.98779556 0.03673139 0.00959816 0.00312521 0.00948499 0.01278367 -0.0372592 
-0.0057145 0.05065302 1.04267040 0.02806135 -0.0029994 -0.0269303 -0.0162480 -0.0370544 
-0.0073640 -0.0392365 0.03317179 1.01798277 -0.0145029 0.02214928 -0.0198700 -0.0384780 

1.03204091 -0.0096003 0.04534940 -0.0288245 -0.0055682 0.00722619 0.00953322 -0.0258007 
-0.0105588 1.00723784 0.00621805 0.00557141 0.02390407 0.02651693 0.00201215 -0.0289541 
0.02613766 0.01934821 0.96642712 -0.0488859 0.01188473 -0.0079070 0.04072883 0.02459201 
-0.0285758 -0.0392894 -0.0447284 1.02681565 -0.0528285 0.03726899 -0.0167303 -0.0645975 

1.01862422 -0.0016783 0.01913271 0.01213812 0.01069440 0.00331806 0.00760513 -0.0076439 
-0.0018195 1.05207435 0.00325778 0.03046186 0.03057118 0.00646122 0.00158913 0.00627963 
0.00043325 0.01811619 0.94365542 0.01616863 0.01637056 -0.0082825 -0.0072664 0.00843148 
0.01105701 -0.0196985 0.02278100 1.04109065 -0.0403461 0.03186633 -0.0311160 -0.0099784 

0.97792931 -0.0014223 0.04545878 0.00222540 0.01379918 0.00826050 -0.0188025 0.01141269 
-0.0017436 1.01832533 0.00016194 -0.0034626 0.01636934 -0.0013295 0.01525277 -0.0126884 
0.02651044 0.01627486 0.98694801 0.01206717 0.03617641 0.03534378 -0.0213000 -0.0086644 
0.00021206 -0.0564414 0.01635883 1.00086539 -0.0113867 0.02179879 -0.0042742 -0.0203258 

1.03821534 -0.0111905 0.04409115 -0.0060211 -0.0271788 -0.0277726 -0.0270304 0.00177624 
-0.0116517 0.97399350 0.00319861 0.02235292 -0.0217055 0.03000563 0.01666486 0.00234409 
0.02510368 0.01654236 0.96697048 -0.0101916 -0.0065338 0.02166564 0.00772256 -0.0058544 
-0.0065204 -0.0241408 -0.0065822 0.99398183 0.00528344 -0.0033995 -0.0073006 0.00502209 

1.01755407 -0.0142056 -0.0329185 -0.0020540 0.01627966 0.01701001 -0.0031282 0.00325377 
-0.0148032 1.02378218 0.01269832 0.00900542 -0.0417673 0.00803082 -0.0010801 -0.0216731 
-0.0518169 0.02733102 0.99625533 -0.0000740 -0.0116319 0.00382167 -0.0085149 0.03217428 
-0.0025481 -0.0382510 0.00288475 0.95189070 0.01817993 0.03161507 -0.0494479 -0.0344494 

1.07777427 0.03050932 0.01761736 0.01486644 -0.0458588 0.00080865 -0.0106477 -0.0010197 
0.03086382 1.06470729 -0.0157256 -0.0052542 0.01656105 -0.0012827 -0.0349328 -0.0113384 
-0.0029857 -0.0026801 1.04837361 -0.0320348 0.01538844 -0.0093094 0.00617906 0.02787642 
0.01504497 -0.0493069 -0.0275114 1.03661301 0.01401174 0.02171095 -0.0017477 -0.0089290 

1.03796940 -0.0156494 0.00048533 -0.0767373 -0.0038877 0.00292135 -0.0085667 0.00355529 
-0.0168189 0.99325357 -0.0232661 0.04399607 0.02386229 0.00165492 0.00433505 -0.0187361 
-0.0188333 -0.0164654 0.94990531 -0.0035932 -0.0049976 0.01085883 -0.0028829 0.00147542 
-0.0749447 0.01197577 0.00080456 1.01821689 -0.0667591 0.02245330 0.02654063 -0.0136588 

0.97443323 -0.0152211 0.02346249 0.00658483 -0.0079634 0.00417157 0.01744560 -0.0032509 
-0.0159222 0.98784061 0.02926008 0.01551253 0.01194879 0.02723337 -0.0072365 0.01481722 
0.00454322 0.04095296 0.96908319 -0.0142372 -0.0271782 0.01752337 0.00450622 0.04506107 
0.00589661 -0.0273161 -0.0126604 0.97614794 0.00930115 0.03060501 0.00546418 -0.0278009 

0.98506700 0.05989427 -0.0064735 0.05447485 -0.0105112 0.00545063 0.04406061 0.00295038 
0.06064297 1.03466851 0.00785973 -0.0094045 0.00431181 -0.0003725 -0.0215437 0.02647579 
-0.0255074 0.01601194 0.98401858 -0.0186741 -0.0138666 -0.0144199 -0.0074911 0.02400767 
0.05344694 -0.0431547 -0.0172152 0.98523518 -0.0344767 0.01106772 -0.0099651 -0.0187268 

1.00919112 0.00755044 -0.0115641 0.00144235 -0.0034739 -0.0025765 -0.0040333 -0.0239230 
0.00731329 0.97384488 0.00502561 0.02489143 -0.0127030 -0.0035143 -0.0007907 -0.0189059 
-0.0307599 0.01276212 0.99292543 -0.0034939 -0.0278679 -0.0079321 0.01279851 0.00044123 
0.00090443 -0.0107384 -0.0033687 1.01165842 -0.0093242 0.03194999 -0.0084425 -0.0018401 

1.04247961 -0.0135631 0.05019581 0.01005605 0.01119812 0.00984064 0.01128212 -0.0261989 
-0.0133578 0.95828520 -0.0062196 0.01136641 -0.0078125 0.00465375 -0.0178513 -0.0202786 
0.03004839 -0.0012119 0.98577049 0.05365842 0.00772441 -0.0404400 0.03104150 0.01123878 
0.00905224 -0.0191091 0.05173105 0.96731477 -0.0112467 0.03893343 0.02428866 -0.0147740 

0.95862779 -0.0143302 -0.0224686 -0.0380930 0.03915908 -0.0081162 0.02360531 -0.0123669 
-0.0150497 1.00121376 -0.0116512 0.03948109 0.01310874 -0.0176759 0.01093547 0.03865219 
-0.0413590 -0.0024149 0.98833225 -0.0113298 0.01393331 -0.0214370 0.04366094 0.03915052 
-0.0383936 0.00249215 -0.0112620 0.96642405 -0.0284053 -0.0012526 0.00509375 -0.0025120 

1.02756018 -0.0372574 0.04727765 -0.0050617 0.03460879 -0.0064588 -0.0044653 0.02558499 
-0.0376733 1.00585756 0.01404516 -0.0031444 -0.0001056 -0.0013895 -0.0146573 -0.0244229 
0.02741054 0.01552674 0.98178089 0.01554633 -0.0083728 -0.0232453 -0.0244614 0.01832516 
-0.0052683 -0.0263816 0.01716264 0.96517483 -0.0193442 0.01551780 -0.0264248 -0.0183856 

1.01897631 -0.0251752 0.00290612 0.00794963 -0.0015786 0.02432061 0.01891684 -0.0036081 
-0.0251476 1.07447641 0.00504688 0.03838790 0.00449501 0.01378671 0.00835553 0.04061490 
-0.0170263 0.00680675 0.98431334 0.00262943 0.01426768 -0.0303788 -0.0036168 0.02561325 
0.00818383 0.01646813 0.00143919 0.95778752 -0.0069430 0.03073382 -0.0245378 -0.0034500 

1.05028972 0.02020172 0.03089118 -0.0116401 0.02245871 0.01937525 -0.0295173 0.02136601 
0.01993265 0.98345510 -0.0015569 -0.0019063 -0.0075227 0.01671166 0.01925005 -0.0073196 
0.01259017 0.00163784 0.93936958 -0.0136157 -0.0128403 0.00115251 0.02957194 0.01272019 
-0.0118158 -0.0264572 -0.0145051 0.97874070 0.00882047 -0.0044331 -0.0053616 0.01851282 

1.04382977 0.00708190 0.01132564 -0.0086654 -0.0086716 -0.0022489 -0.0126170 -0.0200811 
0.00737197 0.99793641 -0.0262003 0.01099555 -0.0176965 0.01100669 0.02851438 -0.0015022 
-0.0080082 -0.0223521 0.94722257 -0.0028449 0.00593657 -0.0347533 -0.0007732 -0.0041515 
-0.0078485 -0.0144826 -0.0033895 0.98158491 -0.0212551 -0.0184297 -0.0037679 -0.0651868 

0.97171960 -0.0243956 -0.0018940 0.01741141 -0.0486032 -0.0125845 0.01605827 0.00859882 
-0.0239521 1.03236594 -0.0077763 0.02144728 0.02254913 -0.0426765 0.02765898 -0.0056708 
-0.0208798 -0.0048063 0.95779912 -0.0036271 0.01524403 0.01850554 -0.0092753 -0.0188033 
0.01736807 -0.0028452 -0.0041006 0.97293621 -0.0114802 0.00262131 0.00505232 -0.0294899 

0.96681698 0.02022788 0.01631628 0.01059379 -0.0318925 0.04978006 0.01465980 -0.0490902 
0.02109167 1.01018204 -0.0321114 0.02274017 0.00442434 0.00505805 -0.0243417 -0.0159482 
-0.0039357 -0.0311312 0.95855856 0.01756127 0.01851026 -0.0176192 -0.0182188 0.03212512 
0.01205811 0.00185227 0.01542634 0.99619124 -0.0061915 0.02606180 -0.0192013 -0.0395801 

0.96235822 0.04088984 -0.0143047 0.03078066 0.02595475 -0.0052282 -0.0517912 0.00531338 
0.04139198 0.97600375 0.00593547 -0.0215577 0.01719405 -0.0179762 -0.0186707 0.00527718 
-0.0340025 0.00650833 0.99067179 -0.0276163 -0.0138847 -0.0136473 0.02934499 -0.0107687 
0.03161535 -0.0407689 -0.0289688 1.02363702 0.02324994 0.00103437 -0.0524672 -0.0100762 

1.00003889 -0.0138022 0.04241125 -0.0010681 0.00932962 0.01447691 0.03035773 0.02277810 
-0.0144013 1.01429477 0.02926869 0.03504445 -0.0014417 -0.0284719 -0.0018862 0.02701057 
0.02377608 0.02843860 0.92413471 0.00460964 0.03800288 -0.0249887 0.02426382 0.02565930 
-0.0015157 0.01885164 0.00360361 0.97045775 0.00800563 0.04555689 -0.0189350 -0.0144273 

0.98677975 0.02536603 0.04593203 -0.0033646 0.00267171 -0.0072956 -0.0040853 -0.0165993 
0.02412814 1.01065274 0.05443071 0.03442777 0.02191229 -0.0202503 0.03974528 0.00257026 
0.02571498 0.05855353 0.99151945 0.00512539 0.03568261 0.00796461 -0.0114513 -0.0193866 
-0.0033407 0.00646961 0.00280157 0.98566447 0.00554264 -0.0285796 0.01952613 -0.0398690 

0.97830246 0.00753511 0.02319650 -0.0155945 -0.0294394 -0.0180523 0.00012085 0.01359031 
0.00734822 0.97912513 -0.0080447 0.01362976 -0.0244859 0.04210626 -0.0096959 0.00315796 
0.00344976 -0.0053557 0.97291459 -0.0181770 -0.0198507 0.00417261 0.01222153 0.01753012 
-0.0147004 -0.0088241 -0.0223918 1.00966967 -0.0514423 0.02586142 -0.0607647 0.03818843 

sysiderr: 0.4642
ptb_coef: 0.0500