3.08603 -13.5419 5.66551 -0.498996 
-3.75682 -10.106 -4.89864 8.80845 
-13.1035 7.2643 5.4152 -0.178656 
8.44543 0.680768 11.6766 12.9644 

-8.42091 -7.17243 -8.41452 -3.10313 
-6.13555 0.106388 2.78592 6.78187 
0.22177 5.32316 -14.5439 6.04107 
0.273092 -5.41416 0.134684 -4.79365 

-2.77178 10.865 -11.0118 8.94075 
3.69143 4.63821 -5.63153 -9.89349 
-5.62588 -12.7313 -7.20777 -1.59899 
-13.0945 11.7919 -2.36181 -0.223082 

-0.04268 -9.19602 12.0708 -8.53562 
14.7169 -15.8461 3.04927 0.952168 
9.07771 8.48979 7.84861 -5.67223 
0.00532022 7.93452 8.69014 14.6947 

-4.85904 9.34541 4.3385 -3.4203 
10.4953 4.29988 3.68544 -13.0543 
-2.08332 19.9696 11.3341 10.5308 
-7.47387 -5.77715 1.23336 -8.78716 

-19.8719 0.475562 -5.08623 -7.71712 
-0.316181 14.5282 -7.49879 1.96873 
1.52895 -2.64634 2.6711 -10.0047 
2.85448 15.2873 12.9166 4.25704 

8.60532 -8.68061 7.03226 -6.57016 
7.05783 -10.0375 -6.33565 -0.582596 
7.68164 3.0761 -2.07332 -2.04871 
0.400748 9.75123 -1.11188 -11.4253 

-9.72118 -10.4621 0.70314 -8.37961 
-7.557 -5.38708 6.40858 10.6272 
13.4647 -11.2347 1.68337 -0.374051 
3.89753 -7.81291 -12.6094 1.83533 

8.99063 -6.17807 6.83032 -12.1292 
12.5698 -5.2043 3.00627 4.97776 
-1.04471 14.0469 11.2318 4.30832 
5.7313 10.438 0.969484 -1.37909 

6.43338 11.1915 12.0335 -0.491858 
9.77714 -11.7894 7.23252 -5.02539 
10.2272 9.42455 -9.60141 -1.78835 
-5.78611 -2.48057 4.53102 -12.7076 

-3.93897 -9.04529 12.2543 -10.7552 
-14.9806 3.57074 7.36863 3.84865 
-6.73135 12.7953 -1.546 -9.05004 
11.399 6.71078 11.4903 6.62276 

15.9298 -3.39157 -13.6867 1.94449 
-5.77287 -0.643707 -1.25786 15.3201 
10.4472 14.5484 4.05659 6.02372 
-15.2176 6.26726 -17.0162 -2.187 

7.35933 2.53884 -8.86013 -9.08785 
11.6514 -9.76471 -6.89628 7.62513 
-12.1993 -7.50132 1.37275 -1.91713 
-5.95843 8.20385 -10.0419 4.20335 

8.47611 9.84998 -4.08427 -1.53715 
-0.193217 9.56909 9.91224 7.10304 
-0.281527 0.683422 -13.3002 5.67062 
-7.29182 4.27443 -1.8339 -3.01708 

-11.0563 7.88676 -3.45235 2.80249 
5.9187 0.504946 -6.98851 8.19724 
-2.92357 -7.73019 6.70999 11.652 
2.47254 -12.6294 -6.98556 -5.54836 

-1.43197 4.36856 4.54528 -11.3866 
-4.81585 12.9248 -9.27214 6.68356 
-12.5397 3.21283 6.59507 0.95297 
2.66189 0.0291058 10.5047 10.2631 

-0.755788 -6.83288 2.96514 -11.0193 
-4.40998 -8.2427 -2.20405 2.70698 
-12.8678 1.86882 4.94804 3.75225 
-1.03206 11.572 -2.63603 -6.17124 

-2.64653 -1.46427 5.6452 -12.3432 
-14.581 -1.98245 -5.233 -4.78581 
8.62803 10.1129 -6.67375 -12.1955 
2.09794 -9.3178 -5.28078 -3.95269 

-11.4378 3.52533 -0.374356 1.18002 
0.0597323 1.41116 -9.11065 -5.25432 
-2.55675 9.73343 11.1443 -10.2338 
8.44872 9.89284 -2.22373 6.57787 

-3.51211 -0.997634 -11.361 -2.44942 
-9.51422 -6.37086 -3.69932 9.4344 
-9.3711 0.797399 7.68866 -11.5496 
-5.8817 16.7622 3.28584 -4.48167 

-11.2415 -11.6066 0.00666137 -2.29203 
-9.30282 5.19411 -9.46209 12.0473 
-0.710788 0.0745071 -6.18934 -8.70425 
-0.560946 -0.254164 -7.11298 -13.6415 

2.34383 6.13608 9.41796 -5.41877 
-2.73744 -1.14362 -7.5895 -8.37484 
-4.7179 10.4034 -2.76653 -9.99197 
-12.5738 -2.52115 3.64778 -1.80005 

6.92655 -8.70633 1.15997 -10.0452 
11.1362 -0.845777 -5.49074 7.11239 
12.1927 2.38 7.75858 4.10699 
0.426895 -8.52817 -4.35093 -3.18072 

-15.1192 1.90424 -1.62714 -14.1551 
-6.48298 -8.39823 -2.83646 9.37314 
9.03592 -7.29952 -11.0787 -5.8891 
1.62153 -8.72497 8.33184 -0.0621165 

4.93401 -1.05189 -10.359 -7.57961 
1.65896 -0.571199 1.33237 9.87924 
-5.00992 -1.04085 -10.4155 2.23038 
11.472 7.96267 1.12389 4.52886 

0.483771 4.97762 -5.36212 -12.4548 
-10.6726 10.0246 2.70074 2.24591 
-10.2969 -12.2092 -2.54647 -2.45026 
3.83232 -3.04218 13.528 -4.20792 

-4.62609 4.7055 11.4033 9.10407 
4.13571 -2.558 -4.20674 9.14766 
5.48741 -9.9547 6.35316 1.66532 
13.4538 7.3666 -0.0615037 -4.09211 

-15.4676 0.941777 -3.51475 -6.52355 
-3.14621 1.7842 -14.03 9.04842 
0.0227755 12.9754 -5.91782 -9.35924 
9.16746 -7.89271 -6.34923 -5.00276 

-0.421521 13.8198 -2.94812 -8.83107 
-10.126 10.6805 3.39003 6.09603 
10.1959 -0.27022 16.6561 1.04151 
-12.9324 -4.75453 2.87523 -2.04579 

5.86792 15.0837 3.85172 -3.77861 
9.13612 13.7369 -6.42894 11.7596 
6.11185 -3.0231 -10.2212 -9.60755 
-13.334 2.47581 5.28232 -2.47876 

3.79482 10.2875 9.55124 -10.65 
0.212434 -3.9147 8.52488 11.056 
-7.43049 11.8004 -5.3818 -1.08012 
5.96346 -7.92447 -0.892171 -12.8414 

-14.9702 -11.8628 -3.73389 3.99288 
-6.13046 7.39359 9.05474 2.64778 
-9.18567 4.44749 -2.5195 -4.53945 
-0.393774 3.74968 -6.57531 4.98514 

3.78 -15.0101 -6.91775 2.43769 
15.0097 6.06492 5.00826 3.80046 
5.10167 1.38766 -9.3708 -10.4843 
3.36157 -4.49268 15.1901 -4.07018 

-16.4827 4.10112 2.99059 2.74593 
2.37827 -3.22239 -3.67393 14.9993 
-9.48657 -19.0537 -2.94945 -1.15794 
4.84663 -1.9429 19.8157 -1.63151 

-0.300872 9.21846 -1.15968 -8.23418 
3.83604 4.52431 9.37833 3.45617 
-12.8243 4.70237 -3.5501 6.4219 
-0.294987 -15.9608 3.19817 -5.68327 

-1.04095 13.1822 -10.6156 -2.4242 
3.28769 10.7235 4.8554 11.4725 
13.9385 -3.60416 1.86549 2.2382 
-1.73347 6.73319 8.56595 -8.61908 

-5.01374 1.61491 -9.72338 -14.3466 
5.19541 9.07956 -12.0421 6.19736 
13.659 -6.63607 0.375765 -4.22517 
5.86436 14.2106 8.62661 -4.89802 

2.79035 -8.57228 -15.1861 -6.62746 
-2.78961 -1.65929 -2.4543 16.8313 
-3.15092 -0.874471 7.15891 -3.64737 
-15.8046 -9.70759 2.42528 -0.0346435 

11.1123 -7.51395 -0.922709 -6.61078 
0.582972 -3.12151 -8.69143 8.75462 
4.26699 -7.73355 10.9751 11.0219 
-12.8954 -11.6683 -1.44444 -1.71602 

9.64472 4.73958 -2.95983 -11.5187 
-2.67388 -5.94625 -0.49143 -4.2135 
6.21046 -7.21035 11.1246 7.99007 
-9.4576 11.329 4.6204 -4.67304 

14.3775 6.41999 -5.10043 -3.93962 
1.90233 -5.97754 -10.5806 9.148 
-7.72515 -4.26785 -10.5647 -12.8882 
7.83378 -15.1696 7.74162 0.736056 

4.31946 -1.07296 7.69029 -0.520052 
6.14323 7.76731 -8.17974 9.3057 
13.8319 2.17322 -2.53828 -14.5964 
-1.5431 15.7746 6.35849 1.98742 

6.26167 -0.408626 -3.48381 2.96325 
16.4354 15.2216 4.71694 -9.26654 
-5.77465 7.00741 10.3151 0.996433 
9.94446 -3.80858 12.2571 6.68545 

-5.23293 -8.71446 1.66492 -2.28774 
-4.35698 -0.705179 -20.0173 1.43777 
-7.23451 14.2981 3.25798 0.48547 
1.2228 1.97555 4.51534 -12.4262 

-12.266 6.32078 0.767718 -3.81677 
-1.46168 -11.3426 6.15034 1.17688 
5.34275 8.34181 2.01257 0.652601 
1.13879 -2.21218 -7.67672 -16.2222 

-6.03233 1.72667 1.62074 4.69358 
10.6549 -2.65547 8.6849 2.06181 
3.41094 -10.4702 -7.57486 -9.94664 
1.66307 -5.84873 10.287 -6.73734 

2.11666 7.36755 -2.22539 1.0458 
-0.927592 -14.0688 -10.497 0.832564 
-6.46373 0.0917877 3.35414 -6.68786 
5.86062 4.36129 -10.096 -12.9552 

-5.86116 -3.65494 14.8662 7.90592 
10.2561 -3.68761 -4.08315 8.98168 
14.9883 -7.40112 -0.0324268 -8.75853 
11.4094 13.5964 -0.451709 1.77886 

-3.7769 8.12414 17.0469 -2.45702 
-10.3995 -5.51012 6.90301 -4.05382 
1.26404 12.97 -5.95759 1.00395 
0.263823 7.48933 -5.7882 -12.8839 

-25.3847 -14.4271 4.16249 3.41277 
-14.9185 14.8264 6.6899 -0.236549 
3.21169 6.11983 19.6526 -12.7541 
-17.9568 -18.6768 30.9277 9.99004 

