385.127083
751.107446
392.745757
526.459954
399.570155
717.498373
386.444592
610.540400
423.512742
427.801809
397.325002
561.246766
406.235171
575.726608
393.223857
521.512772
398.294357
1003.02045
394.854282
901.157725
408.318253
641.027267
393.846746
575.358068
405.291432
1083.69083
409.392750
553.571043
395.733964
821.160109
410.846841
557.060494
431.943210
1257.94741
417.456497
841.427547
405.400907
694.037492
384.916802
521.601452
414.522865
804.629388
387.254685
527.940931
393.861979
714.711281
416.874927
742.077415
412.587458
573.468006
402.851227
607.587125
410.336626
605.871379
387.844154
534.082478
389.167791
827.801690
402.604421
497.086435
406.976975
582.689763
399.696387
523.378784
395.766948
477.184801
388.587641
606.226829
397.790277
653.472188
386.191092
1000.44855
385.187688
911.878338
399.343526
457.166517
386.631362
639.101770
427.094568
500.803985
406.119754
488.882896
419.375016
537.206546
383.853972
449.572237
461.363232
1878.62325
405.433620
976.601854
402.226481
500.863168
412.787146
479.410720
437.412668
658.033302
436.452501
725.208839
397.236555
833.533848
396.837677
1328.14703
394.430654
553.371288
406.845738
690.032457
453.337146
877.893258
424.297485
994.666281
403.360545
464.607661
422.638513
648.243532
385.921106
582.088524
440.503824
1761.57763
448.285896
593.258822
415.784448
580.241151
386.109858
501.347822
388.639871
1070.47849
416.023718
905.949234
408.815277
526.102939
402.078861
641.074006
389.472454
744.483257
428.921726
663.995376
430.203053
899.422378
414.328347
896.282909
430.246099
495.304907
405.097175
916.251656
435.953086
604.270024
398.149962
1053.39409
391.433630
484.782482
402.352067
602.026266
386.831872
515.975217
397.278320
546.041577
391.759134
625.175504
395.919358
794.784736
388.615535
750.537888
395.379900
585.680179
412.990332
466.821249
395.686807
824.909004
419.173029
538.428492
390.794575
966.633757
396.425643
437.833291
405.789435
578.413149
396.234524
518.580718
394.172262
503.909333
428.233013
602.014734
391.733913
581.664896
441.623938
1201.40205
387.250521
453.398292
396.054479
525.698658
393.482499
588.161085
400.338943
838.270833
411.295418
511.136931
397.974540
1115.50645
407.932661
518.231097
420.063377
551.298236
393.662540
691.705396
401.756369
587.521990
411.840960
549.630195
404.920957
480.983277
429.935532
544.052215
387.380114
540.844892
402.997892
514.594688
399.494900
671.170662
389.187904
555.276620
389.548847
932.865615
433.089827
754.269974
400.540503
744.363227
423.093666
726.842934
407.031868
560.658832
440.354860
683.685554
387.738738
630.781072
403.318384
457.352395
408.326838
1028.23693
404.603145
728.249232
412.299162
703.744135
390.416460
502.555584
402.139688
1073.94184
381.369653
525.791074
398.487841
533.146613
397.443209
536.089099
402.200281
654.354348
419.462236
621.924713
399.074152
449.622755
393.172886
657.130764
410.269238
475.225030
384.637736
449.248809
385.800355
522.128014
396.232105
532.260430
410.867957
641.573878
396.108918
1105.79431
411.382496
694.569837
390.436959
493.161753
400.260710
529.213282
411.657298
1001.07169
432.665435
1295.68804
423.713964
547.972894
397.560740
525.860115
429.026372
531.619279
404.510820
488.684728
388.810738
628.714635
405.586586
696.536895
393.935567
491.994853
428.643102
508.428591
426.081189
874.143368
409.561634
566.932677
410.556513
512.476937
434.749558
669.116349
400.821431
462.294291
389.007850
603.518280
402.410028
496.046997
431.748378
600.452088
398.869972
636.640088
387.218124
476.244621
390.951849
566.368679
385.535409
528.804310
398.060825
520.533959
392.708100
501.099446
382.311170
682.042375
428.672145
665.169668
383.426711
505.217198
414.046958
534.600270
399.923068
509.515277
400.010542
520.122672
394.078265
615.933273
399.780411
473.491281
394.999830
579.506932
390.566274
475.079472
394.054510
471.896954
393.262745
456.154601
385.445068
460.617115
390.659278
599.600730
404.253423
704.958678
399.572619
493.212512
405.179486
568.076499
395.566027
1456.95411
379.754731
588.424745
450.318625
528.734487
390.061592
792.528647
400.752564
498.921645
394.893581
956.780397
388.248111
522.475571
419.219962
518.560954
391.546271
530.465217
410.369414
817.213911
427.672578
999.540505
395.730610
556.245870
392.507513
533.501106
403.420762
566.777559
407.714215
560.628069
383.429491
430.549434
403.259325
1189.54989
416.834043
605.755283
389.404533
752.359602
395.663649
468.960759
410.402889
676.036920
482.519309
1345.13799
427.840333
757.741318
422.160420
528.552505
388.958433
2404.68029
389.065181
482.611948
393.850954
916.139089
392.836576
524.543939
385.796629
521.104083
381.721476
558.833394
398.335836
652.845059
391.330383
467.852966
405.681223
525.091840
392.251170
565.914015
386.219174
879.390426
396.028800
493.550544
388.646860
463.896480
382.465953
1016.81268
415.749426
1049.22093
412.269442
716.569778
411.499960
1050.18116
453.205427
1675.34778
407.928688
788.095726
398.721545
423.240478
426.777992
1190.46058
407.635541
488.848893
400.229899
556.820624
478.262026
597.642160
443.273008
899.518895
394.937122
475.733543
397.528919
564.956666
423.447853
488.571036
391.834749
558.342324
394.119126
714.627552
422.468073
740.893085
428.719355
560.226436
417.380637
578.280344
422.459803
611.118365
432.653687
489.479057
397.489955
1319.68412
402.715558
640.506474
398.392317
512.715956
391.075345
479.610056
421.474180
885.742394
394.654910
532.481499
429.825328
884.686520
393.428325
595.796963
390.969586
630.495102
409.797318
459.166556
387.833463
970.226130
391.117142
699.162679
394.756904
544.728735
397.325058
505.280923
387.706039
717.639198
387.761150
674.868720
390.827776
553.177075
422.648400
1404.26600
399.500389
975.332496
402.185287
790.349896
399.485405
521.488817
399.390626
741.441547
396.239863
541.417242
417.232961
635.224505
400.682048
619.438383
418.831362
486.619755
407.023112
520.295845
409.427254
886.914663
394.580572
429.843379
408.231171
808.758889
399.602490
828.014598
391.015523
509.882175
394.291605
483.966577
385.288160
830.635964
389.359050
761.540564
396.472806
679.333576
426.606790
739.852148
391.563898
649.123230
395.056275
531.276907
384.277329
636.579637
426.341080
662.434076
412.933078
1211.01897
390.499947
698.467843
395.469095
1152.27033
404.959982
1389.39056
414.510064
748.376321
438.524045
475.184538
408.471554
1070.20114
396.450959
557.814226
400.914908
476.231628
394.956237
503.974631
400.631321
511.934594
404.239523
494.003564
398.192902
592.934677
395.122618
933.571189
422.030188
1030.79772
405.400328
852.008600
393.268362
721.828255
399.755193
440.721446
414.705338
540.028079
398.704212
1075.07189
409.039420
670.834842
439.828261
554.152428
394.883806
809.313583
388.381100
588.292898
412.802906
627.856342
390.990856
637.863920
385.224533
643.342480
390.430844
493.878807
399.877236
665.663293
384.374397
682.794493
432.916947
1104.59561
402.790629
586.712721
421.066128
836.022127
392.350872
515.901933
398.432555
542.593094
398.595898
661.111681
387.986364
651.944232
391.324459
471.849023
397.191578
807.967561
400.123132
590.712107
413.793821
438.736641
401.410987
932.461871
395.154112
656.734551
424.275884
1144.69513
396.418127
442.689872
427.402524
1381.76538
385.489552
437.693786
388.008612
411.465577
401.388553
586.780001
392.297417
765.216708
423.596472
559.124235
435.488538
533.314804
398.494120
788.815521
409.025797
993.584098
439.750675
1077.82114
404.628405
813.146143
426.003036
706.701732
403.579941
1002.18184
413.534253
959.616220
407.643684
526.883942
393.771677
753.698947
408.936109
918.106343
391.989154
744.314617
386.930283
473.556793
402.917255
429.979355
392.262622
944.514517
386.488020
676.653303
397.293741
511.555299
414.849180
520.383586
399.829329
694.023374
390.210047
547.858535
415.133448
774.018317
419.632853
523.024721
399.302474
560.509086
438.230251
480.668616
420.515674
554.463300
413.092846
474.548074
388.559023
615.523702
446.947186
991.508731
387.740683
475.110280
395.178346
432.724804
385.197026
464.660936
416.760496
536.263335
400.387835
629.893498
418.761000
553.231472
404.050185
619.070423
459.410746
954.824713
415.648826
505.280528
393.786657
496.570925
398.483113
609.662051
400.580846
510.275894
402.215563
679.283365
392.055254
487.106620
388.707616
929.448609
413.267016
575.265854
404.079680
602.403832
458.693649
489.426394
403.822399
500.124417
387.341176
512.935391
397.196434
537.459603
392.653343
748.756667
410.354583
1056.89204
415.240945
848.548356
413.275796
666.782972
427.564567
488.097202
399.504181
758.908533
385.783324
492.181942
416.279743
1057.54726
420.955895
532.165834
382.616265
557.297681
402.543378
743.878149
403.162656
611.444668
420.129249
525.920866
466.018865
1227.42370
399.321416
687.059111
396.213777
545.765557
398.327029
503.776600
397.721160
949.541398
397.840104
539.121964
396.011829
578.082654
405.567346
675.259232
448.970898
1274.77153
398.762723
1080.60352
386.745400
721.366637
384.694078
518.459956
438.446545
532.709396
444.966588
1107.24084
416.275624
565.180839
397.590043
617.997083
391.394930
566.456496
416.993923
676.270097
389.207376
482.275302
394.021421
487.758620
398.650784
523.281710
397.134238
483.958763
417.293600
864.550960
423.705709
932.800965
403.711127
799.634943
422.961076
546.521202
388.236269
579.278691
399.303433
482.612313
384.176285
590.616422
413.614779
534.765185
392.485364
662.574974
412.420785
723.675959
407.014635
474.878611
392.212088
504.670799
395.994380
544.921749
404.751264
1070.17320
417.048445
452.765617
401.403601
465.289014
396.824097
607.206968
389.216195
477.417065
386.691400
420.870811
398.732553
1353.16135
394.677390
572.791879
391.247117
525.621502
385.977694
759.725769
383.953835
717.873055
396.888882
521.479365
414.003897
1353.59255
403.245977
516.483480
386.087677
642.282463
406.548065
525.766405
421.338267
978.527751
437.962523
675.747687
423.378764
610.178539
410.228982
470.810756
399.065934
495.595018
408.601158
793.424270
401.583294
796.115611
402.314614
584.496633
388.856160
577.926003
388.597221
660.007460
426.700639
609.210255
400.333683
776.907844
413.813187
490.021982
391.343818
496.797294
386.112105
686.562313
392.995750
511.396523
391.102384
1422.41028
415.048839
547.846227
385.343525
498.428451
412.541117
1050.36282
393.073915
1481.07375
409.642485
610.271484
392.116011
570.685729
420.021999
887.758436
406.968010
457.556232
412.057395
450.952160
397.993572
542.572526
433.407478
777.243218
390.279716
501.538046
396.672989
789.516767
396.389065
524.989764
420.128888
1059.72802
390.022743
607.440131
399.510744
762.721304
391.221245
638.944873
398.252545
496.442266
386.674028
560.537601
395.690903
662.927118
421.601958
583.775137
400.247359
864.556425
389.644115
474.861491
391.175439
672.817837
425.555734
623.495772
397.995557
912.108117
426.249620
838.030110
419.472243
653.996050
386.712021
783.661347
411.439077
454.922674
394.691381
473.686459
394.042165
472.227190
399.644450
440.053307
390.293474
480.937039
391.637887
552.570260
495.327252
1371.35659
416.953951
961.984272
392.397388
463.912336
397.747114
517.923000
414.335074
811.387272
394.393411
707.276157
392.112071
601.435319
390.380108
461.589188
390.368297
776.159561
388.879537
609.479023
462.457294
1017.93430
426.038255
799.353030
387.930650
580.062348
399.134020
654.210325
394.337160
487.921642
389.684819
439.922396
384.598544
631.215583
403.837185
530.297229
437.054632
670.961185
483.556443
2241.86181
403.973389
914.059998
398.406230
639.438298
395.491745
689.631606
387.744254
602.460462
469.170474
559.711163
397.331293
753.877765
432.830508
715.692347
402.385856
552.021780
416.355924
506.210514
389.540387
577.562651
382.753978
557.147509
399.750984
616.270077
384.964720
480.745615
416.601541
1585.17162
411.630806
486.572026
427.065898
530.452860
411.740112
873.432206
392.525397
471.461694
380.619910
556.053351
410.723705
771.709404
391.225317
607.103937
391.204889
535.961720
396.896849
844.272581
394.639129
442.961233
395.856619
546.995967
391.763511
674.133031
394.099112
494.132046
381.975843
492.679678
413.820180
738.266868
381.881613
529.971528
381.039820
691.295723
416.516584
961.036386
405.511617
761.165158
382.896435
915.509556
404.915153
488.158689
484.487868
631.869494
384.809201
451.841352
469.853495
817.766017
422.490105
480.115353
384.897168
584.914314
387.999738
690.135014
378.870534
808.659694
399.995281
1108.43093
426.389957
572.049344
391.347982
670.574998
471.438578
692.137633
397.010427
544.182730
399.596252
494.713858
384.824239
666.112873
412.188980
1091.34059
391.341359
467.812348
383.496818
800.175304
387.186895
791.332334
390.554591
1033.53501
397.761708
1187.46566
402.010769
504.085712
393.771354
738.535534
387.227290
660.742118
417.983956
441.342985
402.101392
566.932300
447.431162
1397.11487
395.926202
667.840371
409.032889
702.686445
394.509493
964.485573
397.323719
514.203118
426.668897
2004.91871
394.636650
552.820535
396.420079
485.979836
411.996386
725.452653
401.548901
821.376875
428.265709
2082.28347
387.881298
483.851790
390.098167
450.031960
401.221344
754.013438
396.243361
614.054688
391.919860
649.090375
397.320889
470.420885
385.840931
965.760941
413.531866
506.209357
408.033734
696.696765
387.848452
930.947678
408.712308
882.199191
395.226448
435.840306
410.949617
1231.73107
384.309735
732.489723
430.472649
471.907304
398.628842
573.068603
416.170373
773.807379
407.312493
735.275618
423.530116
521.452934
398.431143
506.441726
393.236263
873.667414
386.145312
504.976802
410.292721
544.738218
397.619421
1103.82519
436.923278
1099.18029
402.610796
635.748553
387.203629
489.897385
394.935937
508.989073
385.661658
589.966136
385.037184
678.347520
392.205091
602.201688
395.943320
719.282561
412.697974
1042.71144
407.196504
479.707416
404.642975
1080.45959
388.902861
509.940979
419.106579
627.115638
399.518076
665.908294
417.180561
467.258841
379.117098
850.969784
413.262103
558.889686
409.762996
1442.75432
402.092214
947.794074
387.257488
515.138724
395.392202
727.852346
409.518701
487.956197
417.852792
600.562627
411.148517
541.850704
389.344513
468.919739
392.064377
953.154968
408.287057
712.747593
411.334647
709.553531
404.712520
1520.59753
443.390133
1062.16538
432.511017
586.662130
415.266164
813.384130
384.993611
561.675672
404.254792
508.783392
392.867403
600.088125
442.185130
467.892908
387.629426
618.767173
392.056297
553.881354
388.067646
418.679724
406.634715
682.871831
399.574677
1430.82945
412.974594
564.855676
410.580608
976.963351
394.117394
495.090346
415.345397
595.213712
423.305584
1543.54166
400.970469
627.946240
395.095840
562.728345
392.809876
497.057307
395.502845
527.274248
425.472830
486.002699
397.779964
547.781361
403.520175
625.558155
448.259811
553.253452
434.361292
701.487916
394.614993
535.999465
404.949834
506.564815
393.667469
463.229420
394.688494
811.251226
379.895276
790.002712
412.139026
528.249069
388.180039
542.235004
411.989647
587.427950
454.024796
939.052890
409.833206
587.626368
389.351714
1441.05986
399.086366
1571.56104
426.559448
509.507737
388.160209
523.854462
392.664158
509.932850
404.942128
487.279203
396.894543
571.628754
403.482202
452.573592
403.379157
530.899218
409.152230
581.630640
403.513144
431.837220
392.668218
498.924798
443.120447
1763.44782
394.817334
664.428458
387.780759
757.609463
407.595596
1342.66708
409.397947
461.354059
403.292182
470.977377
408.815432
837.451256
389.560311
564.101573
425.413929
587.955698
417.029916
500.005443
389.197729
735.882953
393.727045
865.687317
394.406974
517.577777
400.039435
566.080599
402.441982
951.817892
414.931292
489.767274
402.283501
575.257711
444.402797
674.791296
420.535075
849.134704
409.057082
574.269683
385.032483
529.228444
401.343657
499.078320
395.923161
520.460569
387.951648
720.781847
386.561719
540.774780
395.629848
804.035080
398.191621
751.929503
428.779035
985.160107
379.155437
1155.62707
399.947406
490.977331
439.119815
548.340769
402.264628
909.346727
392.186304
528.391679
410.162762
534.394527
405.528529
1057.68198
391.730669
741.420597
405.017814
576.907339
389.322081
668.142048
386.068181
519.629934
388.595107
515.464583
411.904839
1095.74780
419.068018
485.877974
439.531058
465.373311
391.311945
475.919377
382.525582
1007.16399
395.593647
782.140596
430.744875
558.742074
400.852094
1398.01899
393.118735
601.404518
415.981549
451.928648
381.595276
472.488126
391.411847
494.479363
412.500875
927.311527
393.855662
574.507272
388.459980
722.286712
404.328310
534.756346
415.295097
469.680296
434.482292
1197.84022
386.880534
618.664869
393.059649
637.690274
397.435583
504.114364
406.324513
555.848603
385.402483
1701.37519
414.603011
643.448667
430.123546
479.249525
387.479860
464.710163
384.910591
738.448954
410.654034
710.218415
387.423129
546.890705
389.528570
557.171967
401.462699
545.738634
446.087501
1081.15078
436.530480
1395.53298
413.306273
1254.08202
391.092409
539.365386
385.424372
844.003791
399.334159
426.283911
431.508887
530.158117
409.730616
522.425590
395.807952
1020.72895
398.454797
565.537477
420.971583
522.187442
422.732377
550.208869
389.121771
817.684824
389.913353
477.674862
397.404172
937.837890
388.314531
422.805810
391.332647
1051.75244
404.596216
451.226108
420.182040
705.577189
387.168480
496.630310
389.208758
1154.99888
433.334615
481.226170
409.977075
708.991616
408.190530
656.577088
397.049434
464.248269
405.088175
601.970475
406.644643
604.656049
448.824126
465.674507
395.280506
496.605531
418.482433
554.067297
399.707357
771.089429
385.508191
559.513408
392.892728
638.234254
400.442301
773.580519
396.498492
539.029609
396.503439
1030.36523
394.851355
535.411142
424.038611
655.170834
444.944194
533.942541
393.847947
563.266129
393.852621
455.340687
390.104206
542.399980
434.226540
811.358432
416.349694
448.185165
396.394034
507.622380
416.710687
688.056091
389.347353
545.214652
406.391612
498.472969
405.959731
500.542734
410.009518
508.371126
392.428602
644.678379
419.663089
1111.05629
392.635249
608.646796
391.454232
480.306487
400.616299
462.994266
401.672204
545.058677
413.757081
525.316890
383.549566
877.347228
391.160536
787.817965
394.888133
691.491152
398.529717
549.669014
401.255042
490.800452
392.576194
494.995736
425.842026
1110.91855
394.929646
914.627009
379.205705
1003.03145
435.262107
824.542988
390.746585
470.245231
425.171379
667.265603
395.032470
442.788772
387.204806
839.569975
395.658624
572.748887
438.724768
1347.00358
398.738072
517.061103
406.577524
832.574024
399.653307
500.713370
391.780181
955.722683
467.274999
878.395817
393.118495
459.117014
386.291640
482.515409
402.527488
450.060297
384.873700
458.643878
392.005703
850.332348
392.786944
438.796212
412.007070
650.316463
400.059610
898.108407
415.933561
827.980663
387.672189
546.341027
403.276116
427.754597
408.078754
450.502909
391.528917
711.441893
387.300284
548.801545
382.681712
673.646325
434.205678
494.464605
387.049870
613.227302
404.833741
888.907963
410.649729
942.694902
389.641272
539.007716
396.512409
536.512322
399.321624
620.280316
390.743746
649.633301
409.138779
1262.34164
398.985987
703.260499
434.276474
561.238919
396.135295
957.816437
435.687106
613.670285
390.728800
488.649182
425.968395
683.245336
404.412937
595.975053
411.080052
458.524385
429.098305
586.616575
402.291942
574.241943
394.586837
550.788075
448.806720
550.390086
401.858315
558.121126
415.057299
701.211600
421.214945
715.698868
381.985824
704.183783
416.411416
935.332328
396.850135
1152.71692
390.276066
662.163592
407.334040
729.630173
399.359429
819.861857
411.847853
1499.11091
387.870322
698.857937
428.364464
873.285229
399.189076
514.418650
382.415226
683.204587
444.568091
1497.57601
429.704945
1284.93780
390.954496
709.705320
402.579304
466.915121
431.462104
658.933665
383.742369
1066.19737
382.863701
473.357526
488.897561
1365.91990
390.711390
1662.31266
451.163106
582.332583
398.533519
544.370906
403.589210
459.972974
401.046659
526.763287
399.384697
491.561210
402.325484
1003.70381
454.081823
648.275292
403.861001
478.436513
388.193585
420.957045
384.384921
624.327051
394.991302
614.088181
394.765208
521.824705
399.918826
544.361789
434.571450
719.718351
398.510210
495.739891
399.670183
498.908889
391.181314
789.094258
412.705525
492.980907
439.023409
738.473389
407.238732
660.976428
402.310508
633.937161
407.653136
775.179095
415.177786
795.881103
438.635674
870.943552
397.449481
886.166986
412.780626
566.084075
418.366536
591.380502
388.860043
563.403109
409.769879
730.783833
399.549850
504.200706
392.474215
899.791348
402.052353
1232.73979
408.823775
552.486025
398.690385
638.896693
411.951377
859.508515
414.804239
513.812296
387.033760
703.980502
412.512892
677.200644
437.372932
535.457829
390.976703
468.206122
394.426735
714.440585
419.116465
781.315099
425.455674
559.486329
378.461639
661.518902
411.186750
691.574599
389.930443
632.292097
381.230677
558.116415
394.155568
528.065131
433.295386
753.641462
384.547116
508.340737
384.890550
589.588906
426.330244
530.927368
410.388090
442.142980
399.339459
1750.32060
422.916560
680.366728
400.789955
524.215371
432.448530
516.332271
437.305173
843.939987
391.195363
615.891798
391.198314
1070.59485
400.461302
861.355263
383.330728
562.206389
386.141743
721.944368
397.531030
623.079387
389.715940
826.034515
396.301460
672.183492
398.205560
476.471957
393.154022
903.769598
381.302993
457.065179
400.258672
624.749067
460.004333
521.424508
397.580607
460.724273
382.068221
544.151002
423.148680
1019.70194
408.950845
459.620924
420.958935
614.069120
436.912749
1568.92465
407.702365
819.205545
391.008367
425.866099
414.011680
532.299861
436.470248
1038.46157
397.170253
549.025508
408.890266
615.708288
412.514027
696.738289
389.481002
527.040357
378.176355
452.740026
449.747187
476.352530
398.404010
526.185614
400.666042
506.866610
404.147001
563.766967
392.378601
559.907170
482.744452
2097.75660
378.435973
503.680432
401.372735
1155.71621
393.415449
541.358404
391.542923
442.444076
415.626739
1504.75688
399.865611
567.383802
401.662136
695.681865
414.790064
822.989264
385.998583
488.022743
390.010581
593.791712
411.036696
472.277770
385.472202
539.166011
417.265734
541.826676
396.459022
494.274067
405.505938
719.348007
432.319283
560.699990
406.129007
469.899108
391.234271
438.836655
444.056704
779.085048
402.473314
463.937305
400.384709
1418.04727
402.537652
435.733557
404.419832
481.832900
409.288300
630.984096
398.175971
624.935379
391.233481
479.787479
383.220646
1474.90980
405.685888
939.818312
396.608469
513.846674
408.217551
648.069902
383.825470
437.292759
411.115276
791.492465
410.744806
963.859885
397.889379
580.227556
426.269809
446.971575
389.361418
1509.77028
391.055674
473.922300
383.179683
594.852528
403.363953
864.043418
396.890636
1191.38467
391.269563
500.555238
385.137388
483.021650
387.952893
435.550244
378.054977
831.855428
384.878960
745.424582
406.005469
762.088641
424.143324
905.749096
406.882067
904.608402
407.181874
769.598173
415.911410
671.602448
400.353114
634.221341
416.851488
633.419432
389.661470
522.267355
397.349880
754.579341
387.161719
510.158416
392.277403
538.663933
403.330370
479.749922
378.550303
643.057274
396.997259
1104.16892
397.040560
697.240509
384.851102
706.955986
452.551140
651.962955
412.355657
632.116338
395.300012
612.377296
403.800545
678.933214
390.318361
453.777855
433.090664
450.840932
392.668544
771.122050
398.168612
543.679417
408.736373
789.754399
398.676194
598.170349
403.131003
1209.32407
378.612782
864.063988
394.200214
593.700693
407.370897
497.451321
401.850612
657.373043
401.391706
843.646700
386.320722
614.128754
443.581986
567.420325
422.762858
900.635002
443.663810
766.773392
381.225242
516.481148
390.346855
513.152976
461.155024
554.894675
427.087981
1109.01391
428.223841
511.686902
392.907379
616.685865
382.354385
600.377238
432.452848
1029.17950
406.754387
762.014177
388.131618
699.659905
401.072422
689.245314
406.137154
473.518795
386.168156
519.164259
413.202617
546.265143
413.315902
699.700752
396.792761
1388.56138
385.003910
1707.44068
421.201369
807.445390
381.953471
833.388396
429.699771
456.926349
398.593990
660.220811
444.322742
1178.58967
420.670293
731.390952
387.083352
700.010022
437.458059
692.470778
397.448496
814.501438
392.659943
1052.35656
437.523172
651.360173
388.500403
443.302266
394.872789
582.502858
398.286249
672.996223
402.703021
799.826564
411.369485
895.118988
383.716401
879.483630
395.976075
618.019455
386.899295
512.206568
420.114000
536.657034
440.523266
605.945359
411.683237
1147.36124
402.223044
690.939139
393.951197
537.679780
386.201189
478.479319
416.588081
649.799505
385.694746
562.481178
385.495277
518.655459
397.645949
479.284769
420.031350
523.889145
388.669631
455.731613
388.941317
564.936403
387.641240
528.372890
425.639188
1311.96207
401.510702
472.758494
443.781175
857.751138
395.217082
695.786926
389.618020
510.058173
413.861067
1079.48957
411.107439
682.455189
409.290498
1115.66600
409.340999
474.665155
422.377080
603.623753
399.570969
652.744831
401.247052
709.297362
393.280047
454.461554
389.265866
866.497190
415.538922
541.873858
399.927294
572.949439
385.959367
584.591192
426.144613
533.680027
384.620897
437.104920
398.435205
766.503212
386.140658
531.299643
392.043386
1056.50594
381.521402
535.945833
424.789436
507.153118
391.261157
866.572311
401.564172
570.776724
422.677099
492.559920
414.169058
1147.52064
400.807126
471.067458
399.461028
451.571115
390.764642
565.150700
448.934142
1473.75764
395.950609
778.571102
400.290014
438.650529
389.541276
777.980119
397.111735
656.189335
453.662013
1779.45800
387.527108
563.659893
396.242702
496.878541
413.536966
598.669433
385.986347
588.875107
405.799805
692.166516
404.743324
570.988192
414.987747
775.412017
381.546647
447.203213
386.502656
579.808535
386.800852
611.994462
409.577870
450.733188
457.333823
728.926738
385.572684
561.251003
426.594950
742.887593
412.771643
519.998995
419.324508
1558.60938
403.869571
637.268515
399.569636
491.272693
468.251017
569.640525
407.676214
911.020963
413.403012
485.125563
398.417143
685.891551
440.864083
541.222334
399.776792
721.839563
387.126648
652.993687
387.629885
567.244947
421.758695
1700.45221
401.131242
922.409538
417.009917
708.348626
385.059303
517.690143
395.237374
580.316642
395.851261
779.168639
390.451130
550.414995
414.471920
1045.41905
397.802848
512.727021
387.865354
998.447747
397.741428
452.516105
411.535811
658.632278
411.250510
493.655514
441.429099
661.258256
416.082383
532.529534
380.848816
809.939995
387.825960
1474.40883
