1508.4788199999998 2.2737367544323206e-13 1508.4788199999998 2.2737367544323206e-13 0
1508.5642896250001 0.34698509117772053 1808.1661086000001 319.37845216794415 5
1508.8658361250002 0.6671768834703711 2509.23363515 917.9469405563704 10
1509.27556565 1.0723421354323377 3009.5206244750007 1165.5873988006306 15
1509.792951975 1.4480945809035872 3381.57842865 1372.1322626219228 20
1510.2438240249999 1.7474379569647227 3746.8814242249996 1464.9198968392752 25
1511.0568369 2.204887673418398 4130.9319832 1531.3650560039061 30
1512.0610039499998 2.502224597907409 4504.89859345 1625.5061990433537 35
1512.9665555249999 3.1247983380745987 4566.7508569 1568.274873243949 40
1513.9516737000001 3.7701211366867025 4810.5338911 1679.0173546563046 45
1515.8056746 4.123812034363942 4991.60555345 1590.4302837013945 50
1516.210608975 5.182849802421032 5357.597599950001 1555.7063888686728 55
1519.250870775 22.51813412446363 5500.17658435 1624.5999585070683 60
1519.6990304250003 6.105607319618953 5731.486482675 1803.5195213760153 65
1525.828382125 80.38981356543572 5782.65695985 1603.2896313761264 70
1524.1505309249999 10.42120351013516 6158.811365700001 1699.1689558081473 75
1529.1674611 103.11040974259656 6463.416033900001 1700.3360228945057 80
1528.200823975 15.816715650699466 6474.33235625 1693.944223066495 85
1531.8283265250002 34.65061669498533 6675.451584924999 1908.6752040632555 90
1536.35845895 92.58644777544026 6708.445087675001 1772.351471715652 95
1541.151294 61.17644321157521 7150.8872103 1919.5238016405676 100
