261.877649
346.756052
274.076128
380.248055
255.365022
472.537030
277.576161
594.423512
264.124913
432.756209
263.429557
622.619444
269.230967
325.057951
269.352507
1142.26652
252.778599
414.767155
288.596542
2314.30911
267.643257
517.613615
262.386834
371.302001
258.367899
366.540292
271.435723
625.320437
266.193129
321.748250
296.581907
356.076906
274.797941
1486.49845
305.223130
491.894738
265.070418
518.552880
265.227132
505.946735
275.481229
614.640381
268.203737
326.844109
262.669163
572.317725
273.490494
591.466606
265.184068
409.138881
272.321673
1146.63243
260.710754
343.020005
267.498470
320.766010
268.385753
516.761917
281.860918
382.234751
262.128683
387.979984
254.666452
1043.03628
284.274787
509.931106
268.999005
360.179800
269.625488
361.070249
268.665606
512.866050
268.102311
490.579797
270.392111
451.537089
261.565083
808.413415
259.994849
452.178235
270.240919
401.642646
272.513235
457.726755
271.024141
345.355525
284.495845
764.240155
274.500501
501.647223
264.954462
494.112313
260.936511
386.809986
267.313910
630.332882
262.731031
482.830027
276.527122
429.248003
277.816069
584.571602
260.745047
361.556629
264.807223
404.864155
258.562983
620.344649
267.574482
550.555059
269.433618
408.574399
263.390257
428.445690
274.667547
367.424778
272.265509
490.278241
263.930459
337.882482
270.219959
379.060626
269.984169
404.381613
278.017291
1359.62753
289.484578
1080.57318
269.149909
617.794719
265.128237
1016.73311
265.270995
532.013658
264.558695
1425.62482
272.504317
752.422485
260.725149
612.450680
273.932530
389.816123
287.359773
436.485459
274.246386
580.975146
262.924817
313.600115
266.758990
404.099362
267.201779
637.339109
289.544221
506.399554
264.967790
528.409364
318.783976
678.432002
271.135450
304.442729
282.161034
462.851326
278.523300
369.461199
266.032105
634.312178
256.117109
810.639253
262.686375
411.185837
281.097099
820.796403
281.799728
505.068670
275.493137
620.580617
265.962158
513.231509
262.678118
436.183774
267.534364
582.119795
265.279358
977.083119
259.468103
372.914856
257.881092
351.873617
271.918272
386.443522
265.362218
513.477709
265.121649
382.424315
269.121530
962.167600
270.741259
378.333215
303.622103
787.342514
260.604790
800.471791
267.242361
669.689350
282.328925
701.429895
258.390531
583.110736
278.295099
1683.89954
261.140351
405.640414
277.621076
420.377263
293.957645
1563.07419
286.015333
1015.00762
269.257935
447.080821
263.858533
1436.94385
273.199755
1139.82877
312.093553
1336.71648
268.646077
377.075711
268.935795
361.179662
262.126411
715.053207
272.682045
413.362937
303.186944
1440.10489
267.710818
865.676337
282.306812
740.920211
273.410859
398.538555
297.245332
550.271553
279.983941
582.095113
273.443205
501.184465
267.633115
674.020649
276.034541
649.584979
265.988128
474.011728
265.066743
833.781446
267.968428
777.324019
292.499787
431.855045
273.335943
1151.52479
276.871003
430.902606
258.584697
355.750857
270.955810
1542.45433
266.286668
515.096063
272.428895
414.585859
268.181090
1274.48039
283.775858
464.871280
283.722448
383.142913
283.434299
422.515308
260.070719
381.462649
300.272541
828.822948
279.731720
721.644059
261.230915
412.732541
277.671331
399.630908
261.122219
841.081449
268.422672
823.308317
268.397983
1112.00610
274.373625
815.430519
273.021505
913.670711
257.954059
431.429050
294.698566
435.035453
279.872289
421.048561
257.802368
585.602605
263.639258
410.133167
273.658711
359.826915
265.306579
466.441191
271.343623
369.966914
265.394792
388.493290
265.360374
428.041427
265.340587
557.073504
259.408186
402.403233
271.408159
555.692814
295.837297
1154.72880
265.494388
448.477368
263.017571
336.837296
275.397942
869.056912
270.315885
363.108434
259.829581
531.843819
278.686765
933.927555
265.247185
377.541754
261.084205
712.205072
271.896768
342.180547
266.887250
317.128167
279.029429
541.592867
269.566720
436.581718
264.188906
442.343436
265.358214
385.315932
261.189654
451.705639
274.173885
405.589210
279.127375
873.284688
276.363375
875.782551
272.001848
987.285421
265.486036
541.515889
267.459682
360.243316
282.433904
539.165595
258.638783
493.797678
261.762179
330.504649
274.869612
861.927181
266.401705
397.639705
284.879279
388.631331
265.571395
507.910477
262.774377
1301.31975
278.808735
2655.34994
262.462998
752.900688
262.319434
936.956246
268.277162
404.556131
272.670905
1160.59744
266.686805
370.028755
270.657579
451.061918
269.962953
350.167356
272.929785
437.444337
285.576444
530.053956
271.366112
876.762766
287.958217
677.489940
275.043402
426.277798
285.296386
498.243159
285.708618
481.749475
267.702186
1175.60087
285.774147
650.766203
272.806106
533.580549
272.547776
962.672916
283.884654
490.113806
276.570461
322.590017
268.230939
388.473985
271.208670
343.575742
289.735000
510.874737
268.308071
853.011777
268.963871
403.206157
262.436636
467.262870
290.512051
976.922598
277.573582
543.920446
272.473197
539.759306
275.950102
346.290975
284.937807
345.276105
271.565517
572.466279
274.675926
811.806767
261.786238
937.245477
273.208506
441.211182
264.754884
388.489296
281.875802
393.070256
271.559211
468.531939
289.812136
365.338436
268.276157
548.529048
292.975455
1688.19703
262.379863
358.816927
267.139912
926.322798
274.582869
469.936793
267.514295
912.946596
273.785892
681.851926
270.230038
355.255230
273.103599
484.944808
269.401722
592.789659
276.646802
519.651779
263.060159
424.880427
282.362600
427.761780
265.426342
476.427453
274.054028
617.500832
270.752762
379.858578
277.922719
713.098263
277.095787
719.005532
262.763504
421.514137
265.242723
398.501743
267.854760
722.557057
269.852599
551.302082
291.685510
707.283082
260.698138
393.071947
272.749656
854.587284
272.415201
551.489274
268.738590
957.370306
266.373942
370.694374
272.494985
349.383134
272.483460
542.877764
268.462680
408.850987
278.497831
449.530756
280.664294
453.661165
268.253154
584.395481
276.189448
876.523787
289.094093
856.967376
288.328502
527.045466
283.250525
877.256555
274.117985
1171.98233
266.715641
420.233672
335.432184
1288.68680
274.974091
1575.65928
280.860665
311.323387
289.185352
490.930455
269.396028
492.927602
281.391971
445.515628
300.857322
466.836094
286.017884
1533.38215
315.784895
560.834704
278.193393
909.691810
288.996281
1098.67515
268.021355
495.345229
290.416855
386.092101
294.164336
512.536933
304.814270
660.249743
290.654189
1151.39090
268.165224
531.744124
273.074944
792.771326
273.449869
444.414237
274.056408
478.427040
268.103482
409.521744
272.927601
433.031038
269.894102
920.531131
283.138145
360.207272
287.979184
428.107936
267.836307
696.781623
268.044778
395.738874
262.130124
452.459919
267.856069
752.066071
286.848400
570.941375
276.127114
410.327801
274.497343
350.050281
288.775263
653.598350
278.582369
525.405790
282.140475
591.854201
274.823676
917.596363
285.862276
355.792771
292.594250
1025.44883
277.592105
470.596401
269.852386
876.097448
269.266457
429.581441
267.484650
393.193247
280.154003
614.869593
266.639821
496.016201
286.421849
496.275824
268.338858
521.181009
282.922873
860.939843
303.361925
729.077093
284.330568
1526.25719
281.194989
597.115149
272.893990
311.724412
272.742548
448.335354
273.071141
408.415205
288.246895
557.065070
261.276936
717.448409
281.145257
484.541272
262.529603
331.094248
268.141737
365.035426
274.116586
459.781716
276.250752
436.435564
299.320682
1611.13546
279.982307
360.585368
276.879396
447.434710
281.359627
358.776977
268.777464
506.536418
272.732931
701.332600
269.984716
1022.71954
315.466231
401.638816
261.823786
437.434022
279.073599
463.694520
269.465769
599.159925
273.577876
1201.11078
279.740267
733.101233
268.553179
353.805603
291.771519
363.272134
264.696734
1393.10076
289.726072
1228.83892
264.044532
750.514645
272.911348
451.547664
278.320589
523.905659
276.395381
365.111590
270.790706
346.351641
294.256266
829.115386
291.273441
691.052232
280.392561
411.976585
291.319503
452.846101
264.372328
419.442610
278.124031
331.146225
267.139033
459.901814
293.839839
581.865110
266.447400
326.666821
281.373103
599.092900
289.347166
1050.82497
290.383027
402.547247
284.053111
424.264443
280.598403
350.703390
273.833852
583.734994
271.179640
848.998633
282.934300
368.584639
269.834339
440.301479
273.090865
419.621695
266.414837
510.730448
285.524398
2249.97629
288.022215
382.375437
298.259543
477.747600
269.040428
399.054019
277.206921
312.009356
272.174823
556.316393
264.814122
496.234859
309.965948
738.332914
293.037748
1683.33488
274.233106
417.426981
279.265276
470.482261
302.318645
538.943105
268.345284
506.770841
271.033579
328.708587
297.731904
503.711873
265.750105
793.028511
276.527553
463.607784
285.638933
836.391689
277.986835
379.967885
277.325693
512.436080
275.035106
400.632741
270.713135
649.722042
295.500852
1044.36800
282.032791
1815.63884
285.426708
1224.21507
287.599035
515.233779
291.860207
1102.75276
301.192866
353.386213
301.035640
411.996164
287.605955
424.186004
299.533483
1516.67048
289.027708
335.304581
302.469769
656.294621
297.054424
1469.06870
303.347427
875.594105
320.087344
474.383216
321.949264
3103.33713
308.865162
374.425683
305.163253
739.142857
290.980269
900.556960
314.673851
574.421630
301.048657
495.505367
295.428522
850.605846
302.786820
573.654624
289.287052
751.329985
285.857642
418.218921
288.045185
458.683915
281.288583
625.210308
280.969827
588.287657
282.635298
320.345273
299.554092
495.231850
299.628285
478.642329
287.411532
860.077183
285.002436
647.488859
301.385283
382.693597
282.704775
462.592952
317.333399
510.744390
298.094648
368.257504
282.295895
378.430623
278.337973
454.017124
321.392692
764.465611
292.603785
994.699150
286.139246
1353.74972
289.880999
371.283692
287.046480
368.803049
284.385310
366.920230
297.211023
423.717676
287.771344
493.743152
288.035780
420.173136
286.774745
485.025933
307.837023
561.559516
298.858831
766.970790
316.705229
504.139851
292.843173
344.540453
330.360806
433.084407
300.841975
445.307305
292.203810
410.443008
288.992382
437.290266
300.329279
726.003981
279.202853
404.547719
290.074187
451.087071
288.591312
378.131748
285.944518
384.657879
285.596899
346.017442
276.848394
919.879449
278.445031
520.367342
288.401249
368.144054
300.097814
679.677572
290.335521
346.848742
278.779799
544.659179
294.570433
345.972751
284.008941
471.630770
289.640439
568.617317
293.122284
563.736618
302.684299
578.107812
296.858934
380.713207
302.459537
413.561815
282.594020
574.020092
282.262305
473.410409
317.099978
684.342488
294.868486
805.874271
341.738398
341.799876
292.128201
424.187241
307.339978
406.130845
294.492265
492.634957
287.543253
1365.12875
287.854291
351.669297
293.141980
373.383075
283.740423
395.478788
290.786052
378.136552
300.750205
1384.09940
294.810760
364.521715
318.933294
375.543140
286.392231
380.937684
283.675798
398.158456
298.190141
1030.80001
277.379864
1100.06656
287.424662
476.103418
286.600079
366.573987
282.870068
370.970929
284.196791
360.694962
283.672768
450.669682
290.453722
387.499256
280.656535
384.944465
294.716498
318.487296
290.338052
352.926948
298.415922
903.483864
283.574012
489.171416
313.612895
363.233223
296.906683
521.215314
286.086642
625.329934
283.662276
393.036344
296.548249
342.690582
289.602901
350.957601
292.962419
559.000552
284.878988
421.436708
290.596716
828.223141
315.482575
423.630415
279.117050
531.088922
280.727291
1352.50725
292.505270
357.300765
288.344501
621.904876
286.173307
1579.82725
314.421334
1009.34709
368.765625
1043.66660
309.874488
445.284185
286.501940
617.317481
350.641202
420.301408
283.494940
428.531449
282.456084
398.428370
299.521211
383.502851
294.100598
453.011848
346.265164
999.581243
285.732053
414.836058
296.465039
307.491214
347.460838
3736.32147
293.687664
1452.06449
290.534315
509.130669
298.311883
1102.79155
306.916251
479.220700
294.084855
529.225267
294.653083
413.860087
288.097661
508.192862
291.695840
308.804367
278.608868
407.674179
289.850668
516.279103
303.252432
609.163959
286.722099
455.442587
292.279883
466.052187
283.647705
733.380916
296.798897
565.614787
284.754635
442.044404
327.872070
408.597587
305.349205
369.698125
304.431445
447.066654
289.668045
551.943899
287.025318
737.310391
289.756888
633.072781
303.508163
708.020417
279.022825
506.828660
292.784526
703.091388
278.370332
418.008479
280.815699
782.265141
286.118344
828.409354
288.804454
491.862260
292.217175
593.381840
302.032572
456.975661
291.942446
694.064776
289.352194
983.771470
307.924765
367.481703
304.911177
564.867922
296.559046
399.310866
287.127313
346.138113
314.049194
340.766276
281.866902
411.355091
285.376339
489.058977
312.883914
564.113687
288.476531
686.307667
283.591169
518.021138
317.626784
534.600699
290.596797
588.927494
289.668276
403.054811
303.628880
324.438149
293.048955
519.295815
282.728651
327.899390
282.734933
758.615345
301.528725
2816.17958
301.341847
1035.80224
301.384217
374.101967
293.701002
668.546390
282.662386
409.965499
281.077406
617.898296
300.558655
463.245934
298.817761
543.902992
278.776589
639.544031
329.795751
435.021133
317.474628
408.466030
287.944204
595.432657
298.096267
1505.50219
314.784303
542.511571
296.957406
338.131131
289.720180
2067.91935
305.875788
381.945926
305.494975
493.381805
299.769788
488.572937
343.074523
416.699875
330.105023
327.550156
332.889618
374.841241
314.497793
338.406795
368.993410
1142.27413
323.373229
396.751581
341.607075
793.292090
315.670299
713.619617
329.683928
379.670672
331.367807
445.794120
324.447912
611.126457
333.146714
561.555791
317.786307
1902.65275
338.733524
773.096262
336.420014
365.782611
345.403397
292.460262
337.229826
623.138661
334.806009
629.828710
342.146463
350.630456
333.778779
432.577142
350.570881
483.920970
363.997582
346.477224
369.087757
542.311724
348.817184
1929.01744
314.160169
545.839157
326.355362
482.809016
314.272512
530.512288
325.404754
555.114621
317.150576
466.921848
316.261729
513.958188
328.098930
744.731028
310.727911
682.820123
331.754959
1010.26566
339.822958
323.341757
305.920008
433.036156
326.166112
364.415697
367.714729
887.866653
352.818367
699.912273
336.256777
339.751514
346.849516
969.858090
336.570328
489.833141
344.023193
551.434075
335.096567
828.492281
323.932857
433.365689
316.035639
516.846664
409.465450
357.006552
319.188108
573.424750
321.252782
380.992015
342.620765
357.801656
318.239942
467.234198
324.860594
497.628818
334.886513
527.801198
347.427468
566.580489
356.978777
425.041486
329.121221
483.441727
360.499903
1499.50173
315.072691
318.512949
316.216116
430.961823
323.418290
546.745210
348.003327
382.987624
333.952721
497.768274
302.326150
840.265599
322.267719
1295.02012
360.348841
368.391029
329.940618
504.221106
344.843762
423.460044
320.249025
703.700047
334.857625
423.946301
307.897377
564.417544
341.813632
438.149296
323.521693
313.477851
353.911412
337.535790
330.499929
636.597027
325.902705
939.939546
335.544470
596.646535
336.677955
360.427799
322.394046
366.364075
304.427878
311.219815
334.599930
462.764008
313.605255
369.388638
335.962604
493.950633
316.496239
667.878691
330.726143
966.631802
338.830767
421.802170
328.332080
945.870696
336.385172
531.610064
335.413115
338.023636
306.256665
415.930717
335.803753
1072.24273
336.306867
1264.61295
365.151123
605.884600
322.940900
366.055425
343.580538
405.792438
311.114112
435.022947
371.770747
310.664436
346.631892
395.172524
310.854508
394.648147
326.907735
430.055016
315.853435
707.515752
323.720532
361.393575
326.986490
425.786494
313.586935
486.677217
319.187505
460.920075
338.934019
469.304486
373.606321
413.445862
309.863912
870.847386
316.889997
1064.23104
324.850524
538.484875
323.642622
448.524770
370.351372
1534.00741
324.778976
483.576953
343.001247
584.807649
356.852645
1185.22248
321.380803
476.235287
368.911445
373.763015
315.625516
446.614924
350.391861
418.110342
336.586834
367.063996
329.194121
426.743946
336.040822
523.523312
347.965734
652.405615
329.791617
368.910333
345.914089
460.719283
336.707928
459.609831
314.655202
375.293298
320.277494
484.019013
312.807464
359.629309
320.232112
341.614681
327.503419
344.823635
314.086956
680.146098
326.285672
485.656206
335.657029
340.498558
340.762044
694.436656
325.894089
458.461245
320.847560
455.896624
318.602776
732.093833
317.595833
372.150014
315.869101
378.547882
329.081782
597.255577
330.876589
746.665843
318.865093
418.512730
337.650856
685.887791
339.571140
440.951280
335.256415
379.587338
326.635471
337.467802
329.805699
364.370349
327.785076
347.385527
319.902858
726.624326
319.565595
1270.74534
310.515036
632.419537
341.004887
715.404422
317.961084
391.327286
335.906599
340.981738
352.957903
433.801415
341.057426
528.565721
341.185065
406.083772
307.923778
580.688326
322.889040
651.032379
326.536990
370.222364
326.916112
556.720292
324.465672
397.728853
331.603151
504.638620
311.205641
616.864427
312.463093
440.675973
351.435289
417.800010
328.203289
1835.66215
348.455114
410.456041
354.811591
1532.85130
346.755359
489.713954
353.462911
498.345016
336.165956
552.837815
376.393260
410.762568
330.733083
726.099369
345.989594
322.766593
327.753627
463.519661
348.446082
470.480376
342.256448
445.329839
360.664998
795.552001
362.171879
857.797520
356.567424
440.920453
327.785278
1529.71705
324.648859
593.809093
331.083724
481.261722
339.638472
361.606758
324.354015
397.161656
327.681371
888.945626
344.206265
416.639989
332.010382
513.090575
337.193843
454.955383
326.951883
797.124199
381.017006
933.705594
341.615304
564.386833
315.899636
393.529514
335.574708
437.580958
322.183853
685.702216
370.054267
650.245265
309.032892
1002.99397
324.097647
555.413385
313.065834
522.743817
338.828862
377.309346
386.094459
410.419484
453.618106
505.292841
477.121044
461.263346
406.247080
832.887369
364.115225
1274.95562
390.619290
596.312345
369.975729
381.788526
378.483754
325.091253
375.215615
423.335599
396.331402
615.181774
360.398735
348.385302
415.833964
1517.26980
427.248015
449.280533
432.567576
1695.76727
375.129808
758.885079
363.471707
444.875385
390.299847
534.448293
386.613704
320.556477
384.754412
356.685943
420.529294
846.917476
386.046595
544.158611
387.093352
583.318907
384.401141
729.964752
385.277455
355.136373
419.262302
731.209682
367.198734
374.818706
394.327764
580.935737
378.714008
407.358119
361.713090
371.656644
421.473746
834.950481
370.926929
396.588445
444.790440
311.588912
396.636691
424.383972
387.175015
552.578305
398.630272
410.168388
404.904470
420.098996
360.453632
381.599829
387.534112
517.234309
369.727419
529.212459
408.344369
434.971263
367.263423
395.313116
452.294601
961.172552
384.290360
467.971456
421.159609
420.950481
412.254362
644.567910
370.996893
466.196746
397.489593
352.885368
416.546716
537.335370
379.644689
347.647702
402.688989
677.850221
377.839814
657.362029
380.957091
1121.03991
379.362213
785.649468
457.177708
558.886086
451.159686
374.416337
385.224592
534.704698
390.574953
489.231221
381.218346
365.297448
430.643376
603.366445
406.705527
358.297414
393.449170
729.783276
379.104237
412.955259
378.358191
380.397415
404.890698
593.806990
419.769739
904.761083
415.946510
354.204313
382.277672
742.620210
435.446933
463.573691
405.575982
395.168676
367.487051
671.916992
387.756477
380.717406
386.826486
600.887123
389.259863
349.687230
383.706887
836.725398
385.790072
315.564848
379.975979
2246.09516
375.371091
337.841028
415.117276
411.944229
461.716079
526.757158
436.783891
339.594709
367.071639
359.581999
411.119507
366.358108
487.872512
504.359643
375.703626
553.216148
378.107213
523.557254
367.719396
437.483153
386.039354
540.268394
395.118985
334.712819
397.394581
345.806205
421.398517
522.070287
395.298624
459.854383
421.604535
338.213088
358.676131
383.115982
415.930920
406.605512
384.179472
333.675998
513.363751
841.501142
375.107073
500.280997
384.855682
411.489724
498.389935
457.793207
401.455978
401.532451
409.008772
693.184771
369.981677
325.851325
434.182605
739.853485
367.843151
411.677298
407.072129
756.666712
385.038070
594.420738
375.084951
353.951990
400.415704
660.660106
391.015408
604.380993
415.071431
479.724692
435.641233
380.081534
374.425712
520.284622
423.670987
1331.90179
398.864410
419.607400
372.345910
410.745982
407.791501
360.888358
377.047830
2059.65261
378.449733
400.850588
366.712638
1363.69471
374.141711
784.210568
367.307791
491.304831
383.449796
360.755726
430.704051
697.700733
388.660226
465.907545
369.449869
375.827995
395.245893
1226.81248
371.334933
470.238399
392.131096
384.416528
376.179541
441.296347
365.760973
576.461015
414.214233
944.896483
399.423190
396.251114
369.903571
477.682229
388.627191
379.865400
362.386887
436.091504
375.045581
340.218137
429.550698
415.842654
396.170349
634.103523
385.116600
479.217242
411.333036
1051.94472
421.616453
423.453513
386.362825
424.911693
367.072733
546.461378
395.038701
1113.70394
377.783029
1139.88475
383.983353
392.627411
352.553027
740.524257
411.261300
4043.35027
389.165571
363.976998
412.514627
829.876200
397.903200
484.647383
396.424504
398.282538
419.788698
571.957084
362.581176
370.341913
406.866924
545.360992
396.499131
1202.72866
418.073683
312.347751
424.780663
1468.02113
364.294430
562.444402
363.570453
358.940087
392.304374
915.398614
432.971500
925.841937
401.255553
512.338240
385.424961
485.547322
376.987223
476.481390
408.978948
344.594307
387.658209
678.305455
376.521060
449.553456
362.490249
400.075579
407.849449
398.469310
416.642267
707.424870
370.765083
413.293277
369.519415
420.843986
384.574176
349.951874
434.195447
410.274902
417.341561
462.606025
401.263146
953.581253
418.601631
404.287107
398.902664
725.676718
373.274135
422.041796
383.315333
603.102720
362.095557
664.021707
370.621853
320.681906
390.979941
1094.58020
390.290193
440.071191
484.113634
426.955483
395.924226
386.034985
425.615382
423.714269
393.984309
385.679449
363.076983
417.031389
458.213087
1300.32512
397.956596
929.846170
409.539750
314.451281
380.166994
547.937819
386.921326
416.000999
376.668185
549.654867
401.601719
374.842760
386.588817
538.748134
385.418365
703.492714
389.072252
440.904641
522.545300
439.018847
438.512021
493.475340
444.703387
456.270373
499.357337
541.460811
487.639193
383.123187
489.683600
423.289880
444.389957
947.661092
533.788496
754.661989
448.259538
818.413371
478.753930
505.707032
477.071258
491.649318
480.382244
658.962339
467.937525
358.167407
446.765213
350.014482
446.200211
453.905596
478.502067
512.872598
498.912299
666.283129
485.400520
414.939337
418.086545
441.031518
551.012910
541.442674
462.429170
478.612833
461.446906
595.541249
483.787135
470.699138
437.263962
449.002398
472.325003
338.376280
549.204382
527.077599
554.070011
737.106891
523.524982
356.418116
469.987225
518.702574
474.626338
350.986194
477.007867
528.228818
466.481567
1130.24631
471.844105
395.626079
490.783524
767.918086
507.656949
721.637007
485.582426
480.527226
439.654620
371.761339
480.061183
1147.98867
525.759262
2838.72412
463.203075
709.614437
470.555559
750.566642
467.352679
523.368487
476.429468
535.716073
453.497111
1605.79122
492.487368
591.479286
525.558603
488.433942
435.457247
535.723539
502.028501
643.728647
555.252354
352.823549
470.141787
499.804740
509.368267
390.660424
471.100599
357.582880
537.224842
668.527674
569.484970
682.987745
437.813731
356.350071
515.322353
425.682928
437.217881
470.669358
496.911628
355.935419
504.340970
562.210586
450.461892
398.674196
460.818106
575.536735
450.884105
417.195046
464.743600
539.688791
471.194468
406.619728
503.130588
1073.49811
462.654518
425.885196
515.091151
860.466525
549.725658
656.971787
483.101600
362.279016
521.316330
370.433872
441.676000
663.752954
551.769589
476.218998
465.906319
652.896226
480.120425
1524.08274
479.534938
647.360866
496.217536
360.228555
527.694528
732.088468
551.666364
957.028310
449.166142
465.889220
573.950113
670.523439
435.917877
1742.83407
440.578192
398.373651
528.784164
739.471243
531.904082
927.301361
504.341305
365.388798
469.978049
343.929265
475.608988
368.208680
433.003125
538.831523
518.531257
442.001765
450.100863
399.985214
490.608649
455.251190
502.623659
886.001269
483.135372
679.032721
449.992646
457.756785
499.584655
948.741331
464.409295
374.070372
482.750650
1170.04382
472.737449
311.387491
583.549468
544.282725
1309.25245
968.850270
491.431582
1177.86579
500.624229
1012.85366
447.360144
427.796399
523.565598
907.868788
503.632338
568.178197
486.246606
1380.99283
446.692778
393.524979
467.955608
372.611909
497.272566
452.208382
447.854362
1216.26335
470.795012
544.839178
453.385152
435.628548
453.046218
363.012733
452.207127
532.612861
487.565483
687.801911
457.359377
404.368803
538.638430
356.250730
482.097388
326.995859
514.014184
1868.15111
474.941425
398.651985
437.249003
322.812608
462.728722
654.452694
476.807077
446.267318
486.781339
399.337464
469.754763
330.079227
426.858830
788.801071
416.118607
514.620781
462.173995
397.951208
427.878124
1027.39526
410.241439
368.345029
454.642146
413.191886
442.274300
404.130765
465.544442
739.487142
481.533941
441.893033
443.645941
336.160062
488.297581
458.871683
476.811985
598.486504
483.526912
383.685219
438.990119
420.083415
467.020847
559.740234
495.061959
441.101507
460.344630
688.974998
508.414840
373.602619
416.454859
1371.11331
512.887521
628.817861
534.274940
400.047541
444.308684
796.274633
433.934810
514.046888
457.347925
441.129551
465.898904
415.105177
493.050409
646.339185
499.943902
679.086884
482.119142
336.233599
507.509136
526.132149
451.212730
1430.06141
505.319202
1586.96286
518.850716
446.261288
472.582360
319.799967
480.456945
341.654139
486.586860
642.865914
510.401598
328.934082
464.394241
597.230654
459.772671
819.141068
527.238689
439.830823
488.831969
371.013538
444.893620
410.362842
448.318204
398.927802
460.337070
694.557375
439.550932
643.957878
469.746967
737.946781
467.970159
1360.56785
423.555241
502.989596
482.911364
1863.67386
484.136289
325.496543
431.980072
445.382289
435.092354
353.662790
466.072295
663.477680
475.603060
458.986560
480.127285
618.907182
424.615826
706.536076
476.959194
543.309309
466.919158
2540.11272
493.921777
386.766246
473.399530
355.056468
934.231596
753.140162
454.854792
394.838365
467.735269
372.406176
590.695460
413.796001
545.202821
459.617001
513.479945
498.788310
492.069350
769.246013
553.863515
373.997797
480.430451
499.863109
449.416155
323.556741
463.239161
558.792232
479.946399
354.675735
468.608462
367.489193
470.290785
404.707547
607.397869
405.561478
468.644271
1051.84496
