922.1650489999998 1.1368683772161603e-13 922.1650489999998 1.1368683772161603e-13 0
924.2526488075001 2.4809268172131587 995.1227971999999 76.71329574487771 5
930.3073621599999 8.468571999350932 1211.0237159725 361.0241894035509 10
941.62845794 22.905259518868174 1501.7260621425 610.2992109113087 15
955.5931748875 39.59122536182533 1864.4702111 816.2444943838608 20
973.3688199425 55.872889671889155 2073.094934175 874.1341634371798 25
996.4261829874999 87.18655882920089 2338.0358246 916.3080596004651 30
1016.7972032375 106.74278776455303 2623.6678094 1006.4412449643343 35
1039.2771364550001 118.8441211056004 2796.3998716749998 950.6156023534386 40
1084.5696267350002 177.10966610084327 2977.44204655 1011.1372116974915 45
1093.267213265 181.98752215814847 3189.0962605249997 978.4739343541597 50
1144.26925158 213.33312387185111 3297.99083465 940.6978812805423 55
1157.9061158324998 232.62259936442408 3439.914201475 878.4084711927801 60
1248.64535898 317.6148538307772 3580.1594024250003 835.6943398385202 65
1292.0551757125 351.0792574794956 3765.6654627000007 886.6112577135427 70
1324.8270412949998 410.02190682907053 3836.775922375 870.1458016681007 75
1378.7194582299999 432.05709015056 3950.3781681999994 812.7844595519612 80
1460.5988346074998 485.6765851422784 4160.085511925 912.7683298761868 85
1475.6715901750001 469.2405658814631 4184.294506075001 880.1158333341465 90
1499.0584129250003 458.4331583982234 4296.9543671 847.7826498466619 95
1651.58039045 588.6397535726423 4378.8192349 853.1562204775769 100
