1084.43419
1209.18828
1082.83116
1790.86178
1073.88120
1363.37260
1071.86413
2340.19060
1110.39281
1161.39422
1078.51088
1593.82981
1078.88533
1170.09615
1085.28216
3042.83519
1085.78520
2793.25587
1082.72652
1303.92154
1081.94289
1185.38151
1082.82290
1796.98778
1105.86404
1205.12787
1080.11314
2632.23647
1087.44681
1164.44283
1104.52325
1773.61618
1077.37267
1614.37445
1094.67226
2267.04603
1097.80295
1284.71679
1083.34674
1612.99251
1083.00501
1760.05114
1085.47695
1798.38410
1095.45890
1613.51612
1076.05522
3216.79776
1081.20057
1952.56028
1081.18660
2070.72159
1093.85397
3092.63053
1083.24569
1527.09399
1076.14274
1799.95826
1102.25953
1482.10697
1096.62718
1391.38781
1102.15556
1394.54105
1087.68216
1543.84407
1076.64263
2875.10574
1079.27484
1632.58832
1102.41628
1143.96163
1090.51161
1142.82390
1092.69510
1288.79604
1075.63538
2971.20679
1079.08761
1249.09602
1085.52833
1751.19567
1095.06565
1165.79943
1085.56866
1695.37014
1089.59902
2129.75976
1086.30697
2026.45363
1089.42422
1741.49071
1089.33420
1228.15917
1080.01198
1423.69617
1078.23106
1941.18111
1075.38520
4083.19244
1101.85407
2436.08903
1104.96945
3240.01734
1102.03870
1122.52786
1076.34167
1348.28698
1083.42019
1319.71077
1079.86383
1712.08909
1077.98828
2263.08755
1091.20609
1226.06373
1096.80883
1329.62696
1091.31302
1172.60312
1082.96816
1975.43466
1083.95263
2031.87464
1084.35645
1421.91413
1093.77383
1422.05676
1079.43814
2004.07346
1088.26663
1341.42662
1088.94378
1179.29460
1088.72368
1126.87461
1077.08109
1602.38628
1090.34057
1297.45230
1072.37785
2056.86717
1077.32240
2915.11953
1082.68325
1364.83560
1084.74183
1351.81870
1085.33330
1551.69620
1082.13859
1163.16136
1094.67898
2037.52041
1090.93573
1213.86175
1090.31434
1215.66814
1100.68396
1125.13855
1082.46958
1654.13066
1083.79570
1271.87684
1083.35671
4372.47582
1078.75436
1605.71510
1077.57860
1551.81035
1079.75819
2215.79653
1086.24363
1411.90462
1083.50753
1972.28246
1118.00849
1387.95813
1077.45464
1324.12984
1079.21803
1525.04455
1090.62540
1677.60167
1079.85995
1107.09336
1097.64387
1303.37679
1100.02889
1161.62224
1071.38703
1474.03622
1082.46670
1278.00263
1097.42706
1140.22787
1097.51848
2959.94227
1076.86963
2124.46987
1082.05037
2742.09083
1079.87754
2463.45316
1083.62408
1206.71221
1088.80870
1482.27000
1090.23277
2111.87075
1099.26679
1170.54107
1082.46413
1328.05178
1083.15584
1569.73590
1107.02739
1773.84924
1094.55628
8698.15237
1078.11543
2090.14403
1079.52346
1595.06808
1073.88594
1223.08213
1078.36339
1223.35192
1083.89130
1968.68194
1072.69379
2310.37009
1082.41498
1376.18132
1076.69666
2422.60694
1086.62294
1365.06396
1083.30362
1183.38384
1080.29079
1344.88300
1077.71121
1515.31955
1090.61194
1236.53319
1092.51355
1428.12768
1078.47795
1660.86410
1084.82564
1465.31125
1101.16340
1328.26680
1081.10366
1218.78774
1091.96022
1896.49394
1086.18576
1325.25462
1084.57366
1401.08895
1085.43296
1188.46331
1103.97181
1934.58654
1090.15872
1330.98416
1076.50678
2619.87312
1085.08738
1438.94703
1096.72221
1419.61789
1089.80724
1693.57005
1086.59416
1562.65427
1088.92804
2140.32078
1086.80955
1479.10131
1085.13662
1340.06692
1089.08329
1217.42688
1082.55026
1912.32701
1084.64995
1269.45062
1087.37958
1344.04707
1083.22703
2046.46504
1088.27887
2061.57373
1083.50327
1150.83226
1092.25497
6829.49573
1073.95938
1372.84049
1080.50584
2345.54271
1071.94137
3421.48674
1093.83962
4837.00714
1089.63450
2169.99380
1097.82605
1540.13024
1074.98719
2674.26882
1093.33018
1379.56451
1092.34070
1365.14129
1092.73142
1183.29978
1086.63823
1316.63195
1078.71714
1226.57750
1096.47466
1370.56518
1081.33894
1141.82980
1093.96625
1114.21257
1085.57104
2283.65449
1086.61190
1166.28164
1089.01219
1151.78999
1084.94998
1215.69379
1083.51238
1274.65792
1084.61217
2169.52902
1104.42999
1775.47994
1096.03001
1367.81633
1083.12940
1754.33596
1077.56755
1435.77157
1079.39395
1449.85784
1090.80485
1204.94913
1074.39861
1582.52223
1092.97935
1165.46527
1076.30452
1231.36801
1111.34216
1259.28522
1081.85795
2892.20330
1085.56576
1584.89479
1109.91525
1188.43197
1098.73714
1218.40845
1085.71592
1318.96652
1093.75292
3897.21705
1089.22399
1315.14563
1090.28174
1512.93822
1090.73035
1969.52264
1083.58068
1547.27376
1102.65453
1360.86902
1088.11257
1394.18165
1088.89763
1349.59909
1095.43103
1370.84369
1085.05631
1184.19143
1100.70078
3641.94229
1076.01717
1389.69919
1074.10090
1093.57758
1092.28470
1195.06910
1084.28706
1358.87476
1086.04225
1409.37328
1085.57654
1706.26880
1092.48598
1184.87757
1090.92716
1967.76278
1089.42321
1717.01447
1083.10411
1423.34237
1087.50234
1268.56448
1094.66706
1512.95320
1104.67759
1342.91453
1115.16075
1306.53159
1107.60231
2307.88853
1083.74714
2808.64689
1111.41894
2597.49988
1084.75729
1352.52068
1084.06985
1449.68823
1097.57799
1168.58635
1095.70179
1256.76117
1097.54950
2200.14250
1082.90039
1683.13800
1077.78168
1639.45037
1096.00334
1339.94782
1091.16228
1594.98875
1079.44228
2590.54628
1088.90453
1219.82276
1085.24987
1210.25403
1086.04548
1163.50407
1100.57984
2072.58821
1094.25176
1253.53668
1083.90667
1387.22374
1097.31243
2253.29646
1091.76560
1661.45937
1102.45022
1196.41676
1084.87969
1148.23482
1089.57434
1325.65785
1092.63925
1175.48721
1096.94778
1822.63946
1088.41595
1326.51406
1100.85630
1243.35232
1102.69267
1372.53344
1085.61215
1615.50633
1094.38044
1364.40636
1099.54289
1483.14186
1076.23876
2256.66301
1086.31947
1292.69515
1096.49122
1234.67160
1085.48396
1507.73318
1081.64157
1175.35517
1080.27717
1687.92793
1090.70726
1165.79194
1088.11716
1779.23142
1085.77153
1475.46744
1090.06705
1232.78244
1075.36302
1742.87520
1104.32886
5449.48023
1087.83985
1843.83898
1084.51010
1666.43766
1082.88071
1310.31106
1093.44429
1466.88951
1086.30268
1665.68712
1089.56272
1859.39786
1108.56617
1676.68563
1081.38737
2237.34493
1079.76174
1265.80379
1080.22135
2024.11562
1074.47624
2687.07605
1085.16765
1168.14857
1086.77867
1508.91868
1110.81999
6331.01686
1084.45760
2250.36539
1077.26320
1513.75609
1098.49075
1312.63732
1085.85756
1468.04926
1080.83173
1758.84335
1090.75807
1207.92611
1085.53902
2051.41004
1083.80902
2986.26236
1097.51268
1529.40041
1082.09206
2335.11858
1082.20033
1435.79768
1077.95193
1185.23013
1083.17964
1223.42199
1084.51222
2364.82368
1086.11311
1454.90750
1105.27370
1431.81096
1075.17280
1624.85374
1079.72663
1815.96281
1089.61265
1419.46663
1112.97179
1237.61289
1088.74131
1213.98906
1093.29967
1936.78783
1087.41366
2501.50987
1074.95613
2254.16763
1077.65699
1976.26262
1079.56378
1690.63078
1088.92114
1181.20291
1092.85072
1114.82577
1093.47925
1722.95446
1085.52477
1153.99642
1084.57127
1456.34307
1092.81412
1242.00749
1092.71952
1247.82331
1080.23300
1481.22156
1090.52758
1311.82346
1086.71406
1284.61699
1086.27210
1189.74454
1082.52288
1193.56044
1089.58449
1355.32205
1095.74920
1967.22574
1093.22401
1089.01048
1090.61530
1577.36543
1082.80945
1144.86391
1090.21453
1219.27147
1101.55680
1265.07834
1082.41625
1722.45390
1093.34420
1307.11355
1080.70857
1503.96158
1093.33558
1173.07697
1108.95486
3385.46632
1084.36736
1209.65337
1085.88299
1170.28444
1085.16322
1736.88785
1072.19872
2251.80336
1081.54500
1326.67230
1099.85684
1174.96519
1087.67474
2157.20681
1099.87909
1315.21932
1086.69014
1209.93498
1083.37766
1501.18748
1083.12893
1193.81378
1075.13241
1893.39099
1092.79064
1203.73352
1089.31433
1261.36481
1086.91271
1605.59750
1085.81855
1221.48888
1094.86010
1184.23516
1096.77368
1218.11793
1088.79703
1669.29396
1099.39885
1641.74722
1090.42929
1895.13924
1081.51492
1416.46161
1100.35348
1693.16577
1105.17399
1546.06461
1084.50394
1475.43317
1094.96427
1434.53204
1086.02140
1337.63379
1095.11942
2099.68843
1087.78984
1407.34655
1086.80164
1214.40861
1075.90759
1440.11723
1090.94659
2573.90548
1093.18973
1507.32824
1085.11854
1349.94490
1081.70648
1215.75678
1088.11256
1662.78234
1085.58524
1989.97445
1081.39414
1681.62684
1085.98678
1315.71935
1074.77953
3441.22127
1085.87889
1689.92777
1086.40326
1543.92855
1083.23523
1887.55193
1095.91667
1779.29283
1085.10150
1328.55949
1079.76549
1305.71317
1079.43785
1701.91901
1095.80391
4453.82717
1100.10357
1421.02200
1085.59290
1205.68442
1095.94171
1964.87101
1084.41438
1956.91756
1075.46069
2306.48598
1085.55169
1316.17509
1087.74899
1423.48716
1088.89916
1790.79400
1080.32360
1927.95435
1093.71402
1312.85928
1079.23665
2176.25720
1091.13843
1189.90441
1080.41342
1544.67353
1086.03391
1273.26003
1092.23021
1791.30332
1089.09443
2648.96248
1089.02365
2764.97108
1100.34792
1580.14132
1083.94267
1264.45938
1085.28776
1949.17187
1084.99710
1399.60287
1090.16664
1289.96750
1092.34968
2946.67896
1085.64512
1665.56734
1077.61914
1319.03444
1096.27040
3367.87390
1074.82768
1556.00522
1100.93435
1325.77780
1094.83922
1107.37327
1102.54379
2466.52861
1090.54646
1118.00903
1079.66474
2407.18416
1089.26614
1191.24511
1097.53734
1932.66124
1098.30324
1209.93487
1085.61280
2284.51740
1103.94540
1373.64223
1097.65339
2499.25407
1088.13731
1165.67023
1088.60791
1804.17759
1085.30257
1822.53559
1092.09256
1414.36103
1090.00835
1166.27651
1077.63245
1750.99183
1089.09512
1785.76692
1102.67024
1195.25903
1085.90747
1457.01822
1089.52757
1363.33296
1112.48749
1203.77401
1090.63760
1169.84882
1087.69505
1577.50864
1100.14913
2261.28689
1092.99134
1271.01805
1091.59107
1231.81635
1098.53360
1261.75638
1082.00812
1785.79981
1103.11611
1861.86129
1092.84397
3289.98150
1085.19114
2411.93862
1094.84351
1707.70044
1110.99203
1171.72556
1096.77712
1418.40474
1084.12379
1618.38361
1082.96868
1211.10884
1088.51867
1231.25483
1097.09721
1209.31931
1096.16209
2383.68288
1099.78547
1430.00356
1094.54821
1331.10331
1098.95353
2287.79982
1091.85389
1808.62345
1084.80460
2524.77686
1086.38087
1297.03113
1112.00750
2228.25002
1083.79175
1731.25071
1095.99103
1833.74134
1082.13609
1643.95247
1101.29750
1660.43185
1120.31779
1229.48318
1103.95959
1213.20043
1089.99686
2121.63643
1084.38269
1907.99842
1087.06193
1310.33610
1101.44836
1350.23717
1080.95379
1475.79984
1085.84057
1278.73410
1080.72203
1809.86663
1094.81509
1665.65809
1103.78381
1270.61015
1081.14263
1479.01280
1084.75797
1329.93412
1088.07151
1318.72316
1078.12434
1225.91856
1091.58859
1482.07277
1084.81503
2382.17085
1091.70332
1155.38274
1105.25994
1174.16460
1085.78131
1483.23751
1089.59858
1761.19303
1096.91229
1299.44964
1084.37659
1149.13290
1084.46353
1880.57120
1086.28769
1968.00683
1089.35876
1208.33250
1099.33588
4641.42847
1088.50730
1628.58318
1109.42933
1333.21027
1080.85820
1399.21427
1085.85721
1266.94504
1098.67557
1507.46002
1086.43038
1251.39398
1073.58168
1169.17527
1101.50784
1149.07622
1112.65010
2429.23478
1083.95302
1311.53194
1102.58332
1390.44105
1105.33918
1257.67158
1088.84238
1334.53946
1101.39960
1679.25797
1085.15983
1587.11514
1086.40873
2113.23951
1077.97799
1333.44560
1080.76686
2453.24401
1082.03985
1200.62469
1087.42033
2047.51383
1078.90463
1489.98708
1111.14254
1369.39783
1099.36147
1271.46370
1079.77066
3084.36932
1084.68309
2640.33014
1096.07981
1262.23822
1085.58065
1230.33679
1078.64561
2427.09353
1082.44456
3066.38439
1093.32023
2316.57103
1083.86994
1932.10769
1086.43814
1824.67756
1093.15117
1204.99408
1087.53418
3759.16239
1094.43131
1241.39307
1098.86016
1278.44636
1085.19399
1474.49012
1083.93213
1233.12939
1105.31574
3009.95166
1084.27239
2266.07627
1097.51351
1157.54957
1091.12220
1481.27171
1092.53143
1766.14840
1094.62211
1303.14138
1094.13953
1192.51292
1094.22002
1304.46190
1096.80796
1847.02957
1091.45925
1443.42695
1087.47280
1199.09807
1100.82277
1545.49170
1091.95251
1800.45261
1089.60654
1511.07057
1096.21368
1338.85505
1103.29134
1238.75897
1099.53349
1157.03269
1090.39488
1270.00908
1107.07368
1249.39869
1081.05202
2119.37377
1089.37233
1238.00162
1085.73688
1580.57391
1077.58486
2342.03216
1101.18416
1681.42901
1087.29648
2433.28188
1097.33021
1360.90095
1092.41262
2235.99700
1090.58063
2372.93614
1078.89247
2445.76106
1087.59988
1459.60064
1102.97922
1350.04011
1088.75484
2040.45434
1094.75845
1224.17566
1104.99036
1712.91192
1109.49829
1303.15881
1093.16805
1457.64920
1076.70156
1662.94603
1096.70098
1340.83653
1082.03193
1944.45908
1093.97174
1599.68038
1106.19397
1565.38542
1088.06513
2030.40948
1097.77641
1517.51211
1093.99082
1406.06648
1094.43672
2362.21599
1087.68436
1329.09612
1091.08451
1132.17079
1078.60994
1382.23880
1097.00099
1773.29750
1092.45446
1132.55303
1110.21470
1392.30161
1100.29748
1445.44944
1091.70274
1189.74568
1089.29482
2110.26928
1093.19161
2295.45774
1093.98160
1288.72182
1090.58327
1229.18259
1093.61093
1445.77355
1094.78867
2363.57029
1101.30090
1797.07641
1107.36448
1137.69196
1079.69343
2040.68244
1081.22216
1327.33442
1084.42184
2082.55865
1098.63540
1207.13199
1103.88851
1253.22108
1084.81598
3423.41104
1079.88437
1528.73206
1090.54345
2791.92113
1096.19663
2672.24564
1088.60718
1119.87278
1101.61130
1311.23790
1089.82201
1444.85526
1085.52510
1160.49431
1098.72772
1764.61602
1088.70734
1499.27063
1105.13351
1330.51683
1090.25608
1480.93198
1103.09353
1377.48316
1092.73582
1247.37116
1089.36620
1327.62611
1091.62500
1153.51790
1104.20102
1265.98188
1079.70152
1202.02446
1078.95773
1519.17260
1092.21397
1569.84626
1094.81450
1308.37370
1095.58750
1469.22825
1089.51932
1608.34831
1103.06795
1122.61634
1098.42177
1309.28440
1106.35996
2271.22752
1093.70271
2595.84530
1086.18477
3531.43077
1085.31016
1623.49347
1091.26514
1161.95099
1095.76935
1631.29760
1095.31827
2182.78784
1089.50593
1851.13429
1117.86453
1379.65122
1102.27056
1775.85389
1106.82974
2690.73804
1093.99635
1155.63779
1086.29416
1316.91022
1092.49198
1397.74295
1098.76474
2336.41292
1094.98077
1732.76009
1106.31755
1214.07795
1104.23471
1190.28514
1097.78415
1158.04534
1090.90058
1241.34651
1089.71741
1383.04887
1097.08776
3260.64073
1099.32229
1353.43620
1106.11598
1348.77472
1093.86624
1466.26602
1091.68547
2072.06048
1128.19013
1742.74811
1107.39764
1604.55590
1108.97162
1491.65053
1094.28623
1171.78505
1087.53679
1345.63145
1080.98892
1425.85848
1090.78272
1942.49617
1109.90483
3751.45872
1122.22490
1171.84587
1086.11609
1206.90082
1086.32156
1544.34635
1107.43206
1162.23078
1103.22238
1091.80113
1115.92552
1276.20418
1089.92371
1367.21074
1102.58815
1479.31950
1107.41039
1681.39653
1096.94933
2250.89315
1098.07710
2710.02331
1095.42219
1185.32673
1098.92057
2151.71711
1101.20272
2075.09805
1094.22596
2126.70353
1101.09934
1400.85548
1115.69362
1605.20289
1115.93762
2037.92580
1102.77102
1411.44125
1092.99007
1372.42009
1097.21092
5196.41951
1110.77786
1478.86572
1096.10674
1382.96617
1096.85068
1803.60004
1093.29614
3100.77768
1080.30822
1922.18676
1096.05261
1368.64466
1084.51231
1532.87160
1092.45798
1148.18636
1112.82499
1255.39109
1105.08866
1563.97629
1085.90856
1428.94195
1098.42508
1491.41428
1110.79872
1336.03675
1094.05111
1436.31007
1092.71187
1178.52007
1088.49101
1854.31894
1098.18640
1560.16557
1094.16416
2174.78976
1109.18255
1479.87662
1096.77771
1304.42357
1094.36849
2300.58689
1086.85027
2179.75871
1096.98437
1098.76768
1099.42489
2639.37722
1098.19329
3154.26625
1102.99145
1211.18243
1093.72265
1234.23184
1101.34737
1207.46797
1092.13242
1146.86290
1113.12893
1272.57907
1111.76355
1274.78699
1109.98033
1732.83367
1120.84858
1380.12626
1108.11933
1362.35129
1098.23056
1155.82892
1089.56110
3233.34299
1090.54535
1541.63370
1102.72086
1530.40682
1095.13220
1429.13559
1104.46938
1194.98635
1084.29219
2019.98526
1086.08012
2014.76515
1124.54720
7069.42592
1092.37997
1230.14271
1104.01874
1139.84874
1110.25731
1928.91746
1092.50406
2144.30021
1094.67176
2991.03430
1090.07123
1260.15769
1092.58961
1421.06383
1093.41053
1192.21336
1087.92891
1452.23305
1105.75242
1309.65456
1085.35533
1507.25006
1105.56984
2007.77378
1094.41681
1618.26052
1101.12137
2203.02970
1099.69852
1383.46400
1098.67408
1124.56192
1089.11922
1686.01155
1118.00483
1280.15286
1088.38531
1147.99856
1105.06446
1825.31966
1110.77692
4342.31723
1105.02924
1201.38240
1097.08367
1121.91356
1090.22424
1216.55670
1095.96316
1188.87701
1098.37135
1349.53562
1089.17140
1456.60050
1083.93714
1280.62613
1103.94523
1394.10089
1103.99084
1375.59058
1092.38978
1677.60694
1094.53150
3388.54623
1094.69873
1771.39967
1106.16738
4885.40307
1121.30911
1485.59493
1094.71927
1462.53374
1094.94969
1645.94913
1106.74492
1380.44233
1087.40228
1811.45635
1105.42694
1433.68977
1104.60752
1597.68282
1092.10913
2814.58743
1093.70960
1390.37322
1087.18064
1662.48318
1093.16681
2523.37967
1093.74049
1207.69006
1108.83371
1246.34573
1094.61939
1866.38437
1085.50476
1437.97177
1096.66412
1125.21166
1082.94685
1128.84574
1098.80984
1213.41798
1109.53773
1328.04501
1092.75733
1132.70211
1099.22335
1736.87085
1104.88283
1241.39621
1098.11738
2001.63394
1101.29908
1126.45699
1099.12892
1170.82375
1101.13993
1269.85235
1099.12644
1425.74463
1106.44032
1515.03673
1091.65679
1567.06105
1101.59168
1616.74430
1116.69467
3955.27201
1097.04815
1171.91936
1091.98627
1229.87129
1093.58848
1500.13387
1094.40812
1848.77423
1109.43623
1406.48712
1121.69825
1196.53615
1112.19448
2241.79384
1100.67876
1962.12763
1099.55988
1338.72906
1099.00019
1251.71542
1082.28337
1800.46873
1121.96503
1831.66007
1086.33569
1287.31066
1098.51319
1158.20512
1096.28648
1182.50206
1086.43004
1305.06691
1108.54474
1591.51787
1088.00921
1685.05205
1111.85107
1217.85620
1086.06801
1438.73888
1094.97839
1564.26655
1094.47646
1337.45683
1088.24850
1119.51487
1084.92632
2960.75704
1094.08229
1348.89888
1101.34242
2450.78113
1098.82821
1282.18532
1087.21989
1128.33009
1081.20248
2280.00623
1096.59791
1138.88245
1098.49346
1157.36272
1122.90960
1506.81232
1092.34538
2941.82763
1096.55317
1180.05990
1081.29268
1312.42783
1089.99510
1278.17612
1144.60280
1187.63129
1094.31908
1272.20987
1096.30018
1503.60168
1122.03230
1245.75434
1105.64863
1234.40416
1103.10865
1804.98689
1113.24421
3304.25947
1115.83289
2091.64463
1107.40196
1969.47375
1091.47705
1201.93306
1116.84081
2134.10521
1104.41948
1289.38934
1115.02250
1352.38355
1134.49394
1328.67924
1104.57482
1308.92115
1118.81433
1882.45532
1104.59172
1473.45871
1105.82973
1133.86504
1121.50728
1550.63308
1100.29180
1418.53161
1094.65258
1279.99249
1092.76746
1805.38940
1107.86660
2024.47931
1109.73824
1435.13374
1101.99326
1408.82445
1105.53709
2800.06612
1111.04425
1536.65669
1113.57527
1927.48284
1094.39438
1323.92897
1097.70508
1522.92458
1101.28276
1205.31682
1101.09552
2014.23490
1125.05253
1659.38645
1117.64081
1603.17768
1150.53259
1770.36702
1111.34373
1212.85830
1124.73019
1307.21140
1096.13947
1266.04910
1116.53855
1318.49425
1124.38295
1835.59182
1126.52362
1220.07999
1112.67658
1356.05515
1093.16812
1150.02594
1119.03285
3450.37626
1099.14188
1341.96178
1107.84242
1347.05885
1120.26598
2356.75649
1135.57696
1586.75033
1160.79065
1262.57138
1097.32010
1707.99862
1104.78576
1899.54506
1162.05683
1998.87318
1123.07008
1284.52848
1136.71138
1280.25193
1115.50158
1241.53544
1133.05346
1556.47694
1136.09746
1203.85507
1124.88559
1778.90141
1099.78811
1516.97686
1122.80286
1288.64066
1113.71011
1352.98021
1114.58689
1200.19586
1116.14441
1233.62901
1111.14501
2415.85192
1099.64891
1313.44657
1139.39792
1204.83164
1120.27708
1261.04400
1107.67905
1253.90962
1121.21562
3136.31252
1106.01672
1383.92770
1127.43687
1565.80910
1093.89638
2015.00968
1105.13852
1808.59014
1104.81173
1628.27251
1135.98795
1205.91852
1108.53974
2062.72738
1109.19203
1920.22392
1182.63633
1382.58226
1093.65075
1739.55591
1098.38336
1685.63783
1105.88054
2314.55239
1110.14768
2020.34116
1101.06551
1719.02009
1128.59032
1363.86950
1114.76120
2007.50269
1123.93625
1499.53517
1110.75819
1435.28519
1101.16200
2759.91989
1109.37528
1611.61625
1100.00339
2150.04338
1104.18233
1415.08234
1114.90910
1348.42352
1110.10958
1162.24409
1116.63368
1250.39211
1111.32352
1458.51824
1104.91964
1323.59513
1134.11899
1675.56674
1128.82776
1598.26068
1099.18155
1104.35655
1109.51607
1377.89846
1131.79359
1353.61038
1121.06303
2823.39730
1110.34832
1731.31844
1096.52757
1394.87015
1118.52672
1165.03796
1103.89893
1324.52280
1110.19951
1244.18315
1109.55539
2667.92023
1122.72513
1271.50157
1122.63792
1379.10884
1099.32684
1400.83858
1112.80049
1436.13854
1140.97412
1314.24469
1100.04157
1707.64917
1120.94137
1215.47970
1105.64900
1834.67614
1118.84993
1263.38734
1102.53360
1729.83057
1096.13010
1173.80135
1122.41694
1575.22694
1101.28102
1734.63862
1116.74984
1557.74828
1125.45752
1303.85276
1108.83473
1170.15515
1105.73088
2061.37625
1121.49701
1514.68086
1119.16174
1375.47178
1125.88397
1290.73445
1120.11315
1358.84987
1111.83492
1355.87719
1114.03017
1301.24405
1103.23889
1728.34980
1137.44837
1618.05104
1104.72444
1383.33383
1104.18447
1169.19684
1091.81275
1366.79337
1107.49604
1106.48382
1104.37156
1279.53941
1126.94166
1448.11111
1120.44639
1585.50564
1105.50413
1525.22229
1115.57216
1300.01771
1110.25396
1409.05896
1099.97823
1479.86125
1105.01434
1456.27217
1123.39848
1799.22501
1136.41177
1248.20373
1110.83066
1443.22928
1121.34234
1670.94653
1095.87085
1138.97505
1100.27006
1734.73697
1122.38280
1402.54424
1102.92505
1169.40500
1111.50886
1359.32646
1109.49026
1443.64024
1119.94293
1210.21859
1107.73720
1423.76397
1120.10424
1664.23445
1123.25484
2117.30505
1119.84495
1529.24957
1112.15767
1575.91567
1103.76302
1685.94647
1108.07523
2363.16412
1110.43479
1351.06494
1101.16714
1348.71474
1114.86169
1573.64461
1113.81792
1173.18584
1112.09064
1874.51179
1097.20301
1417.19235
1122.67637
1206.31888
1138.94060
1338.91204
1096.05710
1110.77074
1086.49095
2772.11074
1116.64308
1529.51034
1125.69606
1338.16810
1101.45867
1176.32593
1113.56390
1159.92787
1120.06279
1773.69488
1113.91281
1189.23025
1095.05334
2162.86081
1117.02462
2057.65387
1131.65287
1814.22546
1097.67568
1260.05802
1105.55274
1192.47249
1108.25979
1651.71118
1109.46438
1440.55377
1152.73129
1644.29756
1141.32239
2117.56134
1113.79882
1456.04349
1117.68680
1165.46306
1094.67682
3149.09494
1094.57221
2185.92933
1129.79705
1169.70404
1126.36644
2950.74690
1107.58063
1583.15434
1109.15121
1246.15810
1100.26876
2755.26756
1111.79589
1700.03440
1107.28011
1430.76699
1121.16087
1484.23608
1131.18911
1325.59824
1140.81423
1455.11888
1143.36422
1449.86463
1132.37532
1356.73428
1105.20206
1929.35631
1104.60031
1576.11803
1122.64028
1296.50213
1138.99723
1151.35313
1127.18749
1864.71372
1142.86689
1300.82808
1136.94515
1321.36856
1168.26388
1482.72701
1118.76647
1707.51561
1148.30983
1540.91254
1133.38546
1419.62041
1126.08330
1860.20490
1153.92785
1335.60797
1125.16507
2904.79694
1130.48149
1508.88997
1123.03976
3125.41188
1132.58311
1752.95957
1129.75294
1136.26549
1134.14898
1513.04415
1142.01143
1314.00056
1139.97820
1407.38254
1108.87850
2631.02903
1150.46879
1734.73769
1117.86021
1209.41181
1117.32338
1307.15720
1123.94387
2084.33137
1149.27790
2067.28329
1159.53100
2095.47969
1117.74001
1279.76970
1122.36262
1707.83341
1095.89419
1234.15698
1173.32265
2847.01314
1109.27146
1628.35879
1147.19161
1511.83626
1164.01398
2835.33827
1103.96313
1352.82537
1128.98706
3211.72933
1122.11638
1267.75837
1135.42098
1569.90893
1121.97860
1376.05445
1122.98345
1287.99619
1142.55015
2892.95629
1123.62967
2144.42404
1134.13490
1239.84986
1102.43742
1400.53128
1147.69249
1265.98531
1135.89312
1241.59080
1159.54875
1861.00516
1112.54115
1155.88701
1153.13150
2132.26427
1141.15485
1173.24606
1122.54928
2460.23453
1150.56942
1485.93485
1108.17599
1135.87098
1136.48464
1257.34762
1165.26594
1122.73938
1111.39985
2403.32190
1168.69294
1189.72981
1170.58923
1339.33261
1106.30229
1408.35705
1124.31403
1271.41948
1131.12626
1232.28053
1152.90560
1174.06742
1164.65783
1266.38497
1156.25596
1640.34923
1126.60903
1812.52449
1148.83450
3827.98171
1112.64916
1503.82286
1105.68114
1390.06642
1138.65031
1366.14031
1105.15861
1227.20498
1112.76400
1594.12053
1136.14172
2787.85042
1162.89072
1787.60299
1162.49030
1634.86865
1116.58898
1234.00221
1125.10260
1159.91857
1186.98512
2096.00487
1118.01596
1352.97519
1132.45459
1796.73063
1151.19517
1495.75882
1136.39409
1263.18801
1105.62210
1230.49337
1151.28200
1434.12743
1162.31982
2093.74611
1163.93984
2432.82245
1147.79626
1725.72501
1149.12656
1676.95761
1139.62023
1330.73030
1126.80383
1310.86407
1120.48725
1796.90650
1117.06386
1659.53893
1142.89194
1473.06170
1160.81837
1386.61852
1205.13441
1490.45069
1119.28638
3243.40518
1145.32526
1707.06398
1130.10041
2811.74842
1118.36298
1452.50387
1128.40604
1206.24894
1108.33201
4321.65766
1126.17339
2477.34170
1143.83991
1602.18680
1122.47972
3371.81436
1185.08789
1432.26645
1142.87064
2236.64442
1159.17217
2949.77184
1126.57635
1917.38676
1166.93989
3108.31639
1127.66299
1501.42219
1115.85315
1605.84134
1139.18541
1167.10980
1133.08947
1422.20114
1140.82229
2521.48565
1181.03391
1795.04512
1170.31963
1248.01076
1121.48071
1682.16848
1132.35870
1484.96387
1123.35364
3249.74254
1124.10974
1744.65606
1181.79051
1216.91640
1123.11238
1292.68949
1146.28474
1510.54961
1133.94506
1353.85170
1114.89731
1478.35420
1123.83675
1997.14932
1125.38012
1516.47356
1113.23841
1543.72112
1132.77633
2184.86865
1147.49329
1601.28784
1129.84945
1487.45711
1116.56882
1855.81634
1164.23254
1146.92785
1126.48207
1717.15719
1133.88795
1331.77556
1145.78152
1355.46111
1144.54625
1265.07254
1146.62378
1570.80636
1158.84731
1439.50065
1122.06386
1335.44772
1145.92249
1245.14493
1144.17086
1290.81289
1121.11006
1457.27424
1136.93583
1377.09053
1112.74496
2232.22972
1115.63077
1710.37635
1128.29260
1167.10972
1112.25861
1375.60609
1134.20725
1610.30634
1137.60521
1917.65029
1137.68387
1169.69313
1136.41102
1607.13121
1139.10370
1671.36322
1105.10368
1241.08144
1139.75795
1751.04625
1128.76137
1679.61567
1124.60105
2134.88869
1114.64483
1868.64156
1141.69384
1373.85228
1107.77509
1241.75591
1101.58800
1395.64866
1134.57421
2144.57572
1116.40989
2114.23610
1207.71336
1326.12297
1132.45306
2431.82535
1145.13975
2209.60283
1118.65102
2132.46058
1115.48178
1368.48663
1128.74139
1425.39298
1116.64490
1158.57750
1119.54449
2373.22444
1136.88125
1282.66277
1105.25517
1519.49669
1125.63173
1278.47283
1139.52011
1960.55161
1110.02177
1984.19004
1151.83827
1433.40997
1159.86479
1462.85002
1131.71470
1205.51715
1149.36412
1277.84049
1116.03690
1304.37799
1137.81795
1321.19727
1167.00125
1547.95317
1160.58739
1676.09737
1129.29421
1940.39020
1119.15010
1240.41876
1120.76359
1291.25350
1139.08303
1245.10115
1137.86662
1343.39745
1120.56463
1471.14346
1153.24137
3259.81188
1109.30031
2272.78669
1161.45614
2858.28107
1157.00244
1348.50400
1138.57352
2010.60534
1119.16279
1582.43545
1149.80788
2289.63967
1224.71142
1981.23113
1197.29761
1213.72113
1127.23598
1738.57998
1172.12927
1231.82339
1156.45892
1263.48172
1216.47943
3096.58005
1165.94728
1243.30144
1132.84268
1412.25255
1154.24959
1220.88063
1169.62033
1397.76254
1126.31782
1255.81976
1143.60681
2005.15310
1143.13307
1566.73217
1121.36876
2137.73521
1177.15570
1316.31561
1131.34885
1561.59296
1164.05247
1691.73893
1139.69344
1824.68033
1167.12745
1445.14669
1154.40810
1699.71858
1156.64965
1124.73343
1164.86458
1858.58053
1150.05468
1475.14462
1134.28993
1208.19422
1127.42233
1148.38135
1138.48109
1175.37481
1151.64703
2364.88051
1130.84306
1384.28679
1128.99962
1248.50941
1145.05589
1531.28459
1175.44723
2309.60272
1176.44228
1634.36104
1154.37614
1125.48649
1175.19745
1858.62097
1181.62910
1480.74711
1184.76265
2382.59093
1181.35719
2140.05437
1154.51022
1690.38224
1151.70754
1532.11609
1174.95187
1160.78745
1135.34080
1225.04191
1168.87907
1348.45045
1129.52896
1404.59335
1139.66777
2175.54942
1176.94196
1440.69250
1148.62408
1265.22988
1162.77799
1588.02155
1199.73632
1365.25994
1151.13064
1638.88797
1128.57742
1716.36534
1149.03723
1709.09759
1231.91259
1532.86174
1176.50946
1445.58626
1161.73866
2572.32776
1183.43814
1627.41385
1143.44332
1217.72535
1135.49582
2506.65742
1173.15947
1780.71920
1147.53397
1188.96132
1155.72749
1479.06378
1127.28357
3156.41892
1174.22111
1166.87953
1162.82415
1200.58888
1145.65151
1407.12303
1153.74738
1947.61953
1176.98580
1130.69908
1163.01743
1187.62820
1113.76706
1351.42641
1216.78019
2024.60275
1224.96212
1331.85569
1155.34002
1909.61980
1165.54660
1227.38061
1225.80567
1590.46499
1308.42397
1296.05393
1150.66093
1300.49359
1164.88782
1397.29911
1142.11287
1977.34310
1163.86959
1372.94419
1165.32076
1295.92216
1179.96831
2362.65675
1195.36122
1767.92330
1176.50104
1118.75447
1154.75454
1407.97635
1171.24869
1152.84881
1160.03118
2136.02520
1178.94214
1360.97106
1197.82612
1936.06671
1185.11511
1136.73030
1212.76514
1109.20696
1121.33712
2163.49292
1155.80757
3456.01810
1154.72075
2704.71279
1154.15668
1922.13803
1134.00439
2527.24284
1149.61865
1292.13320
1128.38661
1206.31786
1144.30120
1248.54029
1261.53172
1264.87340
1121.51697
1450.06395
1156.26910
2348.31268
1177.97369
1473.61175
1119.30124
1658.62084
1118.22919
2943.04453
1186.19119
1413.84098
1166.58101
1179.63895
1174.63801
1140.73044
1162.99401
2244.40694
1123.08642
1221.72889
1173.62361
1151.85590
1137.63456
1260.23199
1143.52797
1708.09837
1122.46222
1491.81246
1153.69000
2231.01366
1128.59400
2861.14224
1175.13191
2045.41908
1143.18725
1518.58356
1152.07655
1492.79773
1132.72180
1246.98245
1224.48071
2834.79267
1164.01337
1151.11036
1141.27007
1258.41290
1178.45648
1495.36774
1166.55694
2424.69002
1195.57316
2300.32128
1153.91383
1198.61372
1200.16752
1447.04600
1129.44547
1476.59542
1167.89431
1145.32949
1148.45104
1176.43714
1156.35859
1836.96718
1177.26306
1603.75992
1157.68825
1955.96161
1122.39718
2169.60180
1161.50754
2376.92175
1191.68237
1317.41422
1161.72057
2182.46153
1145.36420
1197.77938
1146.48089
1195.40738
1185.72739
1245.62014
1134.57182
1467.12963
1143.52119
1165.87452
1172.24546
1810.77893
1161.62313
2884.43120
1183.89934
1211.38562
1199.34214
2039.48024
1163.09404
1655.95416
1162.61175
1232.08352
1123.95051
1349.63088
1142.36717
1604.19305
1125.57640
1507.31841
1157.68602
1379.00976
1158.15181
2885.45352
1143.45236
2729.64262
1154.72795
1239.58122
1188.01396
1221.50563
1227.34813
1187.87485
1153.74141
1169.20580
1157.75199
1520.85991
1140.91090
1281.09148
1152.50576
1843.98845
1186.04619
1260.83440
1198.20827
1322.89748
1169.04824
1349.18728
1210.10902
1270.59158
1190.93060
2222.04772
1148.82243
1989.20056
1180.13776
1106.17434
1164.06983
1826.56842
1152.52730
1139.22657
1156.78680
1151.99607
1150.27487
1294.66215
1136.80199
1455.58790
1182.51768
1742.23063
1162.22870
1220.21635
1199.72656
1387.95355
1123.72521
1927.96110
1174.89124
1434.97772
1171.43174
2067.46410
1148.97144
2215.39827
1150.47413
2091.84488
1196.95543
1215.75862
1138.09805
1218.18668
1167.41494
1302.71171
1157.21352
1999.85030
1171.76450
1502.99063
1179.71309
1301.48121
1166.92285
1211.73112
1155.73736
1872.97227
1142.98499
2001.60788
1219.52768
1351.42856
1142.04690
1588.11131
1200.10680
1391.15066
1170.76031
1577.17049
1182.44588
1139.05210
1208.24975
1244.18128
1187.63276
2053.69044
1131.00153
1273.88751
1170.30870
1940.92893
1197.57852
1300.33664
1165.10588
1432.95787
1219.98564
1143.52791
1194.33255
1197.63224
1242.07845
2497.12194
1185.09637
1483.22070
1245.36493
1850.69764
1279.43764
1613.76489
1299.38453
1289.12519
1183.02033
1313.74865
1191.55926
1247.83960
1162.07866
1383.07645
1235.43159
2096.17470
1204.02072
1234.84953
1173.41183
1136.28896
1225.89913
1983.90971
1206.09263
1198.76661
1156.66053
1210.44600
1263.66573
2250.61503
1288.37184
1645.52056
1180.91923
1456.45760
1235.79954
1354.08290
1153.49127
1760.94273
1158.20304
1214.60036
1195.85665
1760.41570
1187.53509
1241.39989
1191.85753
2120.52293
1249.77139
1274.72560
1249.95133
1602.91520
1187.00795
2672.43914
1298.30873
1260.31912
1184.50936
1202.58771
1255.88745
1219.12973
1212.84546
1306.35265
1217.38175
1146.03434
1190.27275
1148.68351
1240.06779
1696.04314
1204.53696
1353.49597
1212.30331
1914.71306
1248.10789
1393.30912
1227.68987
2181.75006
1182.46041
1195.17118
1196.25100
1160.96427
1173.70726
1948.85439
1148.42623
1850.96530
1229.86542
1288.00344
1138.67638
2527.19369
1150.98720
1563.97791
1150.71782
1398.20749
1254.50295
1132.36106
1180.34684
1210.21213
1176.01081
1591.64169
1140.55845
1174.27055
1228.82753
1535.03670
1210.94566
1382.07661
1166.88275
1311.08733
1168.35055
1269.18238
1186.71610
2192.90632
1191.24919
2119.64128
1193.49408
1382.49550
1158.51343
8925.20222
1202.28543
1564.84127
1177.64629
1815.83974
1179.24482
1315.69925
1159.42541
1334.39357
1182.47787
1650.60436
1148.05361
1219.57875
1234.34259
1854.11246
1184.20924
1387.81587
1260.78626
2307.69069
1194.84593
1339.82161
1193.90372
1262.09185
1216.29227
1264.97769
1252.69479
1487.87989
1189.76279
1481.19782
1234.23368
2036.91510
1176.58367
1194.63244
1258.33649
1940.44852
1142.34699
1660.81563
1243.48011
1762.23857
1191.26676
2858.90533
1185.83347
1240.55691
1250.83136
1155.71693
1243.87404
1470.96644
1225.65292
1619.84960
1302.19399
1178.11484
1223.05082
1389.51793
1160.00864
1190.85654
1218.81834
1158.59989
1185.72019
1532.37928
1206.69129
1464.85419
1211.73784
1303.64981
1264.40306
2511.72298
1272.25935
1205.41064
1244.23024
1401.40312
1149.96046
1698.26386
1256.82963
1416.08444
1210.94410
1454.24697
1236.95474
1865.42500
1169.98222
1133.37100
1211.07728
2091.46201
1253.34064
1178.84548
1262.16034
1289.16617
1155.54256
3173.51755
1166.39354
2113.46782
1149.57562
1577.49670
1200.78589
1497.68733
1215.14389
1672.76647
1224.87632
1642.73143
1237.20506
1499.82341
1207.06208
1150.60209
1173.58591
1342.88809
1216.38150
1455.88372
1201.70915
2001.57816
1462.88602
1492.57706
1167.06831
1236.54536
1168.65926
1206.80371
1184.95363
1509.70691
1175.94101
1755.75394
1205.67450
1186.75997
1222.82740
2743.20338
1190.45088
1200.99296
1170.75604
2386.45008
1142.00904
1399.53178
1208.26984
1500.13071
1196.03518
1450.35013
1167.37360
1257.31872
1222.63914
1191.63764
1219.90412
1316.51457
1179.28305
1600.59378
1198.62518
1933.04100
1298.84115
1338.37160
1276.20283
1133.84399
1185.20653
1223.41078
1195.94465
2218.45587
1208.65414
1310.34807
1181.29338
1798.54250
1323.44013
1275.33071
1189.66999
1373.39979
1189.56648
1220.53335
1174.46588
1471.42755
1209.72894
1741.50337
1184.44631
1738.51545
1184.49206
1261.20991
1259.70204
1418.45922
1210.67146
1402.34628
1208.01870
1257.26467
1175.09919
1634.81408
1208.12838
1086.72594
1194.74782
1621.92941
1180.83487
2036.35853
1186.43485
1638.07962
1225.34598
1247.13719
1169.03066
1158.50679
1197.22517
1839.10091
1253.18119
1329.60066
1204.39300
4252.80501
1204.27626
1186.76168
1262.72578
1916.54956
1184.00876
2222.00311
1132.19062
1593.55788
1281.95304
1358.49446
1212.31030
1247.30204
1306.25031
1684.58047
1264.44109
1279.93229
1162.98113
2063.93147
1200.15068
1364.29556
1213.37136
2890.28029
1176.34441
1215.23051
1211.50211
2559.66378
1138.07491
1125.96182
1181.29414
1450.64254
1215.53574
1425.01273
1211.97229
1772.07540
1185.12922
1221.58788
1252.98642
1573.74200
1192.30009
1710.44317
1167.15942
1440.40928
1189.52114
1880.72994
1186.39062
1579.30195
1178.67746
2495.91135
1148.46889
1465.42967
1146.72345
2221.64534
1188.16605
1614.29172
1178.10586
1250.88291
1191.15644
1852.09876
1174.29017
1282.82766
1132.81676
1515.01120
1180.96118
1172.61932
1242.04816
1894.07603
1180.07470
1322.81051
1154.84854
1298.45511
1260.40402
1295.60819
1169.87326
1462.64680
1222.77967
2157.71922
1277.62270
1513.84323
1270.40469
2565.50687
1159.37738
1804.24737
1248.74142
2879.31852
1112.97699
1535.04304
1194.57963
1483.95811
1217.50912
2284.57730
1211.81461
1396.46935
1249.34475
1907.33520
1233.83444
2772.95152
1296.69814
1586.23531
1249.96676
2113.18146
1258.25750
1321.76650
1331.58224
1255.18279
1197.50538
1457.84804
1307.67953
1592.68034
1237.58459
1251.92078
1333.26010
2010.13092
1243.65914
2120.57081
1172.76562
3169.17410
1376.77503
1207.42594
1192.31542
1304.64548
1229.00554
1540.95565
1354.52588
2451.52956
1215.54443
1359.29720
1237.81034
1261.47408
1269.59966
1445.17288
1231.29461
2343.62099
1299.94285
1856.95907
1328.62996
1630.71157
1201.07730
1961.46103
1307.89856
1159.93109
1263.41896
1659.04341
1255.00534
1653.78534
1225.20901
1685.21433
1273.33128
2192.57567
1299.52415
1317.29517
1297.31789
1181.72079
1231.34725
1293.08940
1297.45109
1956.39177
1155.56989
1292.88055
1166.59414
1548.00714
1187.23634
1537.84876
1285.69843
1261.35768
1268.98902
1704.71618
1232.94357
2073.65614
1239.29430
1357.26747
1308.04956
1219.31140
1308.12299
1416.52923
1265.08825
1318.07231
1273.15534
1942.17612
1194.60221
1640.26216
1252.98483
2643.48192
1274.00825
1359.83747
1237.60876
1670.44523
1283.40763
1860.13130
1265.40310
1472.31201
1319.37866
2717.16539
1271.67539
1146.93017
1291.49874
1278.52795
1288.24672
1518.64503
1188.85895
2056.59321
1218.71569
1203.16060
1226.66111
1625.03239
1314.22731
1208.29523
1186.24996
1358.12831
1196.62882
1862.57511
1218.97137
1319.18693
1320.04287
1422.45109
1246.93486
1226.98103
1425.21971
1204.14144
1293.69197
2135.16224
1430.02807
1638.48627
1340.02501
2190.56996
1366.18008
1194.80591
1200.80635
1384.90331
1179.80536
2410.21572
1244.39255
1897.25798
1240.03541
1607.60692
1233.33387
1191.35608
1353.37252
1516.11653
1212.56264
1274.82332
1507.96816
2107.60876
1177.93208
1201.68334
1182.40750
1390.43335
1322.38149
1242.67190
1276.49611
1232.09946
1254.71911
1348.56152
1235.61073
1673.04944
1200.29161
1244.88143
1219.95645
2977.52600
1272.93182
1366.19216
1310.17534
2534.58435
1270.15948
2234.73917
1245.06110
1626.80527
1288.72695
1134.17559
1232.46766
1335.90993
1168.82925
1241.72670
1199.90658
1642.49697
1292.58478
2906.62426
1250.54538
1699.02964
1247.77039
1523.95363
1339.53935
2893.44544
1210.69743
1728.35805
1236.90492
1529.49704
1257.56398
1715.33161
1233.68406
1744.99100
1254.16701
1293.11741
1273.31217
1939.98787
1219.77197
2327.32921
1206.23084
1273.26736
1286.66689
1485.63169
1287.69893
2040.77521
1258.20995
1369.46552
1288.48298
1311.85193
1309.60212
1311.41918
1347.16100
2557.08367
1267.11228
1570.06051
1290.90878
2079.43997
1186.15979
1213.11653
1265.06668
1211.19969
1214.96478
1344.15309
1375.37710
1341.06226
1236.95722
1292.42293
1367.76073
1476.09951
1199.47250
2344.04024
1221.80492
3386.03812
1194.76552
1171.43170
1278.34150
2097.33599
1207.54951
1643.83074
1226.03211
1618.56739
1268.80661
1457.83290
1258.39000
1303.85560
1304.24547
1619.56777
1252.25187
1959.71633
1157.79439
3298.97078
1276.11027
1267.46476
1468.49318
1804.31812
1334.73293
1612.83355
1300.83573
1380.77222
1321.56522
2392.43700
1199.37481
1204.79193
1274.25339
1149.88565
1283.17051
1309.24274
1382.51088
1359.48282
1186.62985
1322.08615
1253.14502
1297.44340
1277.33762
2194.61509
1229.59233
2558.90101
1252.44997
1267.66568
1293.42079
1315.92534
1276.23810
1402.37604
1207.12687
1557.26763
1213.44870
1158.25866
1190.11568
1339.55045
1214.97817
1350.44516
1342.84422
1648.23487
1236.39549
1207.09836
1363.54970
1253.73280
1244.53257
1994.56671
1306.27347
1193.91597
1230.87309
1835.19615
1277.61610
1146.23702
1194.32150
1286.02448
1339.49993
1719.79509
1235.97482
1167.80993
1268.38668
1278.63967
1304.25970
1341.97229
1184.41433
1249.83070
1180.11305
1870.39636
1267.53643
1144.12743
1262.44170
1495.56360
1250.80518
1465.09844
1331.60673
1156.88676
1233.00027
1477.35922
1267.78665
1285.77902
1348.30302
2245.91610
1252.98367
1652.93451
1239.06722
2568.47777
1195.57935
1306.86129
1399.39814
1525.05838
1203.42688
1736.80263
1274.20600
1180.79389
1335.58556
1979.27096
1280.17559
1616.45864
1328.27097
2365.91048
1250.37356
1458.24372
1228.86524
1498.09744
1191.31234
1173.13101
1330.33010
1232.11812
1278.54180
1906.26334
1214.49623
1457.80230
1305.55120
3106.46723
1243.13445
2883.25589
1259.15223
1903.91207
1247.03308
1303.27844
1296.00671
1266.82162
1323.44699
1414.27201
1171.54492
2244.41765
1222.24620
2009.81211
1209.07666
6025.58395
1258.80355
2266.02815
1283.27706
1293.33744
1272.16260
1333.64807
1231.05753
1120.92152
1224.12477
1318.86591
