519.7791660000001 1.1368683772161603e-13 519.7791660000001 1.1368683772161603e-13 0
527.603441185 12.395849043623963 563.6572524125 66.21627762378687 5
551.3327873425001 42.810426554568885 677.394221025 219.09272538215006 10
590.9942583175001 101.06758833595991 909.0485245375 529.0017401368734 15
635.2897927175 160.70029050862465 1137.7788577975 959.5381346618233 20
690.2907789025002 243.89145399848977 1461.9127107725 1295.280504069567 25
779.7631957399999 516.9568468112898 2000.822294785 2808.442950259002 30
953.885080685 634.7786025882314 2849.0495967250004 3362.374213674067 35
1025.7230221275 739.1611074243278 3063.1308468475 3866.6160029774423 40
1148.9928299 897.9176645312756 3660.7679573474998 5067.972576556659 45
1328.4126652075001 1148.892960940418 4923.7939678875 6906.699484443373 50
1348.541041235 1173.2749308680536 5532.151285645 7225.918381690281 55
1690.2768711649999 1830.853687409262 6848.178347485 8947.172199027395 60
1752.809558095 1742.4653588009317 6585.967767135 8854.20214345864 65
1980.345304825 2293.5712926765204 7426.2849961075 9365.63977451957 70
2246.1999987175 2632.0107884953345 8536.2726866475 10782.672421511623 75
2289.0913330875 2477.4756009632983 9368.146275892499 11393.84922423542 80
2614.063118895 3288.5166530725387 9551.6797471575 11864.787503440373 85
3629.02346387 4431.8645521786 12484.1160747975 14034.213309313682 90
3491.2605522175004 4447.370932994511 11515.794989547501 13405.254352586453 95
3749.85845272 4599.921388157443 12833.3589057075 14307.216973901273 100
