890.0298189999999 1.1368683772161603e-13 890.0298189999999 1.1368683772161603e-13 0
891.0588466099999 0.5872363628139979 895.198766484 4.360504798137372 5
894.1434814180001 1.800458382047277 911.2478890240001 9.932438839573539 10
899.8008601860001 3.7806361708494256 939.1468228880001 21.598054488717928 15
906.385910234 6.06206679448375 973.1877092200001 30.03190193032649 20
915.904976872 9.592430551023522 1021.554429746 46.41973826493598 25
928.252923868 13.103053502086494 1085.9729076100002 70.96676888228924 30
940.900390132 19.05009615727177 1153.7268903319998 88.67867410453482 35
957.267695952 25.392717478857623 1230.141041314 124.7246529947879 40
972.8538113899999 28.276599938707953 1317.98149232 149.84771370971777 45
994.370814722 35.698820330376265 1435.12702776 186.37397833856068 50
1016.165723044 43.78200697077396 1535.5432123199998 221.94757383561716 55
1039.978897452 53.48227163466339 1644.27342026 248.60302869143987 60
1062.5464891980002 58.5730179637724 1774.88608744 294.9970213601509 65
1097.1224555159997 72.99249101668877 1935.49771502 342.7638476912849 70
1121.0092931240001 85.51008017623424 2081.302557 393.85535756037194 75
1162.2610728799998 99.19060571288475 2254.0586012199997 456.5279475444081 80
1189.0716102 108.17585657827881 2453.1710232600003 498.81602576584424 85
1230.07442528 119.80873838685275 2621.0436853200003 554.5749171976887 90
1257.94927996 127.93315540250175 2818.06984304 646.134404926559 95
1302.6624329200001 135.1251658091973 2983.91429784 714.408466507546 100
