-360. -341. -305. -735. -1678 -1385 -1299 -1410 -1774 -1572 -3358 -3230 -2774 -2129 -2063 -1224 -1134 -913. -856. -823. -286. 33.44 29.40 39.55 -925. -1041 -1114 -1013 -867. -587. 
105.2 1293. 978.4 437.1 400.7 -1146 -1477 -1293 -1334 -1133 -1057 -1198 -1459 -1188 -1064 -989. -1148 -1414 -1341 -1025 -987. -936. -878. -815. -318. -509. -468. -409. -431. -429. 
4963. -6256 -4704 -4417 -3437 -2010 -2007 -1495 -1085 -982. -382. -354. -392. 83.12 -20.7 366.7 323.4 379.4 287.2 268.1 145.7 306.5 523.4 484.9 453.9 430.6 412.1 401.5 254.8 127.2 
-4347 -3125 -3488 -2176 -1348 -936. -801. -1162 -981. -1226 -1123 -374. 91.63 47.01 36.24 -379. -145. -241. -189. -177. 60.01 102.5 40.77 -78.5 -105. -227. -248. -247. -239. -423. 
4416. 3459. 2740. 2089. 1274. -120. 740.7 144.7 -1254 -1048 -900. -865. -229. -653. -620. -540. -154. 44.79 3.989 -20.1 -340. -548. -703. -949. -791. -778. -683. 372.8 358.3 -77.8 
2632. -8578 -4248 -8623 -7990 -7816 -3972 -3536 -3161 -1459 -1784 -1978 -1383 -1478 -691. -719. -473. -471. -1265 -1162 -892. -6.43 -65.6 29.89 -45.7 -150. 81.31 -434. -562. -553. 
-2299 -2527 -386. -287. -1302 -1100 -989. -944. -841. -802. -701. -789. -294. -143. -140. -68.3 -81.4 -57.6 -110. -103. -142. -176. -214. -116. -116. -74.7 13.75 -160. -241. -259. 
692.0 -62.7 -3988 -7907 -6279 -5151 -2087 -3764 -3425 -2897 -2042 -2678 -2433 -2241 -2092 -1889 -1888 -1744 -1660 -2354 -2234 -2399 -1919 -1819 -1753 -1634 -1583 -1675 -1640 -1607 
-226. -7809 -5537 -4069 -3394 -2640 -1917 -1715 -1516 -1399 -1322 -1415 -1136 -1089 -967. -669. -640. -663. -649. -353. -340. -386. -575. -473. -285. -211. -189. -90.5 -308. -280. 
-2359 -1170 -6948 -8872 -8272 -7184 -5859 -5342 -3024 -2125 -1790 -229. -444. -383. -364. -24.0 -109. 28.01 33.32 52.51 727.1 663.2 684.8 662.7 614.5 626.8 742.8 690.0 671.3 755.9 
712.1 31.44 -629. -623. -1251 -992. -1163 -773. -679. -135. -77.6 -71.2 1496. 1748. 1624. 1402. 1426. 1651. 1381. 1234. 1184. 1345. 1103. 1029. 685.2 775.1 851.8 812.2 758.2 634.0 
-2701 -1307 -3096 -2164 -1384 -963. -811. -747. -350. 966.5 829.0 389.1 361.6 309.9 458.4 427.7 430.8 248.8 242.6 300.4 559.2 475.3 454.6 491.0 291.5 138.0 119.2 505.5 389.8 381.2 
2756. 4915. 4269. 3011. 2488. 1990. 1483. 1285. 1068. 1061. 1111. 820.5 862.8 768.9 865.1 811.4 888.8 1030. 1047. 940.9 911.1 800.6 655.5 519.8 150.8 32.83 -29.3 -3.16 -29.6 -1751 
2330. 6334. 3927. 475.1 688.6 3056. 1156. -280. 497.7 899.8 998.2 877.3 510.8 3440. 7335. 7005. 6520. 8217. 7713. 5479. 5494. 5321. 4202. 3849. 2787. 2459. 2621. 2603. 2516. 2447. 
6175. 4369. 3024. -780. -2303 -975. -1204 -874. 541.2 3793. 3424. 3292. 3057. 1462. 1395. 1301. 1308. 1350. 1298. 1789. 1710. 2625. 2528. 1941. 1342. 1418. 1376. 1360. 1640. 1580. 
-1226 -760. -814. -370. 392.7 1165. 307.5 108.9 390.7 350.3 288.0 283.2 185.2 -84.8 -32.3 14.81 199.2 188.5 42.80 -355. -274. 211.5 222.2 191.7 183.6 179.2 127.1 113.7 129.5 47.08 
9654. 2695. 13891 10046 7809. 6865. 4803. 3159. 2532. 2245. 2275. 1942. 1684. 1272. 1451. 630.9 923.4 760.5 776.4 736.4 603.1 406.5 467.7 278.6 872.4 2240. 1381. 1308. -329. -389. 
-3935 -2293 -520. -664. -714. 529.4 622.4 479.9 -254. 469.7 422.2 503.4 301.3 340.0 831.4 800.3 1803. 3090. 2667. 2582. 1503. 1416. 1394. 1441. 1660. 1632. 1669. 2042. 2292. 2285. 
-6328 -4567 -1321 1528. 2037. 2912. 2393. 1851. 1917. 1802. 2349. 3337. 3240. 3243. 3199. 3067. 3011. 3909. 3588. 3384. 1279. 1273. 1291. 1277. 1206. 1090. 1022. 950.4 867.8 1007. 
-155. -746. -254. -1737 -2201 -2259 -1421 -1700 -1314 -600. -1300 553.6 389.4 -67.3 -4.24 -25.5 -17.9 -300. -532. -685. -778. -753. -649. -656. -572. -685. -702. -733. -702. -743. 
280.6 3730. -980. -695. -584. 685.8 607.9 660.2 641.0 499.5 -119. 37.42 -170. -97.9 -124. 16.10 82.12 -51.4 -279. -73.8 -613. -587. -410. -457. -387. -279. -233. -282. 607.6 605.3 
1844. 4365. 3056. 2435. 2510. 2575. 2211. 2153. 2362. 2133. 1596. 1286. 1484. 1361. 1441. 1316. 1290. 1131. 885.2 1059. 736.5 755.7 742.8 706.5 922.9 742.6 932.7 1234. 1205. 757.0 
-1986 635.7 -1085 -691. -483. -566. -635. -945. -877. -1009 -1045 -890. -1033 -952. -1077 -1388 -1751 -1613 -1457 -1372 -1200 -1389 -1248 -1557 -1456 -1321 -1275 -1205 -1101 -955. 
6635. 3275. 2388. 1776. 1366. 1264. 1561. 1032. 920.6 894.1 764.1 690.1 271.9 311.7 235.9 201.5 940.1 890.7 871.6 541.8 588.7 620.8 525.1 636.9 681.2 676.4 625.5 575.6 312.0 275.0 
781.8 333.6 486.0 383.4 -241. 4.892 -48.9 -36.6 -108. -90.8 -80.0 -161. 81.95 116.4 102.6 65.88 150.5 152.7 157.0 145.9 328.4 444.7 469.0 450.3 396.3 407.9 365.4 132.7 43.24 34.38 
2883. 1529. 1308. 941.1 740.1 148.4 203.6 -69.8 -267. -481. -555. -490. -521. -608. -555. -625. -638. -590. -549. -654. -578. -581. -1194 -1155 -1114 -910. -877. -842. -803. -785. 
-388. 1040. -425. -406. -450. -447. -444. -554. 154.1 167.4 144.3 -288. -22.7 -204. 256.8 476.6 288.6 291.5 249.5 258.2 250.3 326.8 296.3 317.2 253.5 292.7 311.2 255.2 249.8 235.6 
516.9 -291. 606.2 614.1 671.4 525.3 651.8 788.0 697.3 300.7 280.9 361.5 347.3 555.4 559.3 530.8 350.6 220.5 247.9 307.7 237.5 223.2 157.7 207.9 184.6 212.9 212.2 49.59 51.72 115.6 
8.196 -995. -991. -918. -825. -1066 -631. -556. -472. -386. -330. -326. -251. -333. -261. -338. -237. -99.8 -84.6 -221. -200. -142. -95.4 -22.2 103.5 31.82 12.26 31.59 42.23 -7.28 
78.70 631.5 802.3 625.0 -737. -713. -473. -421. -258. -282. -245. -104. -139. -25.7 -35.8 -14.4 -108. -160. -110. 47.05 116.7 67.86 68.80 41.39 170.8 203.7 -159. -164. -165. -161. 
-2195 -2589 -1762 -1284 -743. -1671 -1370 -1198 -1094 -695. -860. -603. -551. -635. -587. -598. -685. -681. -982. -860. -837. -781. -806. -773. -711. -694. -765. -688. -739. -867. 
-328. 379.2 -107. 824.1 661.0 506.9 539.6 499.2 823.6 730.3 798.6 393.3 359.4 329.7 333.2 275.2 206.8 372.7 383.6 371.0 353.7 356.8 341.7 332.3 299.8 332.2 317.7 201.0 210.6 201.1 
-1578 -820. -546. -47.4 -165. -76.2 194.0 232.1 -188. -97.1 -91.7 -271. -425. -386. -268. -317. -219. -245. -248. -151. -168. -162. -125. -130. -99.2 -219. -222. -188. -187. -136. 
581.8 -797. -869. -1032 -546. -410. -663. -1038 -954. -978. -881. -737. -874. -658. -609. -411. -389. -357. -338. -380. -360. -338. -426. -415. -511. -743. -826. -792. -762. -712. 
3979. 1592. 2023. 1175. 1085. 827.2 333.1 316.0 270.1 173.6 162.1 91.11 93.86 142.3 127.1 120.4 102.0 326.9 190.7 177.8 284.6 374.5 316.3 139.2 433.4 436.6 351.8 302.3 322.6 248.8 
495.2 453.8 320.3 325.5 104.9 122.5 218.1 456.9 437.3 409.1 368.5 384.1 446.8 414.6 331.1 407.3 513.9 497.7 476.4 436.1 407.1 413.1 500.1 484.7 448.5 521.6 497.9 477.3 525.2 505.0 
1944. 3917. 1877. 1132. -362. -426. -372. -186. -134. -237. -616. -581. -505. -466. -410. -381. -315. -379. -390. -413. -434. -427. -260. -253. -312. -201. -397. -423. -409. -395. 
-32.8 141.7 -443. -354. 188.4 103.9 -234. -179. -217. -144. -106. -72.3 -97.0 -48.8 -59.2 -91.7 -203. -208. 101.3 63.54 114.2 111.8 103.5 13.69 17.06 1.340 4.951 -14.8 0.771 54.46 
1867. 719.7 497.7 -402. -323. 18.20 10.51 109.4 -73.7 -48.7 -7.56 -6.63 -22.1 -21.4 -33.7 -59.9 -247. -51.8 -73.7 -92.0 4.729 -226. -46.1 -38.7 -135. -108. -170. -186. -298. -285. 
-227. -66.7 58.61 187.3 269.9 20.57 -100. -90.1 408.2 380.5 -354. -13.8 -35.4 -223. -166. -223. -127. -193. -3.16 -112. -100. -30.8 1.620 28.15 -25.7 -10.5 10.01 16.44 -20.7 111.3 
76.24 -102. -229. -183. -219. -138. -132. 40.75 391.9 255.9 294.8 233.6 121.0 115.3 15.91 -118. -134. -102. -106. -192. -213. -132. -347. -348. -345. -335. -375. -351. -274. -253. 
-662. -543. -226. -63.2 4.939 10.67 -96.2 339.2 427.3 487.9 322.5 408.0 362.4 387.3 326.7 297.1 393.3 383.4 362.7 341.5 323.2 318.5 322.7 332.0 358.9 297.6 290.7 279.0 190.7 185.4 
-794. -387. -525. -582. -438. -378. -284. -63.7 7.804 35.92 -0.14 -117. -125. -75.8 -90.0 -118. -110. -132. -76.6 -53.0 8.559 30.40 173.6 199.5 170.9 118.4 123.7 80.60 104.2 147.5 
-61.3 -66.6 -58.0 -80.6 -496. -541. -136. -99.3 -86.8 -243. -250. -226. -198. -507. -455. -828. -771. -614. -584. -561. -403. -372. -373. -377. -361. -249. -212. -68.3 -65.2 -135. 
1619. -846. -756. 60.05 336.8 346.0 282.9 272.4 229.5 342.5 309.4 283.3 272.6 271.2 276.5 292.9 275.9 249.3 236.4 220.8 198.3 208.1 247.1 196.7 221.6 155.5 134.3 162.9 167.8 162.0 
-112. -1857 -1318 -942. -86.2 -431. -549. -656. -618. -535. -508. -456. -393. -477. -373. -358. -314. -439. -418. -396. -383. -352. -339. -351. -297. -298. -276. -258. -175. -179. 
-1991 -1074 -617. 1039. 826.7 723.7 979.2 798.7 731.7 723.2 1115. 975.5 858.4 799.7 632.8 592.1 499.6 467.8 426.4 411.5 419.3 322.9 256.5 234.4 227.9 223.3 299.2 288.5 266.0 238.3 
1425. 831.3 925.5 695.4 630.6 729.0 641.7 612.1 531.2 445.9 389.2 395.0 717.2 667.8 637.3 557.4 575.9 556.7 534.4 477.2 445.7 422.7 331.8 243.5 243.2 255.7 238.6 227.3 189.8 219.6 
1305. 426.9 699.0 -10.8 -534. -417. -269. -265. -232. -159. -159. -238. -459. -706. -649. -622. -515. -502. -504. -454. -377. -303. -299. -285. -296. -300. -193. -191. -154. -98.3 
-161. -494. 882.0 241.0 7.196 499.2 436.8 383.8 274.1 241.3 253.0 172.3 130.5 22.66 130.6 95.39 39.75 -115. -108. -95.2 -105. -52.5 -80.2 -76.9 -198. -166. -158. -160. -158. -160. 
-612. 711.5 -138. -51.6 123.0 -48.5 -62.9 -50.8 -56.2 -378. -133. -214. -199. -198. -238. -346. -310. -275. -282. -239. -208. -216. -208. -199. -191. -151. -117. -117. -116. -65.0 
-1629 -923. -949. -594. -439. -384. -407. -290. -128. -110. -281. -284. -468. -256. -289. -274. -269. -262. -229. -317. -328. -313. -265. -254. -314. -292. -283. -301. -296. -284. 
-26.6 -334. 1693. 1228. 988.0 837.9 892.2 706.9 680.8 608.6 538.6 392.6 321.0 321.6 388.5 361.9 267.9 294.4 288.5 185.9 204.3 331.8 303.3 287.2 308.4 436.5 526.0 572.8 541.5 257.9 
-1591 163.5 123.2 -17.4 -44.0 571.2 498.6 397.1 564.7 494.1 366.8 311.5 302.5 288.4 272.4 323.7 323.7 295.1 383.6 334.3 294.9 268.8 265.0 253.3 237.3 246.0 274.6 321.4 308.6 290.2 
-12.2 830.9 177.4 213.3 132.6 88.43 -188. -143. -2.21 2.227 -90.6 -114. -149. -21.5 56.78 172.1 158.0 131.9 231.4 217.9 223.4 180.0 176.3 190.9 81.26 74.54 164.9 79.99 90.04 85.38 
65.14 -500. -474. 82.79 187.1 303.3 261.3 231.0 149.5 133.0 50.05 54.02 71.89 72.64 31.13 94.55 -28.5 -316. -275. -287. -315. -229. -261. -208. -187. -220. -233. -135. -121. -190. 
-2208 -2419 -1613 -1486 -907. -765. -613. -552. -423. -352. -367. -259. -346. -149. -75.4 -155. 27.04 22.31 -63.5 -70.3 -97.6 -96.1 -74.9 -85.0 -113. -127. -153. -149. -74.5 -51.9 
667.2 -695. -588. -519. -326. -443. -383. -334. -291. -305. -227. -207. -178. -174. -172. -151. -193. -133. -71.6 -74.3 -23.3 -19.4 -62.7 -59.9 -113. -174. -203. -181. -180. -150. 
-258. -324. -330. -247. -218. -178. -147. -267. -155. 60.11 195.4 251.7 100.7 216.8 173.6 161.3 171.7 54.28 73.98 72.01 169.6 50.75 22.07 -7.70 62.00 59.26 49.48 43.66 43.27 25.02 
-1181 -1631 -931. -746. -511. -231. -311. -279. -776. -714. -553. -567. -550. -484. -452. -507. -537. -584. -559. -423. -293. -294. -285. -261. -241. -222. -216. -215. -201. -148. 
366.2 317.7 110.7 -41.8 -113. -107. -101. 492.5 280.0 256.1 207.3 189.1 169.3 55.75 139.6 141.1 156.1 153.6 179.6 198.3 201.2 38.05 64.60 31.72 4.866 -27.0 -75.8 -75.5 -78.3 -125. 
151.2 64.24 -731. -619. -667. -611. -791. -676. -633. -222. -256. -229. -359. -292. -291. -217. -138. -127. -104. -105. -125. -115. -110. -96.9 -88.5 -80.2 -77.0 -71.9 -79.1 -74.7 
717.0 245.8 165.0 324.2 255.3 238.8 270.8 288.6 248.8 138.1 128.9 126.8 112.9 118.5 155.2 245.7 234.1 225.8 214.5 204.5 190.2 257.2 181.8 169.8 147.4 116.0 106.9 100.4 101.1 90.71 
171.3 299.1 -185. 158.0 64.92 542.8 456.1 360.9 251.7 371.1 321.0 312.1 308.8 270.4 250.3 336.0 319.9 293.6 269.3 256.4 247.0 236.1 167.1 155.0 195.6 220.3 269.1 231.2 271.8 308.2 
249.6 -503. -561. -895. -739. -367. -274. -181. -100. 56.58 -184. -181. -136. -97.6 -98.0 -146. -144. -145. -125. -173. -176. -162. -156. -137. -122. -162. -138. -128. -108. -78.0 
-58.8 487.6 -169. -74.7 -9.57 -53.2 -26.3 -23.7 16.01 -13.6 -110. -101. -190. -348. -347. -368. -326. -323. -310. -221. -210. -168. -188. -176. -162. -130. -173. -235. -208. -206. 
1148. 592.8 403.3 456.0 348.7 304.2 218.9 139.7 42.85 202.3 228.1 200.0 127.8 231.5 200.8 173.4 163.6 51.67 11.51 128.6 194.6 187.3 174.1 166.5 168.2 194.4 188.4 186.5 179.9 182.1 
-613. 444.4 8.234 -55.6 -70.8 -54.7 -97.8 -118. -174. -127. -181. -191. -116. -220. -256. -248. -182. -173. -252. -252. -259. -123. -125. -53.5 -22.7 -54.5 -3.42 -23.0 -21.5 -20.0 
-340. -1906 -1711 -1201 -582. -444. -242. -200. -159. -142. -130. -84.9 -111. -270. -195. -168. -130. 1.531 -5.44 -31.9 -6.77 -5.29 -4.62 -2.62 -20.9 -48.3 -52.3 -58.3 -50.5 -10.4 
227.9 151.9 1040. 557.5 773.9 654.0 568.8 989.2 843.4 745.5 671.2 574.4 300.7 273.5 225.6 208.4 146.1 195.3 246.7 242.5 245.7 261.5 239.5 215.6 271.4 259.3 248.5 221.9 230.6 283.7 
944.9 408.1 222.2 266.8 197.5 177.0 138.4 163.3 211.7 200.5 214.1 175.0 177.0 140.7 133.8 86.49 134.3 178.3 176.8 164.8 188.7 226.8 210.9 195.7 125.9 87.43 131.8 118.4 155.6 131.7 
-36.3 57.80 358.7 204.1 313.3 262.9 154.4 25.64 -54.6 15.80 -114. -389. -381. -419. -194. -181. -148. -113. -32.4 -45.3 -46.1 137.7 84.75 88.17 85.76 84.74 43.45 16.85 26.37 53.84 
-119. -183. 175.6 132.8 65.17 147.8 187.7 119.7 -60.9 -89.4 -263. -176. -268. -214. -155. -205. -192. -300. -295. -279. -271. -258. -304. -302. -280. -254. -165. -157. -124. -120. 
189.9 229.2 17.91 16.74 79.67 151.1 -14.7 -97.3 -232. -242. -92.7 -39.5 81.60 76.88 71.54 97.07 93.39 79.11 40.26 -25.7 22.19 14.42 43.53 -15.8 -14.2 32.87 58.09 58.61 65.39 72.13 
303.5 132.2 -11.4 -1.87 -360. -186. -154. -74.9 -73.8 -499. -458. -422. -386. -363. -335. -335. -352. -321. -361. -331. -298. -277. -289. -278. -267. -282. -277. -267. -265. -251. 
180.6 173.4 138.1 311.7 233.2 194.7 129.4 111.2 98.18 203.2 229.3 217.0 282.5 286.9 205.9 185.7 189.4 171.7 146.0 160.7 155.7 118.1 154.5 185.7 154.4 149.0 132.0 126.5 126.2 125.0 
-1739 -1290 -325. -317. -341. -262. -276. -242. -209. -175. -156. -156. -74.9 -47.8 -12.1 -153. -135. -51.9 -49.0 -66.2 -69.3 -66.5 -78.0 -122. -118. -149. -142. -132. -107. -101. 
157.5 -423. -786. -612. -986. -951. -527. -481. -427. -395. -404. -541. -403. -355. -284. -170. -180. -171. -158. -146. -137. -79.0 -133. -113. -96.1 -87.5 -143. -146. -118. -118. 
1878. 1011. 700.5 475.9 413.1 434.0 788.2 699.3 717.8 657.2 595.4 571.1 631.4 529.8 465.9 455.6 440.7 463.0 439.9 389.6 359.9 303.5 232.8 224.2 238.5 250.0 230.1 234.1 357.8 345.5 
-686. -499. -571. -391. -289. -60.1 104.2 94.91 96.17 75.97 97.07 63.83 72.12 76.98 74.56 91.65 91.79 96.95 107.8 246.8 181.8 93.10 105.5 97.14 133.7 116.9 91.01 75.12 50.91 69.17 
-830. 254.7 -31.6 -323. -298. -250. -252. -204. -117. -132. -118. 50.15 54.81 84.30 162.3 89.21 80.53 87.15 69.00 68.27 89.26 84.41 108.9 100.7 83.61 75.47 73.97 165.6 159.9 215.9 
-607. -262. -381. -358. -29.1 -30.4 -78.3 -97.8 -74.4 17.95 36.85 27.73 53.96 45.95 30.57 25.30 61.24 28.78 16.51 12.09 -5.73 -47.7 -33.4 -20.8 24.87 34.20 32.54 44.84 50.80 60.97 
196.4 -24.2 641.6 456.4 246.1 191.7 163.8 148.3 151.6 153.9 100.8 11.64 41.43 31.95 -29.9 -135. -211. -222. -193. -188. -181. -178. -190. -208. -200. -192. -166. -160. -245. -247. 
-6.74 -12.2 31.55 362.7 367.8 341.1 105.2 26.72 -112. -77.0 -44.7 -40.3 -24.8 -19.7 -106. -96.9 -252. -218. -197. -179. -174. -88.9 -85.1 -80.2 -46.7 -44.3 -43.0 -53.3 -47.0 -43.9 
-100. -100. 7.836 294.9 -134. -154. -158. -257. -206. -224. -125. -127. -47.1 -68.3 -47.0 -14.4 -115. -118. -38.9 -40.1 -13.5 -7.32 -19.6 44.10 39.82 76.10 85.75 288.7 263.9 264.0 
1291. 1053. 691.6 685.3 440.5 233.8 109.7 96.36 -77.9 30.24 49.95 129.0 123.1 36.74 34.37 19.85 44.66 56.11 5.429 -21.3 -18.2 -20.3 -48.2 -25.9 -33.3 -39.2 -69.8 -51.3 -72.9 -89.2 
1424. 837.7 700.5 733.5 549.8 552.6 439.3 393.1 347.7 263.7 162.9 184.4 179.7 169.7 191.8 289.1 275.8 317.1 298.5 191.2 183.4 160.5 139.6 137.4 101.8 173.0 175.8 198.5 188.8 163.0 
48.45 22.41 135.5 221.8 151.2 133.3 -90.7 -38.5 87.51 76.77 69.39 157.5 129.1 134.5 113.0 110.4 110.9 120.0 109.6 104.4 92.78 -1.61 56.83 117.9 60.37 69.63 65.14 47.50 136.4 157.2 
700.2 113.1 -45.9 -33.1 325.3 329.9 400.2 354.2 326.2 128.9 111.2 410.0 277.8 305.5 285.0 362.8 319.5 420.2 376.6 473.4 450.8 429.6 401.7 477.0 458.9 430.9 413.0 381.9 293.0 273.3 
-605. -379. -203. -48.6 4.628 -126. -122. 23.87 -117. -100. -90.1 -138. -99.0 -250. -287. -277. -315. -300. -287. -273. -289. -253. -217. -271. -261. -189. -106. -122. -111. -107. 
112.3 -58.1 155.2 224.0 180.1 211.8 103.5 89.63 79.23 60.76 66.88 60.12 54.46 22.97 73.32 70.69 49.55 62.26 89.31 25.35 -13.0 71.75 78.09 126.4 121.1 130.9 118.4 109.5 85.92 84.42 
-590. -131. -68.6 -122. -235. -159. -219. -264. -232. -337. -308. -279. -191. -143. -195. -178. -171. -194. -181. -173. -164. -196. -196. -166. -88.4 -141. -143. -132. -161. -153. 
-19.6 -894. -595. -465. -514. -515. -376. -285. -287. -259. -336. -321. -291. -332. -332. -288. -232. -225. -244. -187. -206. -198. -193. -131. -127. -130. -114. -110. -110. -89.2 
-134. -57.0 360.7 250.4 102.1 80.44 109.3 118.5 104.1 -69.8 -82.0 -149. -112. -103. -51.6 -61.2 -76.3 -184. -59.9 -89.9 -57.0 -58.3 -57.1 -45.5 -27.7 -26.5 -89.9 -90.9 -188. -179. 
419.1 211.8 -430. -249. -201. -160. -59.1 -149. -110. -98.9 -16.0 -126. -145. -129. -30.9 -30.7 0.554 -1.01 11.20 9.422 9.062 6.887 37.67 33.90 1.752 8.739 -70.6 -34.0 -19.2 -3.78 
-415. -645. -146. 436.2 348.0 302.1 240.0 217.9 197.9 169.4 72.71 78.63 120.6 156.9 66.83 27.03 -19.8 -79.9 -71.3 -121. -112. -113. -90.0 -38.7 -16.9 -11.8 -34.0 -31.1 -28.8 -30.4 
68.54 223.0 2.602 33.48 38.17 -69.9 -79.8 -138. -135. 44.15 18.43 -41.1 -20.0 -18.0 -34.2 2.279 23.77 41.51 2.310 -0.00 -12.5 2.665 6.370 40.05 45.70 50.39 56.68 45.73 48.32 52.96 
-556. -147. -98.5 157.1 139.8 80.19 -62.0 -107. -110. -79.8 -24.0 -112. -86.2 -113. -100. -84.2 -81.6 -80.0 -74.8 -71.1 -40.1 -41.5 -40.3 -40.6 -23.2 -22.7 -16.8 -18.6 -17.8 -26.9 
1340. 362.4 1033. 859.4 691.1 575.7 460.5 413.6 365.5 404.5 367.0 349.2 255.0 243.4 228.6 206.4 161.4 108.3 95.82 114.0 112.2 125.7 122.1 121.6 95.69 115.0 128.5 146.2 155.0 137.9 
1581. 614.5 1175. 854.2 771.4 590.8 526.6 403.7 370.6 301.8 280.4 310.0 302.0 343.6 317.6 178.6 201.0 187.3 168.3 159.7 123.5 108.1 79.88 82.82 75.75 73.43 95.96 56.81 65.33 76.49 
-688. -339. -168. -195. -272. -310. -294. -351. -283. -270. -222. -364. -294. -229. -213. -200. -200. -182. -152. -131. -76.6 -70.4 -63.0 -49.0 -38.8 -19.4 -10.7 -7.95 -10.9 -10.6 
-0.18 -255. -481. -240. -206. -164. -190. -183. -181. -116. -56.0 -66.7 -39.8 -21.2 -4.62 2.571 39.24 34.50 41.59 85.40 85.66 136.1 122.3 112.8 103.0 99.07 96.88 130.2 119.2 108.8 
-22.7 24.10 91.71 514.9 413.9 371.0 332.7 185.6 151.5 220.3 210.1 185.6 174.2 158.3 291.6 273.4 251.0 256.5 251.4 209.4 197.0 202.6 273.7 265.1 260.5 218.4 179.1 197.7 210.9 200.8 
-268. 4.414 -83.5 -74.5 61.90 40.16 -10.5 -29.8 -19.0 -64.4 -67.5 -68.6 6.716 30.25 132.9 216.4 215.4 202.9 189.4 160.7 176.6 160.0 171.7 95.88 64.59 59.26 64.12 50.00 46.19 46.70 
-252. 2.842 22.46 110.1 236.2 197.8 159.6 177.9 174.0 111.6 142.2 135.2 110.3 105.5 78.36 75.39 57.89 -11.7 23.42 21.61 30.48 19.21 12.86 10.98 16.90 15.30 14.23 10.18 11.90 37.76 
-438. -261. -161. -192. -101. -92.0 -131. -155. -124. -111. -134. -112. -94.1 -87.7 -73.6 19.11 15.90 20.89 18.38 4.023 0.615 30.47 10.67 6.607 22.65 49.51 31.02 -6.38 -8.51 -12.9 
-97.5 21.92 -47.5 -193. -139. 5.225 -5.69 41.24 122.1 106.6 158.0 80.01 114.4 77.66 99.69 88.09 57.93 29.79 17.53 120.7 107.0 121.4 162.0 189.8 174.5 184.9 212.8 201.0 190.9 184.2 
-177. -209. -165. -263. -205. -181. -293. -210. -185. -214. -209. -185. -206. -191. -213. -174. -178. -167. -156. -152. -105. -60.5 -58.3 -55.8 -9.28 -8.05 -0.78 -8.35 -11.8 -39.6 
-431. -199. -153. -133. -171. -123. -107. -218. -191. -181. -179. -187. -190. -219. -220. -203. -251. -264. -250. -227. -238. -236. -198. -276. -253. -229. -248. -245. -240. -248. 
-41.5 47.08 16.92 -117. -76.7 -71.7 -118. -72.1 -11.5 -8.00 -46.1 -42.1 -8.55 19.27 0.726 -3.10 4.653 -10.8 -15.0 71.79 69.61 79.86 84.55 84.08 65.98 67.42 63.02 58.51 31.06 35.24 
933.9 1485. 1345. 1035. 849.3 713.1 554.2 487.7 429.7 403.1 455.9 498.3 427.9 404.6 418.6 393.6 331.0 321.7 228.9 220.2 201.6 191.5 182.0 177.1 179.2 175.0 120.7 115.7 79.38 91.36 
155.2 174.1 112.9 84.91 62.49 36.79 67.60 63.96 87.51 79.39 74.65 59.19 38.98 36.47 28.81 91.50 112.3 146.6 167.4 143.9 141.9 136.6 108.6 109.7 104.5 98.42 97.38 87.88 83.19 147.7 
-76.6 -3.21 86.67 223.6 42.61 -2.11 5.776 3.709 -61.2 -137. -117. -106. -124. -114. 44.75 21.72 34.60 -3.15 -55.7 -39.3 -20.5 -73.3 -49.5 -42.7 -18.7 -21.9 21.61 42.76 55.71 68.57 
502.8 272.0 111.8 26.54 81.26 82.19 29.57 97.35 106.0 17.61 -25.1 28.05 12.31 111.2 107.6 154.1 144.8 142.8 120.7 151.3 117.1 150.0 146.0 149.9 98.81 93.86 89.50 90.34 97.71 89.54 
141.1 940.0 620.6 685.5 542.7 492.6 477.3 185.3 157.6 116.8 108.7 84.03 86.35 -8.94 -6.42 -67.7 -47.0 -70.0 -66.1 -48.9 -98.4 -108. -76.7 -32.9 -27.8 -28.7 -60.9 -52.1 -46.4 -41.1 
-143. -209. -571. -270. -33.3 -21.4 -7.75 70.71 97.63 88.41 78.63 38.80 31.02 39.92 37.06 39.08 29.47 29.38 32.73 29.47 29.98 30.21 37.05 113.7 127.0 144.2 123.5 145.0 143.0 115.8 
-35.2 -412. -257. -252. -279. -161. -119. -62.6 -57.8 -42.2 61.51 -28.6 -27.0 -24.3 -18.6 -2.17 -7.58 94.06 116.7 104.8 199.3 190.8 183.9 175.7 131.1 149.9 120.6 103.8 112.8 122.2 
50.71 45.63 -90.3 22.23 76.57 135.7 107.1 145.7 236.6 171.1 162.5 152.2 150.4 167.6 136.0 130.8 121.5 102.3 103.4 92.58 93.88 140.5 130.4 121.9 118.0 127.8 127.6 101.4 101.1 95.27 
-74.4 -57.7 -50.2 21.01 -254. -212. -146. -155. -177. -165. -143. -156. -150. -193. -176. -188. -327. -315. -300. -292. -278. -261. -265. -263. -270. -246. -240. -254. -259. -252. 
423.0 403.3 308.9 380.4 334.6 431.1 324.1 310.4 270.7 230.5 210.4 214.0 133.7 123.9 122.6 116.9 93.48 92.33 139.3 127.6 122.1 146.9 174.2 176.7 251.4 241.8 226.6 218.5 211.1 221.2 
-1272 -541. -358. -243. -153. -136. -123. -122. 58.63 172.6 195.3 196.7 161.6 210.4 181.2 210.0 231.3 166.6 265.3 248.5 226.2 193.0 176.7 176.3 166.9 160.7 131.4 126.7 149.2 194.3 
-1090 -891. -525. -364. -386. -342. -374. -304. -274. -268. -274. -251. -198. -182. -159. -66.9 -65.9 -76.0 -72.3 -61.9 -49.0 -45.4 -40.0 -24.4 -18.0 20.35 67.58 13.72 12.43 12.98 
-165. -584. -564. -392. -306. -325. -506. -446. -401. -451. -440. -419. -375. -296. -255. -311. -260. -264. -206. -205. -190. -167. -144. -137. -131. -115. -123. -120. -148. -139. 
-236. 148.5 193.9 145.7 132.4 995.8 848.1 761.0 742.6 612.5 544.9 468.4 441.7 413.9 387.2 385.9 365.7 300.4 219.9 203.6 184.3 199.5 198.3 206.3 219.2 204.8 194.6 186.9 183.3 187.8 
-539. -431. -249. -48.7 -210. -172. -155. -78.7 -82.4 -69.4 -120. -89.4 -121. -56.9 -47.8 34.57 33.74 13.12 -40.5 -35.4 -24.2 -41.7 -28.7 -25.0 -21.7 -9.03 29.82 17.73 18.73 -17.8 
163.6 -121. 73.51 105.4 69.07 67.02 28.28 23.14 37.35 -22.5 -6.79 -13.4 -5.19 3.519 23.22 20.41 16.02 2.629 -45.0 -48.5 -61.4 -84.4 -28.7 -40.2 -49.0 -48.9 -29.6 28.54 28.12 14.20 
11.24 -776. -423. -229. -135. -105. -174. -132. -56.2 -69.1 -65.5 -27.1 -61.4 -43.9 -6.36 -8.30 -69.5 23.08 95.99 267.1 270.9 274.8 274.4 242.4 198.1 186.6 190.0 211.7 181.2 176.3 
861.8 449.7 160.1 -57.7 -7.50 38.86 19.80 -88.9 -169. -55.9 -79.1 -117. -128. -118. -51.3 -47.7 -62.1 -35.8 -36.7 -34.1 -2.58 -33.1 -33.6 -19.1 -17.6 -14.9 -31.7 -20.3 0.448 -2.92 
0.187 237.1 143.4 110.9 144.9 92.27 371.0 278.9 323.1 255.4 387.7 363.9 354.7 331.6 315.6 306.7 290.5 277.8 354.4 314.6 283.2 270.8 308.6 301.2 288.5 267.9 259.5 257.8 265.4 252.7 
-180. -90.4 -60.7 -2.26 -8.38 47.70 -9.98 -37.3 -59.9 -56.4 -118. -130. -117. -107. -90.9 -149. -137. -130. -123. -110. -129. -123. -124. -107. -95.8 -90.7 -93.3 -94.5 -93.6 -82.8 
297.9 52.25 90.57 86.21 111.5 79.27 199.4 173.6 179.5 178.5 154.9 168.1 163.5 151.9 134.1 129.4 101.2 82.93 176.5 151.4 146.3 145.4 151.6 139.7 134.4 128.0 116.8 74.81 71.94 36.51 
280.2 384.8 237.3 -117. -125. 42.79 143.2 49.08 40.44 7.161 89.38 -10.1 -23.2 -35.3 -34.1 -29.5 -15.2 -11.6 9.996 -23.7 -26.0 -52.2 -50.3 -36.8 -36.1 -38.4 -11.2 -18.9 -28.4 -21.1 
-131. -122. -39.1 459.8 408.7 350.1 329.2 271.7 234.9 200.6 205.1 221.7 189.3 165.4 151.8 156.5 147.6 134.9 129.2 148.9 138.5 123.5 126.7 118.5 116.0 111.4 37.45 42.84 46.04 57.98 
85.35 138.9 162.5 -124. -222. -207. -179. -153. -166. -147. -90.1 -83.1 -5.66 6.879 3.475 -6.15 -14.5 -22.8 -26.1 -41.4 -46.8 -47.2 -46.8 -44.9 12.86 23.40 16.53 -84.5 -79.2 -92.2 
-328. 475.7 189.9 333.2 273.7 278.6 229.0 214.0 343.7 376.3 388.6 313.4 273.4 247.9 240.4 228.7 210.2 204.2 179.9 271.6 262.2 240.9 231.3 222.3 213.5 205.0 175.3 166.2 169.8 167.8 
-324. -277. -206. -168. -115. -92.7 -176. -85.3 -111. -54.8 -41.7 -44.9 -69.4 -18.4 -27.4 -43.2 -41.1 -35.9 -34.6 -36.6 -69.1 -40.9 -40.7 -54.6 -54.9 -79.1 -90.8 -100. -146. -181. 
-36.0 -166. -108. -16.4 74.66 73.03 56.36 197.1 187.4 150.4 172.3 175.3 209.2 167.9 204.8 186.3 195.0 173.8 176.1 190.7 181.5 173.1 169.5 148.3 142.4 127.3 113.9 118.9 117.3 80.10 
15.11 -218. -272. -139. -50.7 -11.8 -25.5 -170. -191. -168. -154. -189. -189. -181. -151. -181. -172. -145. -106. -98.6 -118. -111. -118. -115. -81.8 -81.1 -57.5 -50.6 -50.2 -49.6 
-156. 185.5 -220. -165. 32.90 223.8 182.8 108.1 146.7 132.2 122.8 170.6 158.8 173.2 160.2 96.52 46.63 15.28 5.808 26.28 -41.2 -34.8 -54.3 -51.6 -39.2 -77.9 -90.4 -86.7 -79.7 -90.0 
-2144 -844. -376. -333. 0.952 -82.9 -36.0 -252. -225. -341. -307. -293. -323. -250. -235. -224. -220. -221. -216. -209. -202. -233. -219. -263. -250. -235. -225. -211. -204. -204. 
116.7 390.5 169.2 104.0 141.6 227.5 178.2 146.6 117.2 98.94 71.16 74.86 44.81 72.72 78.11 69.32 83.14 207.9 147.5 103.9 91.95 62.47 47.59 46.06 46.15 43.76 42.93 37.90 53.55 45.07 
-98.7 -143. -120. 370.8 275.1 223.8 145.0 127.3 175.5 149.8 62.89 43.83 37.26 33.30 37.96 38.70 21.95 8.007 62.40 32.55 51.52 38.89 -4.51 -8.00 -5.81 -22.2 -30.2 -35.7 -35.7 -37.0 
-33.0 197.1 114.2 83.15 -99.4 -222. -184. -164. -128. -118. -262. -244. -165. -164. -173. -154. -120. -135. -142. -128. -135. -134. -128. -118. -113. -135. -117. -140. -167. -151. 
480.5 130.1 175.4 125.2 118.0 133.2 71.24 67.78 -93.0 -283. -269. -267. -255. -208. -155. -209. -196. -186. -188. -152. -149. -150. -134. -151. -120. -116. -141. -180. -168. -163. 
144.4 73.78 202.5 149.7 -87.4 -4.51 -3.16 -68.2 79.56 72.35 52.26 38.85 2.865 -16.5 -3.08 -4.21 -23.5 -28.4 -52.4 -11.2 -0.13 7.185 40.48 40.95 19.42 -42.6 -6.85 -7.26 -6.05 -3.60 
-603. -503. -345. -231. -113. -97.4 -79.5 -27.2 -77.4 -142. -76.6 -105. -52.9 -63.5 -60.2 -52.0 -43.3 -40.1 -22.7 -24.2 -18.7 -28.9 -31.6 -61.4 -60.8 15.09 20.24 20.34 40.21 39.99 
203.0 168.7 102.3 -322. -248. -120. -37.6 -66.4 -20.4 -120. -115. -109. -99.9 -85.9 -52.0 -51.0 -43.6 -46.1 -39.8 -12.4 -51.8 -42.3 -39.7 -57.1 -46.6 -62.7 -48.8 -47.0 -48.0 -45.0 
1038. 787.4 542.1 456.2 351.6 309.2 293.4 208.3 206.5 214.5 207.7 78.27 147.5 166.2 135.9 112.9 11.99 17.34 -6.59 3.232 -19.4 -44.6 -13.1 -3.83 14.79 26.49 21.98 -22.0 -28.1 -17.8 
60.10 -100. 16.41 74.35 64.67 33.66 35.51 55.66 72.84 133.0 108.0 94.59 111.4 103.6 90.44 57.06 52.67 42.23 50.09 57.66 54.82 64.11 58.51 56.09 61.03 48.75 49.72 52.28 63.81 55.41 
95.02 109.7 97.96 115.5 1.366 0.795 -22.9 -19.3 11.97 -17.2 -11.8 -28.0 30.21 25.91 38.65 36.87 37.08 51.34 58.41 56.65 52.54 50.64 24.40 34.47 38.08 22.87 25.11 26.37 27.59 12.63 
1214. 606.0 -82.3 -340. -272. -254. -218. -131. -76.0 -118. -106. -121. -187. -129. -123. -126. -64.7 -30.5 -44.8 -45.2 -39.1 -30.0 -32.1 -45.2 -62.5 -60.2 -66.6 -53.9 -43.8 -29.5 
-495. -137. -110. -115. -116. -242. -180. -170. -135. -120. -70.7 -57.5 -86.4 -68.8 -49.3 26.96 21.15 -16.7 -14.4 33.22 15.32 44.08 45.04 30.03 21.86 22.42 48.31 43.19 40.58 41.96 
-356. -448. -270. -473. -652. -373. -266. -166. -171. -213. -199. -160. -154. -116. -99.5 -71.8 -120. -211. -181. -195. -160. -128. -130. -127. -89.7 -150. -144. -141. -115. -101. 
254.5 122.9 80.40 165.3 301.4 278.1 183.9 179.2 240.2 186.4 165.8 160.2 143.8 275.5 340.5 323.9 275.4 259.6 270.5 251.9 240.0 230.6 212.1 207.7 202.1 182.4 162.0 159.5 123.9 112.4 
-1749 -1325 -902. -690. -532. -534. -344. -308. -273. -241. -272. -261. -280. -289. -282. -260. -236. -203. -175. -166. -147. -116. -76.1 -80.7 -91.5 -58.7 -67.8 -48.7 -56.3 -45.4 
108.1 130.0 18.07 192.5 165.1 172.0 197.2 173.2 146.3 202.1 94.70 175.0 172.0 208.3 202.9 115.1 12.53 6.797 -7.96 -1.06 -6.86 -6.29 0.774 11.80 19.73 17.03 30.82 11.61 9.841 6.676 
121.3 340.4 441.4 107.0 83.01 96.02 119.4 120.3 99.86 83.55 33.09 41.52 61.92 57.25 54.36 -7.72 -35.3 -117. -122. -118. -113. -107. -104. -87.4 -92.8 -79.4 -82.5 -80.7 -74.3 -133. 
145.9 91.81 59.82 -129. -247. -271. -326. -236. -126. -168. -250. -260. -252. -257. -239. 74.53 81.63 78.75 99.94 99.22 95.84 89.56 85.81 99.42 95.12 48.89 62.44 88.28 67.72 58.23 
-216. -127. -141. -103. -85.7 -121. -137. -70.4 -69.2 -9.66 -32.2 -4.09 26.99 107.5 80.19 58.41 50.39 54.60 46.18 53.93 66.56 59.97 91.30 125.7 127.0 102.8 72.50 70.88 78.70 90.68 
1090. 815.1 709.5 535.5 418.2 348.5 275.4 245.6 203.8 189.3 159.9 154.1 119.3 80.50 84.65 88.55 52.64 63.30 57.22 52.09 52.35 39.09 28.01 63.68 37.70 26.97 20.02 -34.0 -28.9 8.113 
-5.67 -45.7 19.74 34.60 -88.7 303.7 59.47 243.6 247.6 238.6 107.6 99.38 18.89 27.05 40.31 52.90 101.1 116.2 98.90 87.89 88.98 93.41 96.97 92.88 87.94 76.76 70.07 72.49 57.00 56.52 
-8.98 -83.9 126.8 78.56 -126. -108. -115. -104. -262. -232. -260. -288. -272. -248. -200. -165. -117. -66.5 -68.2 -41.3 -16.2 -2.80 -2.67 -3.43 -13.0 0.706 -5.16 2.482 -3.09 -13.6 
-148. -195. -67.1 34.81 22.12 -54.0 -37.5 -33.8 -30.2 109.2 92.35 53.96 3.599 -5.04 -30.6 19.20 26.68 -1.54 10.56 23.38 10.33 15.09 58.72 11.27 18.95 26.88 24.20 41.95 37.23 29.62 
995.9 356.3 -222. -157. 88.56 11.46 79.78 18.06 -160. -136. -120. -108. -99.0 -145. -107. -63.2 -82.7 -71.6 -69.1 -72.2 -83.9 -107. -72.9 19.18 23.76 30.50 -2.33 -9.66 4.622 -32.6 
-1782 -1012 -658. -491. -442. -426. -342. -282. -163. -136. -77.6 -46.1 11.42 22.40 6.677 33.87 42.16 -30.8 27.82 43.08 24.20 38.52 18.47 8.914 17.37 11.77 11.42 60.02 56.70 43.36 
145.4 91.31 68.43 96.89 110.1 98.66 100.0 175.2 65.87 53.35 -69.9 -88.7 -86.9 -85.1 -116. -111. -65.5 -30.4 -58.3 -18.5 -33.2 -31.7 -29.7 -1.43 11.61 22.93 29.26 17.64 22.40 8.743 
-205. -261. -116. -211. -120. 40.98 45.37 7.998 18.80 -36.8 -31.4 -10.3 -12.4 33.25 32.99 43.70 39.61 30.62 112.1 125.6 123.5 88.83 61.75 86.23 35.80 30.55 51.22 48.73 48.79 41.69 
-123. 530.7 343.1 118.6 91.77 160.9 162.2 126.3 115.8 59.50 43.34 15.30 5.894 30.36 50.43 53.56 42.45 40.40 31.11 51.24 39.55 4.477 7.601 -33.4 -46.8 -102. -97.1 -92.9 -89.7 -81.2 
-174. 8.243 97.88 92.25 381.4 308.3 309.2 248.5 459.8 413.6 335.1 324.6 298.0 302.8 271.3 182.5 181.6 165.2 143.8 146.0 142.6 136.2 108.5 74.17 46.16 43.29 21.74 -0.09 -2.68 -3.81 
639.6 292.1 109.7 210.4 -46.9 -83.6 -122. -85.2 -63.6 -42.3 -25.5 83.74 52.70 19.69 53.29 116.2 123.2 107.7 93.13 97.35 89.12 85.65 76.28 85.44 79.78 75.51 62.75 57.86 37.82 56.94 
-492. -86.3 -27.3 42.50 36.95 -296. -254. -220. -204. -188. -178. -122. -154. -164. -19.2 28.88 40.36 -5.54 3.835 3.617 23.64 21.90 11.54 9.515 -21.7 3.066 -26.9 -18.3 -15.4 -14.9 
-496. -164. 122.2 83.49 159.3 197.3 241.5 201.3 189.2 205.9 207.3 191.2 182.2 169.5 170.2 178.5 196.6 189.4 178.9 138.9 104.3 77.17 119.0 107.3 97.94 93.69 81.76 80.21 77.77 66.57 
-107. -410. -440. -338. 0.526 -0.33 7.903 -67.1 -27.1 -81.6 -98.9 -90.1 -71.0 -66.8 -26.6 -23.3 -31.8 -5.73 -28.7 -72.6 -64.2 -84.4 -96.1 -58.0 -49.8 -53.9 -56.9 -48.0 -32.0 -30.9 
-66.9 -57.8 9.253 182.6 100.6 68.67 32.12 82.54 -22.2 -43.6 -142. -151. -141. -170. -159. -161. -177. -175. -150. -139. -130. -126. -64.8 -66.7 -66.6 -66.4 -16.4 -20.4 -27.4 -13.3 
261.3 207.3 -74.6 -222. -180. -142. -14.3 -31.1 -80.5 -66.1 -57.5 -37.5 -39.2 -39.6 -46.4 -27.6 -44.4 83.71 81.20 69.59 114.6 108.6 105.5 135.1 129.4 119.5 103.8 100.1 96.08 87.42 
-705. -402. -376. -305. -219. 130.2 106.0 156.7 208.3 183.2 177.1 156.7 145.5 145.8 57.19 110.2 86.76 93.02 89.77 84.98 80.81 64.65 45.67 36.51 35.25 17.16 18.59 14.86 -44.2 -51.5 
-38.9 350.0 295.0 246.4 70.87 -10.8 -3.94 29.30 34.07 3.472 -33.2 -29.7 -35.4 -32.4 -10.6 -8.41 -10.3 26.46 29.31 13.17 3.532 25.91 -20.1 -38.5 -37.5 -33.0 -46.6 -44.4 -45.8 -48.1 
97.26 92.01 65.23 46.77 113.5 82.54 94.84 49.22 5.402 1.424 -46.1 -46.1 -46.1 -25.9 0.334 -3.27 -2.28 2.028 -10.0 -25.7 -6.91 -17.2 -17.7 -17.5 -21.8 -32.5 -39.8 -7.82 14.26 6.815 
-569. 840.7 572.8 1095. 897.4 755.1 576.5 523.2 473.5 434.9 340.8 321.4 316.5 258.1 240.2 233.0 234.4 220.0 236.8 237.8 261.1 229.3 240.4 250.9 214.7 220.4 205.6 204.3 199.3 188.9 
165.0 -161. -81.4 -68.0 -372. -87.7 -76.0 -31.3 -38.4 -32.9 149.3 146.7 188.6 196.6 179.2 174.1 150.5 130.3 120.7 37.60 32.28 79.16 85.00 93.32 117.6 111.2 55.53 63.96 50.09 53.28 
-241. -63.8 -184. -152. -134. -129. -347. -314. -162. -156. -163. -116. -105. -98.0 -95.2 -70.9 -42.5 -33.3 -47.9 -49.6 -47.8 -64.5 -60.0 -67.6 -63.1 -52.7 -49.7 -36.1 -27.5 -60.4 
350.1 197.5 239.3 198.5 163.6 62.79 59.96 81.17 205.8 182.7 179.4 166.0 150.0 174.1 174.5 152.4 215.7 201.4 224.8 245.2 222.7 184.3 167.5 169.5 188.0 166.1 159.7 156.8 122.5 126.4 
199.6 6.909 89.22 93.42 152.4 177.3 219.0 180.6 148.7 99.98 91.86 50.81 48.26 44.12 48.77 45.03 -2.44 21.90 17.02 64.32 37.21 49.54 -34.2 -30.2 -29.2 -26.8 -22.1 -30.1 -21.0 -18.1 
-2395 -628. -413. -341. -296. -191. -164. -126. -111. -35.5 -33.1 -50.1 2.979 5.508 11.64 12.28 10.18 31.25 24.62 25.29 30.47 25.09 -13.2 -16.6 18.90 19.44 10.60 7.192 -34.4 -31.5 
616.3 461.0 349.2 252.1 246.6 65.68 69.33 62.33 121.6 65.27 53.56 59.88 10.14 23.65 25.09 16.49 7.375 -59.4 -29.9 -103. -62.7 -95.6 -114. -107. -88.8 -86.6 -21.8 -47.0 -12.6 -16.7 
335.2 163.0 340.9 24.54 27.33 25.10 45.47 124.2 25.71 43.12 35.28 -21.6 -31.3 6.786 11.45 34.35 33.50 27.80 28.49 67.57 52.90 48.81 69.57 40.28 39.83 22.36 19.03 29.62 13.53 -3.87 
92.65 285.0 208.4 146.6 163.9 147.7 73.06 43.56 39.92 -14.5 -8.15 -21.5 -63.6 -53.4 -9.72 -25.8 19.80 18.30 12.91 27.11 27.15 13.89 0.320 2.361 -1.15 18.33 32.67 46.15 56.77 98.93 
-239. -143. 162.3 94.21 90.06 128.7 106.9 189.6 180.3 155.3 208.6 193.9 176.6 172.6 83.55 68.97 53.40 48.41 121.0 117.6 105.1 92.84 113.2 135.5 158.9 158.7 153.1 141.5 162.7 171.4 
1063. 322.2 256.0 162.2 128.2 124.0 118.9 119.1 100.1 204.2 334.8 288.1 143.1 51.23 158.4 143.0 147.9 260.9 242.3 215.0 194.9 194.2 192.0 158.6 154.3 135.5 151.8 143.4 123.8 119.9 
171.6 83.02 88.33 76.37 7.796 29.45 36.96 32.55 142.2 227.8 199.1 148.0 128.0 112.8 108.0 -9.30 66.39 48.70 92.89 94.83 72.62 70.08 67.81 64.68 70.12 88.21 103.7 97.82 88.14 108.1 
-0.62 315.4 288.7 362.5 291.7 255.7 273.9 253.4 212.8 214.5 202.5 177.4 166.4 149.9 134.4 101.1 138.1 158.6 151.3 144.5 132.3 162.8 155.3 148.8 78.22 92.45 99.08 87.20 83.44 80.57 
57.72 157.5 -15.9 -49.8 -17.2 -11.6 228.4 215.3 78.50 83.42 41.79 27.04 97.58 75.52 84.14 52.18 -1.13 -21.8 -16.9 -61.3 -85.3 -79.1 -53.1 -64.2 -69.4 -68.2 -67.1 -70.2 -69.7 -39.0 
176.8 41.72 16.02 -88.1 -111. 208.6 197.7 188.0 173.3 13.97 -3.34 -38.4 -4.23 -6.67 -42.7 -58.8 -62.8 -84.6 -101. -87.9 -82.7 -104. -86.7 -82.6 -142. -136. -155. -141. -171. -162. 
-970. -637. -497. -457. -308. -297. -255. -171. -152. -27.2 -29.8 -26.7 -24.7 -23.4 -8.73 2.701 -8.31 15.46 -1.52 -14.5 1.999 -10.0 6.675 8.454 14.64 19.18 15.05 15.13 49.95 70.29 
-242. -122. -177. -28.6 -63.2 -87.9 -63.7 -25.2 -36.6 -59.4 -71.7 -145. -116. -94.1 -91.4 -22.8 -20.2 -13.9 7.469 -8.10 -8.87 14.99 9.878 1.696 -2.33 -9.60 -9.47 -3.03 -5.40 -4.80 
-995. -574. -350. -136. -308. -337. -286. -123. -84.9 -87.9 -119. -125. -117. -158. -149. -143. -138. -90.0 -35.5 -73.0 -57.7 -52.7 -77.8 -69.9 -62.9 -66.0 -57.4 -60.1 -60.2 2.963 
503.0 98.60 78.51 54.15 42.68 149.3 154.1 119.9 98.89 88.80 281.7 334.7 313.6 297.9 281.6 322.2 291.0 245.9 230.3 223.1 208.7 180.8 177.4 178.4 152.5 132.0 154.4 128.5 115.7 112.9 
87.34 34.97 423.6 348.1 275.3 174.0 139.7 124.1 123.2 164.2 158.7 183.8 197.4 103.6 96.93 112.3 113.2 109.2 107.4 163.9 161.7 185.3 253.5 237.3 252.8 226.0 215.3 215.8 208.5 193.3 
-209. 11.70 81.75 78.52 -49.3 -38.8 -68.3 -76.2 -54.8 -49.6 -53.9 -29.5 -48.5 -57.7 -95.4 -95.1 -83.0 -178. -171. -141. -93.0 -82.1 -64.7 -56.4 -49.3 -51.4 -49.3 -36.1 -40.0 -2.94 
-58.8 -76.2 -194. -138. 24.76 159.5 70.67 47.92 135.7 90.50 94.71 89.81 69.50 3.616 6.607 8.549 13.57 13.58 11.90 9.364 -9.03 20.21 -1.45 -61.5 -47.3 -47.2 -47.7 -46.7 -39.4 -37.9 
399.8 273.9 213.9 76.67 57.37 33.02 -5.30 -36.4 -33.3 -25.2 27.92 22.99 -10.4 11.29 19.30 11.38 -1.52 -33.7 -28.9 -44.6 134.8 117.5 72.17 118.0 113.8 101.9 98.46 89.05 88.63 85.16 
286.9 162.6 181.5 187.3 139.2 56.21 59.74 42.35 108.0 82.58 37.24 -18.6 -43.1 -66.4 -87.2 -82.3 -118. -137. -128. -122. -122. -120. -115. -109. -105. -93.0 -103. -91.8 -75.3 -101. 
0.096 -64.5 -610. -487. -393. -273. -268. -250. -166. -118. -32.7 -27.4 8.790 13.81 12.30 36.42 31.48 52.22 50.58 35.38 32.66 35.11 -7.22 -5.44 -18.4 -28.3 -30.0 -16.0 -22.8 -24.7 
-157. 174.5 145.5 170.0 93.35 41.32 158.8 178.8 162.0 149.9 167.9 262.0 252.6 232.1 276.9 275.5 229.4 214.3 211.4 195.8 227.5 201.8 198.9 190.9 186.4 189.0 189.0 225.1 254.2 216.2 
5.044 314.1 -25.2 -8.62 -56.6 -46.7 17.45 26.81 19.09 -11.6 -16.1 -25.2 -15.6 -18.7 2.843 19.68 22.42 27.18 20.47 -7.54 11.74 47.04 54.84 53.82 56.13 55.47 33.92 41.56 95.16 120.9 
546.9 -1515 -1342 -1208 -922. -782. -665. -548. -454. -416. -346. -316. -256. -243. -187. -124. -58.0 -111. -116. -111. -141. -154. -147. -143. -137. -127. -123. -79.6 -89.4 -80.6 
356.5 -110. -247. -124. 195.4 163.9 218.4 159.1 65.87 62.12 34.93 36.53 9.661 3.449 33.23 51.66 110.6 109.5 115.1 111.6 7.390 7.249 14.46 11.22 7.002 6.675 22.26 28.73 28.84 41.14 
15.85 151.9 43.04 -27.0 -30.2 -46.7 -43.0 -103. -91.2 -72.9 -91.9 -80.0 -50.8 -93.8 -76.5 -76.1 -55.9 -54.9 -46.6 -30.7 -27.3 -29.2 5.706 4.839 4.509 -7.83 -0.28 0.304 -7.25 -4.09 
-466. -214. -152. 80.22 24.01 4.245 30.09 25.79 -29.0 -39.1 -9.03 57.84 33.90 50.28 -35.6 -33.1 -7.44 -12.1 -29.8 4.928 3.878 33.16 41.43 39.10 42.55 41.22 36.19 34.33 29.37 30.36 
-263. -120. -284. -122. -99.8 -124. -120. -218. -203. -185. -186. -120. -117. -109. -132. -66.8 -21.0 -74.4 -66.0 -65.7 -39.8 -120. -114. -114. -120. -114. -110. -112. -109. -129. 
-21.4 472.5 279.6 511.1 281.3 38.19 94.71 29.93 38.84 35.60 34.52 34.33 30.52 78.79 112.8 105.1 141.5 117.6 115.3 125.6 81.29 90.90 76.18 73.42 99.59 41.72 21.81 32.41 51.40 39.26 
291.3 -300. -17.1 -238. -307. -399. -352. -369. -446. -396. -329. -371. -354. -324. -301. -281. -264. -214. -200. -196. -186. -169. -140. -158. -154. -153. -151. -152. -140. -132. 
-231. -200. -180. 108.9 202.3 172.6 180.8 197.0 66.30 86.18 90.57 119.9 110.7 77.40 82.62 118.5 112.4 142.5 139.2 114.4 112.6 133.7 185.1 167.3 169.8 162.7 158.7 166.6 195.5 192.7 
-43.3 423.7 305.3 227.5 57.26 50.94 68.47 -38.4 -65.6 -65.6 -63.3 -33.0 -37.5 -50.9 -45.8 -42.5 -43.3 -54.5 -51.8 -78.4 -61.8 -48.6 -41.0 -37.3 -36.8 -31.0 5.590 -28.5 -29.2 -28.2 
-51.0 225.1 784.6 537.8 413.6 358.2 328.7 272.9 299.9 316.0 303.4 355.4 339.1 313.9 299.9 277.3 260.6 242.5 227.2 191.6 174.1 210.2 203.0 184.1 176.8 148.5 148.0 145.0 148.4 111.8 
553.9 275.1 312.5 281.7 280.6 328.9 304.8 180.3 112.6 -12.0 -40.4 -49.8 -108. -77.0 -105. -82.6 -79.8 -86.4 -98.3 -90.5 -63.3 -49.2 -13.2 -12.6 -9.91 -0.08 4.141 -3.97 -3.39 -8.05 
563.4 803.4 532.7 415.5 356.7 298.9 285.6 288.3 255.1 229.6 235.7 220.7 198.2 196.7 191.7 118.8 58.87 44.26 28.55 24.37 19.67 17.91 51.97 53.10 50.91 31.91 26.03 45.47 34.13 33.70 
-281. -109. -75.3 142.8 140.6 113.0 78.90 63.49 55.27 55.82 -26.6 -28.7 -16.0 -52.3 -40.6 -38.7 -4.15 -5.16 39.03 58.42 47.96 26.36 18.02 26.14 17.63 15.69 27.77 66.84 58.89 34.97 
388.0 -335. -267. -183. -151. -186. -160. -108. -117. -57.7 -49.9 4.105 -27.5 -50.8 -164. -132. -125. -122. -97.9 -80.3 -78.0 -69.3 -42.6 -21.0 3.699 6.830 7.137 11.05 -0.17 -17.6 
-16.4 70.12 -10.8 10.21 3.342 -4.78 -93.4 -85.9 -57.1 -67.8 -48.2 -112. -94.6 -109. -94.3 -89.8 -91.3 -138. -105. -90.1 -95.5 -68.7 -64.1 -62.6 -56.1 -36.8 -26.8 -25.1 -30.5 -27.9 
218.0 -3.58 8.236 48.84 56.99 70.53 -3.83 -17.3 -60.3 -124. -153. -138. -107. -117. -149. -137. -146. -171. -144. -161. -138. -175. -160. -143. -146. -138. -126. -122. -108. -89.3 
131.6 159.1 -154. -121. -155. -114. -17.3 -25.1 1.802 -2.51 21.63 -7.61 -13.3 -28.7 -66.7 -60.8 -75.8 -77.9 -66.1 -76.2 -81.1 -78.9 -43.6 -60.2 -62.9 -37.0 -36.8 -34.8 -32.6 -59.3 
78.45 245.6 83.10 62.66 -11.5 -79.9 -45.1 -34.7 -14.5 -7.82 4.266 38.89 -6.22 -10.6 47.93 57.10 53.03 46.84 44.01 28.09 28.86 33.27 31.72 24.96 23.85 -4.57 -7.41 -6.56 -11.5 -7.59 
358.6 561.1 179.1 157.4 141.5 106.9 93.19 106.1 113.1 121.9 80.23 73.70 12.99 21.83 34.74 34.19 52.59 53.74 34.93 149.8 147.4 138.8 138.8 135.1 157.8 152.2 160.8 155.0 125.0 122.6 
-57.2 -196. -272. -206. -195. -168. -141. -162. -171. -211. -193. -225. -193. -154. -166. -146. -139. -131. -120. -126. -108. -105. -97.6 -99.4 -132. -160. -149. -149. -187. -193. 
198.5 334.8 188.1 71.22 72.58 141.0 194.8 223.2 203.4 202.3 239.7 222.8 156.0 128.1 80.46 163.2 158.5 173.6 246.7 247.1 258.3 246.5 225.8 245.5 242.5 233.6 222.2 204.5 200.4 198.5 
-1747 -797. -557. -446. -363. -379. -320. -280. -271. -221. -288. -198. -191. -185. -107. -96.2 -56.8 -57.0 -55.3 -51.7 -72.4 -67.4 -65.5 -62.1 -63.3 -74.4 -70.5 -75.1 -33.3 -36.2 
191.8 297.0 307.9 179.4 192.7 136.7 132.6 81.53 109.6 257.2 301.8 257.8 266.1 246.3 237.8 218.7 208.0 189.8 194.0 210.1 201.7 212.5 208.3 227.0 234.3 218.2 224.3 216.9 198.2 193.3 
535.2 188.5 235.5 163.5 126.3 45.61 51.44 31.65 87.10 -38.5 -70.6 -63.3 -58.5 -55.7 -59.1 -49.3 -38.4 49.55 45.99 43.66 44.94 45.36 21.69 32.20 32.90 61.49 94.85 90.78 76.67 73.05 
-166. 447.3 325.0 244.1 192.2 177.4 124.7 56.64 49.76 44.38 20.35 13.91 13.13 13.67 17.06 -11.5 -6.57 -22.8 23.27 51.47 68.17 66.89 66.41 80.86 79.53 73.05 73.71 53.40 45.22 43.87 
-277. -147. -1378 -740. -596. -503. -391. -202. -172. -159. 44.59 76.26 84.32 52.74 50.01 119.0 83.54 68.84 65.41 119.6 71.26 67.80 72.63 63.35 43.28 60.97 56.48 53.40 48.37 55.19 
69.42 -468. -326. -298. -103. -121. -174. -213. -179. -167. 3.386 -4.70 -4.57 8.417 22.93 -61.1 -111. -100. -98.1 -97.0 -92.9 -60.9 -81.6 -66.7 -67.2 -40.9 -46.0 -56.6 -73.0 -67.4 
-139. -47.2 12.64 40.30 -136. -148. -161. -120. -117. -72.5 -69.9 -73.5 -66.0 -52.4 -49.9 34.89 34.34 11.65 9.324 -9.09 -8.55 0.854 -22.1 -33.9 -22.7 -38.7 -44.1 -46.6 -25.9 -33.7 
745.1 498.6 605.8 524.2 549.8 492.0 424.0 379.5 350.6 293.7 225.1 195.9 228.9 263.2 261.7 254.5 220.5 206.6 199.2 192.1 183.9 173.2 176.8 186.9 177.2 170.2 161.2 151.7 147.8 144.9 
-32.6 24.37 44.47 -107. -192. -110. -251. -243. -192. -177. -157. -141. -67.4 -63.1 -50.5 -51.1 -62.6 -58.2 -51.9 -43.1 -43.3 -55.6 -69.3 -100. -99.1 -112. -102. -86.9 -79.4 -79.8 
126.6 -356. -246. -211. -81.5 -119. -115. -165. -146. -131. -145. -124. -103. -105. -90.6 -96.6 -76.0 -74.5 -142. -112. -53.5 -56.4 -53.9 -32.4 -20.3 -32.1 -32.4 -49.3 -46.9 -37.1 
594.2 360.0 82.97 -78.7 -64.5 -7.32 24.28 -24.3 -21.1 24.67 -22.1 -19.2 -17.2 -24.6 -3.49 8.841 -1.41 17.54 22.91 29.20 39.68 38.69 27.02 26.67 19.21 7.325 9.677 8.199 7.522 -4.53 
-238. -171. -108. -66.8 -74.9 32.86 141.9 129.7 107.8 78.82 61.59 62.87 73.87 135.9 128.7 110.4 196.9 192.2 172.0 109.3 80.96 69.48 66.79 63.79 58.68 57.97 13.59 20.80 15.51 34.92 
501.5 203.3 116.2 112.9 179.0 157.3 164.7 290.9 247.1 218.1 424.1 358.3 341.5 328.4 279.1 191.9 181.2 171.0 150.4 127.1 111.9 108.5 89.08 100.4 94.40 68.95 71.04 62.19 55.41 12.20 
181.8 127.3 95.24 210.1 235.2 69.62 90.68 4.047 -3.80 -12.6 -19.5 -41.2 -5.14 45.17 40.43 37.74 62.67 59.51 11.05 8.708 -18.7 -35.6 -40.8 -35.1 -26.0 -26.3 -16.9 -7.87 -11.6 -5.81 
-361. -396. -369. -370. -352. -274. -276. -207. -174. -93.9 -85.7 -105. 9.941 -0.45 -2.86 26.45 19.16 52.83 59.52 36.23 39.85 37.90 45.41 53.29 51.01 29.43 34.70 45.37 53.49 52.97 
3.351 2.261 -253. -48.2 -38.6 -63.5 -189. -94.7 -89.1 -115. -116. -79.5 -48.8 -54.0 -13.5 -12.0 -4.23 -19.9 -88.6 -84.9 -108. -94.9 -65.9 -66.9 -52.0 -48.7 -40.7 -38.7 -31.4 -30.6 
791.2 425.2 535.4 655.7 575.4 550.7 403.9 329.2 343.6 284.3 272.9 252.3 239.6 229.0 229.1 209.3 196.1 186.4 175.5 141.3 143.2 140.5 123.0 117.9 120.1 116.6 110.6 107.2 106.7 100.5 
-60.9 -245. 190.8 151.2 55.78 -95.9 -95.4 -84.1 22.05 132.9 123.4 113.2 104.6 169.1 168.7 161.6 82.76 41.95 27.88 16.30 36.95 36.76 26.20 30.66 29.94 33.64 30.85 29.22 48.26 70.74 
43.16 20.42 56.10 23.23 6.869 48.77 130.9 114.4 111.1 112.1 174.8 156.4 141.3 119.5 112.4 93.54 88.60 121.8 106.7 94.71 72.63 55.30 53.25 74.28 71.29 45.95 2.666 38.46 39.13 38.97 
-5.40 122.6 191.3 15.86 157.6 113.7 -149. -244. -102. -114. -107. -103. -97.4 -46.2 -51.9 -36.1 -32.0 -39.4 -37.4 -40.1 46.18 58.68 51.83 58.22 26.53 35.29 33.78 -38.3 -36.0 -35.5 
-172. -291. -205. -72.2 -118. -42.8 3.511 -53.2 8.011 5.966 -36.3 -63.0 -36.3 -31.9 -29.6 -23.8 -29.3 -26.4 -25.0 -35.8 -51.8 -54.4 -48.2 -51.5 -68.5 -76.5 -83.9 -80.2 -79.9 -74.7 
775.5 498.3 172.8 137.5 160.6 209.0 135.4 136.7 117.9 112.4 204.1 191.3 109.8 102.9 125.2 122.4 157.3 159.5 114.5 94.76 92.47 74.98 75.21 71.71 69.90 75.12 84.78 83.03 62.08 78.29 
165.9 147.0 -13.1 -183. -111. -101. -85.8 -123. -11.7 38.48 37.41 -65.3 -61.7 -47.2 -2.26 -43.2 -39.2 -43.4 -17.1 -15.2 -30.7 -71.2 -76.6 -78.3 -90.9 -80.9 -74.8 -99.6 -96.1 -134. 
-414. -308. -190. -140. -102. -90.6 20.47 10.51 42.10 19.18 7.859 7.503 22.84 14.31 1.529 -8.86 -9.01 -4.32 -9.02 4.357 -1.80 -16.5 -16.3 -25.4 -4.54 -8.66 -26.6 -20.6 -17.3 -17.2 
2.868 -391. -197. -167. -97.1 -43.3 -143. -168. -173. -157. -143. -132. -129. -90.4 -49.8 -46.7 -50.0 -50.3 -50.8 -47.6 -45.2 -48.5 -44.8 -43.0 -34.8 -56.4 -58.4 -61.4 -55.8 -98.9 
-62.3 -547. -399. -209. -167. -101. -98.2 -67.6 -57.2 -47.0 -42.4 -44.9 -23.5 -33.1 -23.7 -41.1 -44.9 -43.5 22.66 27.23 30.35 35.81 34.33 25.28 23.83 6.584 3.045 2.356 9.718 26.59 
-57.0 -34.6 -5.61 -80.9 -18.7 37.41 24.00 50.44 59.31 70.50 62.85 26.53 -57.5 -10.0 -12.4 48.80 73.69 61.51 59.68 63.54 73.28 124.9 119.0 112.9 108.4 103.4 101.4 98.61 97.63 93.38 
869.7 520.2 206.1 121.3 71.53 -14.6 -7.65 -18.9 -16.8 -23.2 -26.5 -23.0 9.133 62.90 61.40 61.88 33.93 32.08 23.12 51.62 45.73 38.50 22.65 21.59 57.46 65.15 49.85 32.72 81.53 81.62 
-47.5 2.196 -447. -478. -381. -317. -269. -235. -210. -201. -142. -213. -158. -152. -124. -61.3 -67.2 -58.6 -82.3 -53.1 -51.1 -45.5 -38.0 2.308 -13.5 -1.16 -3.67 -4.56 -6.73 -2.54 
-298. -373. -262. -223. -312. -393. -416. -404. -378. -347. -300. -290. -253. -258. -327. -331. -263. -256. -233. -220. -222. -215. -205. -197. -174. -118. -107. -92.1 -86.3 -85.1 
-45.8 -529. -615. -460. -363. -297. -210. -181. -114. -124. -155. -140. -121. -137. -115. -114. -136. -111. -101. -139. -133. -116. -135. -138. -132. -113. -111. -105. -90.5 -106. 
-447. -185. -110. -97.9 -0.58 -82.8 -80.4 -63.3 -47.7 -25.1 -28.3 46.16 51.76 84.31 92.24 84.59 88.85 88.99 86.71 98.56 113.1 107.8 69.35 48.97 89.10 86.55 55.10 53.63 46.90 65.15 
-557. -433. -177. -147. -89.9 -171. -89.9 -178. -291. -240. -187. -144. -164. -108. -81.2 -147. -95.6 -118. -103. -95.2 -90.6 -86.1 -98.6 -95.3 -105. -118. -105. -102. -106. -99.6 
141.4 104.7 55.35 27.65 58.72 84.05 35.95 -88.7 -78.1 -43.8 -40.6 79.24 102.2 97.69 86.85 57.40 44.25 43.67 32.47 14.50 -4.29 -4.51 -13.4 8.744 4.165 4.451 35.27 40.94 30.85 28.86 
335.8 402.1 283.3 189.8 88.20 -184. -174. -132. -132. -161. -127. -57.2 -55.9 -50.2 -62.0 14.35 15.27 11.89 2.772 -18.8 -20.4 -16.6 -14.3 -14.0 -14.7 -7.23 -9.50 -4.87 -6.77 1.061 
-188. -549. -439. -325. -455. -370. -264. -222. -108. -66.0 -82.2 -80.1 -69.2 -80.6 -52.2 -32.1 -41.5 -40.1 -31.9 -60.2 -59.0 -71.0 -43.0 -26.7 -32.5 -31.1 -12.0 -7.94 -1.93 -13.7 
47.73 68.59 99.76 124.8 114.4 109.9 93.47 66.12 -15.4 -36.4 -58.6 -53.3 -74.2 -76.5 -51.1 -47.4 -25.5 -4.38 -1.21 -10.0 -12.9 -26.9 18.20 -17.3 -12.7 -31.0 -27.6 -22.0 -21.5 11.17 
-133. 14.99 -26.5 186.7 94.53 62.81 -59.4 -56.8 -84.1 -70.0 -22.4 -52.5 -62.1 -17.4 -0.18 14.34 51.05 12.61 -1.73 -30.0 -40.7 -16.3 -18.2 -14.9 -0.47 3.079 26.09 29.43 27.93 32.82 
245.3 -224. -158. -119. 229.9 191.5 248.6 262.6 122.6 119.3 121.7 109.8 136.7 122.7 131.5 122.0 124.4 104.8 93.64 84.06 78.59 72.01 43.38 40.62 46.19 54.93 49.98 44.77 47.00 47.72 
244.4 76.24 -130. -131. -120. -102. -117. -111. -169. -171. -110. -144. -138. -200. -204. -229. -246. -254. -244. -232. -240. -204. -201. -191. -184. -189. -180. -181. -173. -161. 
454.1 218.9 145.9 164.8 152.6 152.8 113.7 1.066 9.987 19.64 17.38 0.079 47.44 24.56 17.70 11.25 12.40 20.69 18.15 24.52 27.89 12.76 31.86 35.67 19.45 12.59 6.887 14.71 37.36 51.22 
-76.3 137.2 86.80 5.553 -32.2 -20.1 -70.4 -105. -133. -114. -74.9 -74.7 -79.9 -40.5 -43.5 -49.1 -32.4 -25.9 -25.7 -19.9 11.15 38.03 42.96 14.19 24.07 24.54 27.04 34.16 37.49 18.46 
687.1 438.6 296.7 240.0 170.2 97.28 68.48 83.66 74.84 51.44 54.46 60.26 68.80 59.26 12.98 27.70 11.43 -35.0 -32.7 -30.4 -33.0 -36.9 -30.8 -23.1 -16.9 8.857 22.49 23.87 19.68 19.20 
-61.0 -46.1 -59.1 -50.6 -167. -142. -121. -237. -209. -176. -166. -125. -111. -46.9 -149. -135. -127. -123. -114. -126. -117. -111. -106. -87.7 -112. -95.5 -97.5 -108. -81.5 -78.4 
-374. 11.93 147.0 99.91 55.03 52.79 98.21 64.08 95.65 124.0 97.58 72.02 70.61 51.96 40.86 59.82 56.22 106.7 109.3 99.82 35.68 40.25 37.67 39.78 -21.9 -22.7 -16.8 -16.5 -17.3 -19.8 
49.72 145.9 110.4 41.74 -3.54 67.81 71.42 -40.5 15.91 -142. -182. -151. -115. -110. -99.7 -69.7 -59.2 -61.1 -86.1 -103. -90.7 -78.1 -73.9 -73.4 -64.7 -58.7 -63.2 -62.5 -107. -87.3 
232.5 152.2 130.6 290.2 333.9 247.4 67.22 74.31 58.15 58.89 23.14 -22.4 -146. -143. -108. -80.0 -23.6 -7.03 40.84 15.86 11.99 11.22 37.35 53.82 26.55 14.58 14.07 19.48 18.28 21.07 
742.8 621.2 210.8 156.4 124.3 -10.1 53.64 51.75 49.07 44.79 -19.7 -33.3 -39.3 -38.1 -20.7 -27.0 -25.4 -23.7 -12.1 -13.9 -1.88 -0.65 -9.39 -15.2 -15.0 -13.3 -60.2 -68.9 -76.7 -69.9 
-197. -69.5 -40.0 -33.3 -80.5 -49.0 -68.6 -24.6 -46.9 -36.5 -14.7 22.76 9.133 104.9 131.7 118.0 98.44 66.92 88.65 110.1 140.9 128.0 136.4 135.4 147.9 143.8 191.9 194.5 200.3 220.6 
150.9 199.8 150.8 158.3 105.4 -2.07 128.1 118.8 85.32 47.14 42.62 23.10 0.774 19.82 8.896 10.74 20.36 39.99 43.86 6.740 -1.69 -1.61 -0.63 2.909 4.542 17.13 42.88 39.52 48.66 36.20 
959.4 490.1 371.9 259.6 175.6 38.94 50.08 73.97 104.0 141.4 128.5 162.9 108.2 15.67 9.211 10.61 -16.2 -16.6 -20.5 5.460 -40.0 -49.6 -32.2 -28.2 -18.9 5.195 6.076 -13.9 -29.8 -0.38 
-9.29 58.36 -112. -60.5 -22.8 -3.29 2.850 9.467 -10.6 63.46 77.20 25.40 4.465 127.1 117.4 113.6 109.7 115.4 88.96 82.10 81.66 60.15 38.17 26.03 23.20 7.282 -10.2 -16.3 -22.5 -18.7 
-433. -145. -50.6 258.4 163.8 138.5 103.7 110.4 146.7 122.3 114.1 98.22 120.7 102.2 97.76 74.19 43.43 14.45 -15.0 -56.0 -49.5 -44.0 -39.6 -29.0 -27.3 -42.9 -26.8 -30.4 -15.8 -15.3 
-132. -689. -454. -359. -300. -483. -416. -363. -335. -218. -193. -216. -203. -188. -177. -159. -146. -163. -169. -161. -151. -139. -126. -125. -118. -114. -100. -91.7 -53.3 -44.3 
-136. -415. -257. -140. 8.951 -89.3 -74.0 -78.5 -69.2 -118. -91.0 -11.7 30.11 18.41 1.336 -35.7 -33.2 -33.4 -31.6 -25.5 -7.16 -3.95 -17.8 -44.2 -44.5 -70.2 -44.8 -66.2 -67.6 -46.1 
-619. -87.0 -4.60 181.7 288.8 201.1 175.2 153.1 119.4 111.2 101.0 51.86 55.66 46.28 50.91 -22.5 -21.6 -5.66 6.132 1.351 24.62 40.02 54.65 37.41 17.37 4.944 -7.12 16.60 -10.8 -10.5 
-186. -763. -631. -632. -461. -434. -444. -320. -292. -334. -341. -422. -451. -417. -344. -338. -336. -317. -308. -298. -290. -332. -335. -321. -317. -299. -281. -242. -200. -202. 
-489. -620. -429. -371. -368. -365. -308. -146. -186. -44.7 -91.6 -42.1 -39.3 -39.3 -41.6 -38.6 -31.8 -24.7 -32.7 -33.1 -78.9 -74.2 -71.4 -68.5 -79.3 -54.0 -53.6 -61.0 -36.1 -26.5 
905.5 495.5 424.1 274.6 76.98 54.82 55.81 47.34 74.68 98.42 95.41 80.58 66.82 83.05 63.89 40.23 87.01 78.75 83.95 74.95 78.12 67.44 62.61 59.52 67.58 46.97 4.494 5.316 4.968 -7.24 
-276. -197. -59.2 61.64 68.93 78.42 60.43 28.08 75.41 -15.2 -20.4 -91.3 -160. -187. -154. -145. -147. -152. -98.4 -90.2 -88.6 -47.3 -39.7 -11.8 30.85 -1.58 -4.79 -11.7 -6.33 10.18 
-470. -225. -344. -44.4 20.80 10.97 50.79 100.9 55.74 49.02 123.6 98.32 97.71 74.82 68.74 67.34 60.16 37.79 37.19 55.36 50.22 48.77 34.96 30.46 18.26 28.10 -0.19 -4.08 2.891 -5.22 
643.9 610.6 545.9 367.5 359.3 281.0 236.8 186.2 186.8 166.8 123.5 96.70 107.5 106.2 71.44 59.21 60.18 55.35 48.30 44.27 33.36 62.02 38.61 37.71 41.08 70.85 59.80 51.54 29.69 28.11 
27.71 -259. -224. -545. -645. -536. -589. -497. -470. -398. -270. -261. -234. -244. -246. -302. -362. -349. -332. -305. -293. -266. -247. -247. -234. -268. -252. -239. -263. -237. 
200.6 190.0 194.4 480.5 405.4 264.5 194.1 132.6 135.9 94.40 84.67 49.37 46.19 87.47 121.5 140.4 137.6 196.0 168.5 159.3 156.9 150.2 108.3 103.4 94.50 75.84 51.18 60.68 53.23 31.26 
-249. -69.4 -145. -46.3 -384. -288. -271. -237. -211. -192. -199. -149. -142. -153. -140. -133. -142. -128. -124. -93.9 -93.3 -93.2 -87.7 -86.0 -71.6 -56.4 -40.9 -37.9 -20.6 -16.5 
9.940 51.55 23.17 15.59 55.76 19.62 1.906 -68.5 79.63 75.51 52.29 57.67 51.09 59.15 52.89 59.08 5.372 15.78 10.35 13.27 9.523 -1.58 2.843 -6.52 -0.77 -4.11 -35.3 -32.7 -28.1 -64.2 
-550. -279. -337. -47.6 42.75 -249. -452. -410. -335. -289. -240. -214. -197. -160. -136. -144. -162. -156. -144. -146. -158. -172. -170. -167. -160. -143. -109. -129. -123. -116. 
117.5 330.0 46.46 48.66 55.93 33.82 46.44 80.74 58.55 47.98 50.86 42.66 39.97 58.27 45.11 48.09 51.39 14.22 -10.0 13.39 53.89 51.30 40.58 88.36 68.64 59.74 61.91 65.88 65.01 69.81 
-458. -6.35 13.75 9.942 32.30 30.16 25.81 -15.8 -76.1 -6.28 -3.86 -16.0 -30.8 -29.5 -19.2 -5.80 2.987 -4.00 -16.0 -1.33 -0.45 0.636 -5.44 -15.8 -24.7 -25.3 -23.1 -27.9 -44.1 -44.1 
-241. -36.4 -80.6 21.29 -4.29 -62.6 -11.3 -2.62 147.0 126.2 83.10 74.19 52.18 66.27 53.02 48.35 46.05 68.89 75.21 73.57 46.05 43.68 17.74 17.93 34.14 20.49 -2.91 3.654 -4.07 -18.0 
1.051 -77.7 -54.2 -31.5 54.25 4.686 5.624 2.112 -6.23 10.81 130.5 -39.1 0.659 -13.8 -7.88 -2.60 8.142 15.89 27.09 14.35 17.14 3.626 15.97 14.80 12.27 11.76 14.71 20.15 12.86 4.860 
155.3 117.1 62.60 64.61 168.5 251.0 205.2 179.1 180.1 162.3 123.2 121.4 64.97 -12.3 -9.50 -6.72 -5.86 -3.83 -31.6 -28.8 -34.4 -69.0 -63.0 -70.0 -92.6 -87.3 -93.9 -91.0 -74.3 -70.6 
903.7 431.6 194.7 -32.0 -25.6 -18.5 137.3 102.1 39.88 36.68 -20.2 -20.2 -2.57 28.74 10.71 8.589 23.02 42.50 40.97 67.90 74.28 69.95 57.70 52.40 67.17 57.81 59.57 92.55 68.78 70.17 
-484. -152. 170.3 106.3 16.01 242.2 143.7 182.9 149.6 164.5 141.6 158.7 138.8 90.36 76.46 45.22 47.61 48.66 54.37 67.91 97.38 96.92 64.25 59.39 50.92 49.18 19.11 25.13 21.17 25.53 
