8762.94690135 26.17737653792208 8699.322886099999 17.870335348171043 0.0
8763.59259355 24.856663529881597 8843.409752450001 32.32038464222902 0.005
8765.1261383 27.706223516630974 9315.7492411 97.40695024623389 0.01
8758.814225949998 23.22701153801018 10382.5375268 348.47514717982614 0.015
8764.6415684 26.315870296035797 12258.276013 689.1338692708954 0.02
8764.8284288 24.985878966029812 14875.112138 1157.4269218179527 0.025
8764.3260401 26.4136085367843 17377.953593000002 1011.1934077269552 0.03
8764.89558 23.359957365588404 18625.992710500002 627.6298448421996 0.035
8763.0536225 24.66354434264754 18977.829148499997 571.2888007141015 0.04
8765.109109399998 25.4217582605064 20981.297442 21435.513654768198 0.045
8766.032117699999 26.492949556924238 19199.0263365 538.4597622908847 0.05
