8779.07813
8697.16872
8725.23652
8697.02245
8720.06993
8677.54950
8763.22272
8696.66811
8734.18336
8676.09616
8778.43329
8696.41998
8799.86071
8731.53195
8760.45912
8691.57901
8710.33459
8674.54927
8777.87203
8702.57387
8760.16144
8701.64560
8733.91902
8697.22527
8750.37353
8703.95071
8721.50626
8677.74534
8775.90116
8712.06689
8743.01280
8685.37033
8778.55651
8700.52213
8785.70950
8719.12232
8728.19503
8678.17384
8774.77895
8701.90365
8757.45342
8689.53790
8752.76462
8694.02715
8799.54760
8717.80251
8728.00808
8677.95566
8744.97343
8682.27788
8730.45134
8699.65044
8756.36157
8695.47244
8748.77593
8697.84401
8756.75855
8693.72001
8726.39297
8686.39012
8797.98457
8731.95381
8748.75564
8703.34224
8718.98974
8683.32193
8753.93371
8686.56138
8745.52395
8683.90105
8732.83197
8682.80341
8769.64949
8712.46596
8759.43658
8708.38563
8754.99852
8678.48832
8771.27530
8711.28640
8751.65202
8693.48871
8741.59609
8704.02652
8803.38223
8755.31147
8726.48123
8674.57072
8822.24066
8721.21140
8758.64460
8692.73787
8749.15908
8682.68015
8734.36265
8707.53118
8797.13695
8704.67293
8706.82676
8665.52058
8747.65525
8701.83272
8743.07253
8678.89684
8737.95322
8686.93694
8778.09458
8711.56225
8761.95071
8698.55139
8790.59225
8703.48614
8743.52144
8681.51409
8697.67800
8669.53027
8775.02156
8700.66641
8764.39595
8689.95625
8822.94095
8719.43749
8789.22457
8702.32355
8764.41353
8713.39331
8776.80017
8719.86585
8734.46224
8675.29995
8781.68634
8705.19294
8785.60230
8724.19628
8762.23585
8717.90437
8813.00379
8711.25768
8818.10163
8746.49200
8745.81553
8702.34673
8736.19346
8698.81221
8752.94681
8689.06609
8761.54800
8685.02642
8821.05614
8714.84654
8730.96443
8666.00120
8696.86323
8669.09172
8701.07382
8675.85754
8755.72398
8686.91235
8768.25159
8695.09512
8731.19965
8683.15769
8782.08752
8723.48511
8787.77232
8727.97818
8721.42206
8681.94479
8733.39773
8676.05361
8772.38420
8704.19714
8771.98397
8713.37777
8800.18005
8714.09872
8742.03992
8690.89375
8744.60358
8705.85581
8828.08047
8734.64554
8764.53434
8711.14429
8726.34430
8695.17157
8792.18195
8708.81392
8765.64635
8669.18835
8741.43650
8693.25979
8787.38265
8708.74539
8742.65562
8682.37639
8745.91465
8694.16578
8777.74124
8717.07549
8794.85353
8688.81960
8747.20633
8680.72577
8737.58894
8674.87804
8767.21516
8708.92623
8729.60432
8695.94149
8749.13286
8668.95013
8777.67832
8727.78714
8774.40605
8684.34174
8779.14985
8704.62140
8741.79312
8690.05470
8745.30550
8687.57323
8754.78534
8696.01717
8756.74036
8684.25613
8766.82567
8688.89568
8760.90374
8685.62443
8767.41350
8696.81681
8802.53349
8710.62993
8793.06868
8716.25985
8799.98111
8726.63801
8802.29799
8719.15305
8753.01079
8705.91037
8761.48971
8690.60288
8767.27490
8692.52101
8763.55662
8676.82783
8769.29877
8706.81935
8808.50698
8729.26261
8776.79285
8708.15887
8745.86889
8679.33890
8787.35821
8722.18616
8759.29602
8700.62052
8750.47593
8692.72170
8760.67870
8701.53492
8775.55829
8710.97100
8730.24029
8668.57341
8783.58174
8690.63279
8792.31247
8696.75332
8773.63562
8702.57946
8768.72539
8694.32523
8719.49124
8684.99465
8771.52859
8690.84292
8771.77377
8706.40983
8705.02346
8659.91833
8773.53302
8701.72808
8764.15983
8698.74181
8778.83610
8718.57821
8794.65781
8679.26056
8815.85757
8728.53929
8743.50151
8681.30084
8777.28705
8726.67915
8745.68049
8675.38400
8762.70298
8704.00826
8774.09399
8684.47841
8757.44031
8719.01662
8754.45188
8680.34924
8834.96260
8749.57888
8757.18137
8674.86311
8786.94700
8686.79398
8774.85231
8728.66818
8775.22153
8691.47424
8720.77281
8666.51262
8785.93498
8735.76654
8754.09829
8686.96618
8786.84763
8731.62454
8743.60030
8681.68500
8802.68555
8720.46083
8749.38843
8681.50118
8778.37632
8715.69278
8756.95164
8696.14023
8739.98839
8684.31157
8763.87333
8686.42506
8772.32047
8705.65686
8763.77709
8709.65105
8770.47387
8710.40922
8820.88847
8729.51777
8758.49309
8707.65857
8796.66586
8730.65159
8765.43339
8687.25336
8767.96096
8710.23341
8766.31833
8693.98680
8740.59404
8683.35645
8757.38679
8680.25371
8804.96914
8730.74753
8757.82915
8698.40083
8759.77331
8718.25962
8752.91695
8701.88376
8781.41943
8719.74786
8758.41749
8701.95594
8762.33891
8696.76749
8786.77660
8714.15781
8771.60225
8720.31194
8741.61366
8692.76394
8759.31082
8700.15790
8772.09905
8686.79715
8718.83304
8697.73342
8769.17808
8717.41308
8764.37415
8714.96421
8770.92474
8715.42879
8749.19834
8692.82790
8807.35348
8728.90501
8757.24444
8685.97167
8790.62864
8879.61974
8765.99697
8890.43033
8763.37269
8839.71473
8732.29677
8774.61341
8729.71747
8836.09606
8767.35487
8819.05967
8767.71294
8932.37131
8718.20390
8790.36915
8770.73962
8861.20469
8779.40855
8894.83463
8765.11329
8822.41284
8783.02461
8837.28134
8760.64850
8827.54661
8806.41481
8832.64710
8772.39809
8829.30225
8728.78154
8806.15293
8765.72922
8858.93858
8763.80370
8825.85123
8758.41716
8827.21241
8807.58109
8859.89068
8771.58735
8875.51661
8764.81406
8787.16481
8806.98584
8839.51723
8779.51104
8901.63375
8778.39026
8850.84698
8776.26740
8837.28867
8726.34773
8850.08583
8798.61749
8841.90124
8760.38586
8830.28705
8770.54417
8858.91763
8711.16590
8876.70580
8716.32009
8873.33646
8751.46548
8858.54939
8729.95066
8845.81809
8741.28587
8815.69648
8773.42194
8873.24245
8768.14593
8867.42727
8728.20790
8850.26272
8783.12502
8842.63228
8790.79913
8838.51757
8793.54743
8894.55364
8734.06946
8866.57902
8751.08715
8876.67811
8770.44843
8855.02218
8733.37115
8844.87115
8758.93040
8864.60656
8785.64709
8822.55194
8767.91232
8762.27537
8800.61748
8831.16574
8760.68150
8811.16508
8766.77071
8865.23328
8748.99574
8837.17514
8769.64364
8842.34288
8776.49016
8934.98338
8711.08089
8791.39785
8768.72511
8843.58639
8769.43344
8835.51097
8778.26372
8825.02623
8750.71859
8876.80645
8760.35127
8801.61853
8760.80078
8887.77063
8772.76554
8848.80969
8809.42788
8858.30881
8793.78018
8841.31070
8732.99309
8842.26940
8761.26316
8869.34629
8722.39826
8830.47613
8781.38231
8835.42983
8749.16881
8761.42592
8776.41452
8858.66654
8736.94839
8833.99591
8764.87918
8858.38666
8755.29683
8824.75328
8777.59256
8895.53806
8766.81109
8803.02760
8783.90823
8891.32081
8730.40310
8865.90204
8764.58251
8785.27926
8759.14002
8825.71195
8783.22360
8824.58575
8771.95952
8793.50513
8776.40236
8869.71829
8773.07002
8896.48880
8775.38446
8839.84331
8755.17594
8857.98002
8799.02849
8846.15373
8788.57334
8823.77547
8750.40822
8843.53168
8750.77415
8803.40442
8743.28978
8842.67184
8752.92395
8869.85805
8774.76131
8800.27590
8729.75191
8805.31942
8734.79551
8828.66345
8762.89796
8816.78938
8762.99675
8790.90721
8709.35461
8839.65691
8777.60064
8793.67260
8740.24735
8849.83700
8742.27286
8792.03275
8770.42804
8886.92276
8704.81822
8780.31721
8812.61860
8831.51823
8752.05516
8834.50790
8733.30393
8832.49240
8765.99573
8805.64508
8791.19743
8857.05887
8754.69108
8833.95423
8751.97555
8830.74603
8791.89207
8851.75729
8762.07815
8805.84426
8752.49278
8897.36775
8762.15457
8852.26356
8790.70350
8852.80087
8736.15755
8806.52173
8811.05271
8877.46714
8748.56868
8822.71135
8729.37205
8838.74014
8719.03147
8873.64426
8801.66379
8847.13952
8757.23329
8872.49828
8756.23417
8832.31821
8748.87110
8794.72340
8769.35088
8844.78145
8725.26222
8855.80061
8785.53007
8815.72658
8768.38527
8875.37901
8738.75239
8857.25685
8762.64502
8838.86900
8792.18224
8906.14859
8783.52346
8883.99525
8766.81338
8814.97147
8799.63313
8807.91545
8774.63548
8844.35388
8777.72904
8842.62808
8738.46259
8810.99549
8762.49219
8855.29364
8778.05509
8868.18864
8807.58637
8841.64393
8743.75011
8869.04108
8744.00990
8836.98887
8754.40543
8838.09108
8786.73313
8827.42828
8806.28002
8895.44538
8795.88779
8880.43124
8766.40151
8879.85747
8736.90526
8845.09269
8759.19711
8910.56932
8764.14369
8823.79579
8769.19313
8878.48991
8752.84413
8863.81128
8764.93511
8865.72827
8786.90708
8856.02240
8824.20910
8930.33433
8756.51650
8815.07246
8774.67403
8853.01247
8783.23530
8841.34926
8775.82138
8881.44034
8712.05907
8798.10859
8743.93158
8896.18753
8774.12187
8841.33725
8775.76362
8828.12977
8772.75676
8848.70294
8738.55206
8844.04217
8745.31661
8827.97992
8738.43823
8774.93772
8837.78972
8814.31918
8837.06554
8882.08525
8750.23765
8819.40423
8776.76740
8834.79671
8765.29328
8845.64227
8769.82952
8848.91831
8751.81323
8852.59044
8736.30887
8859.00652
8781.95106
8906.88336
8787.67879
8867.77148
8747.70321
8829.83551
8761.55037
8844.71922
8780.23622
8826.96065
8786.63387
8924.89363
8777.81100
8844.91087
8763.92586
8804.12692
8837.49567
8845.44183
8772.51242
8852.59983
8768.94088
8815.58623
8740.47352
8838.60451
8767.93691
8830.63883
8726.53389
8796.76135
8757.75973
8798.32688
8753.73467
8826.10311
8754.96939
8902.74594
8763.94654
8855.40280
8709.29942
8839.54564
8765.03038
8842.26309
8733.82896
8813.64738
8726.01666
8789.00097
8745.02631
8793.53173
8776.91547
8868.50514
8717.43387
8833.08863
8769.13208
8808.50734
8775.62547
9321.82444
8753.62771
9481.96003
8733.25003
9270.04157
8738.31971
9260.28470
8780.25816
9278.25760
8773.21965
9443.76312
8759.04420
9301.40354
8740.57099
9405.26835
8782.22466
9318.53302
8765.19061
9430.86519
8774.18955
9198.52755
8734.27897
9222.00571
8776.25687
9310.13467
8749.29387
9325.26805
8790.01225
9382.58615
8746.35407
9362.76138
8746.10190
9196.34189
8746.97305
9364.84327
8785.06920
9299.00531
8736.80554
9359.37292
8734.36016
9207.57721
8759.30274
9336.02612
8769.55493
9246.94747
8797.06206
9455.53519
8745.30071
9318.21781
8737.87670
9425.99555
8744.15502
9260.64188
8755.01442
9234.14364
8741.25453
9331.70652
8738.70767
9312.27028
8704.05369
9255.39798
8770.52011
9443.09710
8816.26619
9216.24864
8825.02830
9305.26585
8792.16920
9487.09630
8773.02735
9355.24977
8710.58733
9254.09794
8719.28445
9194.75684
8840.44943
9187.11430
8767.12971
9343.42412
8746.25577
9148.25106
8801.26303
9317.29798
8750.56033
9323.17148
8783.03848
9432.04406
8769.09932
9274.54393
8792.93991
9630.28758
8771.10059
9293.42475
8764.54954
9296.84904
8741.67497
9317.34816
8820.47210
9421.46988
8780.38559
9197.00678
8751.86281
9452.22085
8779.19410
9515.28083
8794.67586
9346.60944
8743.50827
9227.95698
8741.34371
9242.64014
8786.21680
9143.12879
8783.68988
9444.08284
8760.46958
9262.31598
8728.90011
9354.81821
8755.53031
9321.90624
8734.23736
9238.83468
8740.02155
9093.22247
8765.19241
9225.44216
8740.02753
9164.44158
8740.07235
9229.61118
8742.98298
9374.03026
8798.41531
9383.97644
8738.57477
9347.76129
8758.01423
9256.06487
8789.39139
9251.39646
8842.60400
9181.35992
8794.39196
9323.11487
8757.89207
9217.29982
8752.41004
9181.29595
8751.39105
9606.00965
8769.78974
9346.81237
8802.52605
9331.12851
8763.83228
9381.15849
8810.57421
9306.71390
8757.43280
9371.24463
8818.70284
9363.16409
8771.48195
9518.08185
8771.23161
9209.58568
8770.94835
9261.28556
8801.84305
9307.26073
8773.71513
9326.11732
8743.76238
9210.66600
8770.56725
9295.17736
8781.32879
9470.24205
8761.03597
9371.98142
8761.24327
9307.55947
8735.02136
9162.47248
8754.53997
9263.06411
8761.94317
9197.12506
8762.56695
9229.80351
8758.78515
9302.92750
8757.69229
9392.65615
8770.30089
9278.12557
8773.75091
9277.03155
8852.07355
9350.30829
8731.01362
9277.18160
8738.35727
9293.95846
8750.88013
9295.73443
8800.53007
9570.11737
8762.20331
9297.49155
8820.82203
9361.30972
8751.18070
9217.70057
8733.52115
9335.35756
8766.61361
9307.59728
8736.62500
9237.58399
8766.89165
9258.86228
8792.70124
9322.87486
8722.52187
9400.19117
8753.02674
9383.29353
8776.61248
9262.63018
8731.55170
9104.62339
8790.52946
9282.41555
8771.05123
9272.24174
8746.78183
9289.10344
8792.09821
9292.68390
8732.58475
9250.63648
8760.30385
9143.85200
8725.27519
9268.42301
8832.05690
9295.68745
8764.39304
9286.65514
8741.21902
9320.16448
8796.30541
9246.16590
8746.01390
9177.45504
8723.37226
9146.48587
8819.37217
9376.24065
8772.16409
9322.34843
8794.64203
9423.29295
8747.49156
9209.87262
8726.73635
9355.06691
8769.42661
9249.82561
8741.46308
9403.55086
8743.07768
9279.34354
8691.31595
9381.20481
8796.78611
9350.88721
8759.29243
9493.00682
8784.31243
9465.75043
8751.84083
9324.46047
8763.74159
9300.95151
8779.68957
9397.76912
8746.88997
9360.85575
8751.96384
9348.21904
8792.89260
9469.56871
8801.27948
9407.85463
8777.92553
9311.38867
8770.15061
9318.42431
8790.84408
9403.30051
8752.96302
9300.72012
8741.94802
9347.47244
8753.27153
9424.04457
8775.28786
9278.00929
8738.92007
9544.02038
8734.97055
9345.50218
8754.18073
9191.37850
8780.07528
9333.71386
8795.61211
9226.06010
8802.65488
9239.30301
8771.16041
9360.09860
8802.40619
9384.28724
8756.21857
9241.91582
8770.37222
9495.94113
8742.69684
9683.51735
8767.85057
9235.18261
8829.90904
9208.79228
8759.47804
9293.27204
8760.51524
9251.16147
8757.23558
9269.57360
8765.39538
9306.27928
8779.70242
9418.73366
8784.36150
9168.15921
8753.22356
9309.56256
8727.92327
9241.45752
8771.28665
9277.74508
8776.16905
9225.56552
8758.80028
9406.68949
8846.25489
9291.88311
8723.41664
9238.92103
8727.58176
9393.15238
8746.78136
9331.16347
8749.45728
9214.62088
8782.65268
9474.50095
8735.28086
9197.61175
8750.69185
9182.97809
8813.51165
9432.05993
8752.35533
9320.08365
8741.43708
9364.43007
8735.20961
9273.22454
8767.07313
9342.19689
8786.37425
9524.54166
8734.74720
9425.86388
8774.79216
9334.12192
8760.49268
9228.95017
8726.64906
9356.72905
8813.51469
9204.04202
8785.21730
9286.88315
8741.95408
11280.9948
8803.69337
10148.6005
8755.14094
10588.5745
8760.57112
9888.97471
8774.48742
9908.66733
8767.81986
10169.6144
8753.54408
10862.5760
8755.82596
10324.0937
8770.52165
10299.7307
8740.98134
9816.28147
8803.07250
10679.1800
8753.08827
10299.7298
8784.58943
9975.97161
8728.61567
11080.2997
8731.37288
10300.2035
8769.55218
9887.99634
8770.21238
9828.74016
8743.76843
10695.6014
8744.06697
9925.32773
8783.55539
10185.9809
8735.70412
9810.09556
8775.22112
11590.5569
8811.11363
10749.0710
8789.56551
9806.11004
8739.65575
10585.6928
8730.22088
10580.7408
8708.29799
10539.8010
8813.12777
10329.0695
8786.20483
10586.4836
8757.87081
10336.0776
8737.18283
10647.4576
8755.56877
10865.1785
8739.79415
10079.5920
8766.13485
10337.7037
8783.43635
10264.2470
8743.32315
9930.92569
8738.02190
10198.4278
8758.46056
10411.1601
8746.21551
10094.8514
8758.55252
10092.6527
8765.63526
10702.5819
8787.13459
10168.8538
8761.48762
10133.5025
8802.27102
10323.0139
8734.56274
10419.7724
8737.64546
10386.2595
8756.71130
10157.4311
8758.13331
10262.7550
8759.23227
11095.5697
8733.93064
10417.5184
8727.87298
10271.4598
8750.32127
10641.8508
8731.92494
10357.8098
8750.18183
10343.1103
8818.81954
10560.2655
8766.25093
10268.3013
8744.35852
10960.1633
8753.29319
11173.5392
8744.83409
10746.6882
8737.26849
10619.8210
8753.33784
10163.1467
8799.42637
11103.9059
8765.30118
10270.9596
8764.62870
9908.48889
8764.25817
10448.8397
8785.87767
10611.4957
8756.60108
10840.6844
8769.51434
10580.4422
8754.39952
10181.7452
8750.88350
10441.2959
8763.23303
10349.1142
8731.92609
10358.8717
8776.45652
10514.3632
8741.26168
10033.1494
8755.23392
10916.1501
8746.81856
10605.7308
8757.70495
10307.2521
8760.90787
10633.4087
8802.76689
9947.09972
8759.07995
9988.95596
8752.34837
10129.3204
8758.00114
10159.2992
8756.37601
10714.2680
8760.09847
10412.2434
8750.05684
10798.0531
8753.89343
9789.45754
8769.52113
10573.5537
8732.09727
10022.4116
8754.55632
10301.3894
8732.26770
10762.2839
8799.28270
10502.1464
8702.72528
10291.7401
8799.38535
10413.3708
8748.68820
10234.5005
8744.96229
10650.9085
8743.61982
9793.43537
8760.87262
10523.6260
8789.06361
10537.4894
8761.10141
10252.7247
8764.22280
10484.9742
8766.72619
10742.4080
8746.80291
10198.5527
8749.08769
10697.1608
8758.67312
10035.7977
8750.78141
10238.4111
8755.74023
10393.4684
8844.47419
10652.5963
8764.42349
10494.3671
8747.44843
10369.3650
8728.44993
10597.2205
8773.18512
10288.5452
8793.61183
10314.8494
8771.04903
10088.9161
8748.21294
10552.9285
8787.92871
10437.6114
8737.54367
10043.9460
8751.68440
10293.3328
8717.93647
10241.7957
8761.69055
10387.3433
8740.39219
10059.6516
8768.16441
10654.1426
8782.42638
10027.3788
8755.59265
10071.2963
8779.08769
10082.1261
8744.20893
10925.9535
8747.21359
10023.1842
8776.00713
10341.9261
8759.60066
10068.0995
8715.68335
10437.4410
8708.99095
10303.1270
8747.07653
10217.5471
8741.05232
10461.3747
8766.66706
10004.2597
8762.41355
10859.9081
8802.55792
10127.8748
8781.60913
10078.5253
8700.65193
9980.90386
8737.92830
10958.8658
8739.15388
10535.8452
8746.62446
10654.8807
8773.89944
10825.5215
8761.64181
10261.6090
8783.71293
10573.3067
8745.37069
10495.5386
8766.91476
11130.4410
8791.56177
10106.3868
8742.53414
10277.1287
8757.20171
10618.4624
8747.95975
10426.5558
8799.55316
10891.2393
8764.50532
10218.8416
8755.30016
9825.54569
8782.21149
10388.8309
8724.13922
10159.6868
8751.41665
10369.8888
8771.54970
10247.6388
8728.51878
10765.8971
8790.55083
10163.1955
8766.28921
9828.59996
8744.41542
10494.6807
8762.23058
10822.9623
8748.33019
10500.8698
8732.65630
10341.9725
8781.61643
10331.6220
8755.93153
10607.9959
8728.27496
10009.6624
8750.91759
10244.3208
8794.77704
10482.0095
8757.93437
9796.74148
8754.59488
10034.3101
8727.75946
10310.1317
8753.93099
11836.9111
8730.96411
10755.4597
8752.82445
10818.1140
8750.55607
10009.2653
8787.59112
10560.1234
8761.67192
10184.1895
8749.06029
10169.5909
8750.51512
9896.72652
8763.04854
10101.5002
8717.02221
10382.8953
8779.09357
9994.07848
8810.07080
10956.1468
8766.93780
10028.3493
8794.44333
9885.66072
8796.05478
11198.5742
8749.69065
10307.4088
8694.55199
10036.4239
8758.42185
10077.9956
8751.69115
10676.2735
8764.03579
9848.59703
8753.18496
10444.4833
8771.53327
10718.9593
8738.51948
10075.9056
8762.06158
10206.5753
8748.20191
10814.0218
8749.42707
10686.9375
8735.26202
10190.7188
8798.28305
10323.2563
8796.63623
10282.2429
8714.51798
12033.3902
8766.13374
12418.1430
8783.35316
11371.6027
8764.77124
12879.0014
8751.72539
12043.3249
8732.59152
12154.5771
8766.12606
11871.0485
8770.91212
11615.5648
8763.12089
14149.9875
8764.05845
11004.8508
8747.89147
10974.5740
8743.83717
12192.8021
8800.05962
11628.6322
8727.86990
12462.2808
8775.13568
12194.0029
8756.40731
11310.8747
8724.88273
11880.8069
8823.74056
12762.0683
8732.02372
11776.4742
8757.55586
12373.8542
8789.22660
12068.3005
8807.30256
13503.4154
8768.88626
12762.0608
8737.21106
13430.4290
8804.22168
11666.6173
8770.06318
12323.5677
8796.59048
12548.1067
8758.79539
12314.4242
8706.15418
12884.2831
8746.06293
12242.9548
8745.58510
11294.3170
8766.58800
11714.6595
8766.71776
12191.4404
8783.14961
12316.6195
8797.06158
10835.4982
8777.91764
13342.1179
8742.51395
11356.3680
8788.81223
12772.2009
8721.37686
13561.1834
8812.23666
12330.5389
8742.27822
11693.0352
8743.35481
12381.5191
8751.11577
12678.4346
8780.11619
12392.4263
8735.72446
13172.6687
8769.79534
12693.9601
8767.50145
13028.3571
8775.99605
12215.8949
8799.34841
12249.9731
8747.44046
12463.4147
8789.50413
11632.3069
8741.47771
12177.6974
8799.26975
11654.1051
8779.75895
12331.6911
8781.65559
11881.7941
8754.69644
11434.2325
8745.51257
12058.4235
8833.14369
13586.0971
8746.90148
11764.3445
8766.38594
11626.9907
8765.50341
11041.2999
8774.14566
11934.9347
8747.55439
11742.3176
8773.76460
10900.1178
8807.08499
13001.7086
8767.91679
12474.8041
8781.20291
12465.1166
8774.22066
13060.1162
8752.22811
11060.0560
8752.50480
11175.9884
8764.07404
13321.9300
8768.24852
12299.6397
8761.48024
11640.2247
8756.19716
13806.6711
8812.87136
13243.0535
8823.15983
11368.4451
8758.93521
12290.8859
8786.70453
11487.9456
8760.85831
12423.7875
8722.87610
11363.3151
8755.38333
12005.0856
8758.32144
12437.9025
8796.63583
11780.6991
8769.54865
11981.0191
8789.40334
12644.2600
8748.46744
12157.3324
8756.93899
11473.7796
8754.25110
13509.6795
8821.47858
13228.6305
8779.91270
12912.6931
8741.09911
13560.6889
8749.71523
12154.9625
8763.39620
12061.7373
8762.31528
12007.3988
8718.41133
12255.9184
8767.11225
11283.0498
8825.86097
11897.6817
8800.64327
11230.6265
8756.96567
11552.4488
8734.77412
12409.1667
8776.58656
10958.5215
8764.78922
12606.0967
8763.27607
12641.2760
8750.73664
12012.7404
8760.30006
11907.8799
8756.59651
11515.9199
8806.66676
12138.3194
8765.22217
12727.2303
8740.68962
11209.5080
8754.03877
11519.7648
8725.49450
14346.3210
8779.75836
11365.7539
8794.32077
12414.7463
8734.82816
11904.7611
8726.24261
12140.5184
8743.09987
11816.7585
8744.11492
12485.1794
8760.36918
13900.8370
8733.09349
12437.7657
8748.27234
11631.9318
8814.93344
13158.4736
8832.30025
11832.2836
8763.98806
12255.1916
8775.82284
13097.5825
8748.98544
11927.6936
8752.93820
12254.9923
8744.81622
12513.4950
8738.11334
12560.4703
8773.57629
12727.3577
8750.39777
12500.1452
8727.02863
11882.7171
8799.38622
13090.1228
8720.79392
12582.6840
8804.25084
13365.6258
8788.64976
12419.5460
8765.25766
12210.8906
8809.55377
12099.6577
8808.10370
13139.3004
8777.83792
11866.8093
8791.89597
12893.9327
8744.77718
13426.2787
8772.30043
13302.7483
8730.57989
12959.8053
8750.60853
12551.1816
8798.00062
11508.7461
8767.73683
12687.9449
8827.46310
12225.8548
8765.13030
13407.7285
8820.57453
11441.5917
8748.07473
12207.2387
8748.70550
13264.6659
8766.60452
11750.6947
8735.99106
11093.5272
8773.13918
12568.7108
8746.77121
13199.6729
8773.10190
11418.5633
8746.15065
13178.9108
8756.67102
12625.4586
8727.25018
12256.8341
8774.07713
11885.4708
8769.52887
11483.3837
8775.39813
12723.3436
8767.55876
11392.2115
8750.68750
11547.2162
8737.08273
12933.2064
8776.47623
11965.7254
8806.67499
12871.9117
8777.36833
12857.6730
8704.61481
11577.5092
8825.02017
12208.5830
8765.51030
11483.0396
8729.86844
11890.1309
8774.37445
12853.8772
8760.91149
13399.0255
8789.84371
12841.9341
8750.99470
12966.1961
8763.97046
11627.6218
8751.21080
12571.2931
8767.80108
12727.9509
8751.26595
12608.1168
8784.47701
11783.7315
8724.23971
12089.7164
8739.10370
12319.6119
8780.65342
12340.5691
8778.23200
11606.0691
8746.85341
12794.2312
8783.96276
11715.2002
8781.70782
11097.6355
8745.86440
12458.8388
8746.68033
11711.5748
8733.89622
12360.5301
8740.36739
12743.2105
8797.24323
12046.7532
8735.57887
12100.4954
8732.64641
12244.7353
8712.40598
11928.3005
8757.39553
11980.8282
8765.23440
13212.5691
8742.92434
11980.7790
8745.51740
11265.9936
8778.97565
14628.4002
8740.99001
15456.2396
8755.43139
14619.7284
8762.61174
14164.3815
8765.34584
14268.7632
8749.67093
15602.0023
8790.34438
15370.3672
8778.57269
13873.5214
8756.76864
13909.7127
8743.64031
14698.4494
8771.09774
13813.6378
8738.41440
15009.4914
8763.11814
14221.6600
8767.93676
14032.4580
8806.94395
15700.5889
8772.95923
14360.1144
8791.64581
13594.8386
8797.12585
15356.8266
8806.71225
15558.1839
8756.71322
14820.0009
8805.21180
14018.1842
8748.84865
14520.3275
8757.44069
15759.0571
8779.95309
15704.2836
8737.49052
15194.2881
8758.16645
17127.7544
8761.65996
17903.1939
8798.99305
14017.4884
8759.97980
14188.5591
8749.82735
13562.4956
8776.63071
13927.1807
8779.39089
14332.2314
8792.15262
16299.0853
8730.88132
17020.6254
8726.07329
16157.8339
8744.62290
18257.9986
8748.96918
14291.3886
8740.84152
14316.4183
8734.03641
13201.4092
8727.72403
14949.9862
8797.21251
15905.3936
8735.53111
14037.1207
8771.30663
14517.8332
8728.12325
13516.6950
8733.81699
15946.8535
8780.68745
15162.1021
8770.96914
13134.3238
8771.51315
15184.4515
8783.73482
16337.0779
8774.94141
17142.5755
8730.71466
14630.8194
8756.75009
14169.5853
8765.18374
13925.1720
8803.41860
12121.6303
8777.06388
15681.9560
8753.61569
17647.8627
8759.64645
14930.9663
8758.38065
16779.6968
8751.94250
14953.2742
8797.01180
14149.7234
8743.26111
15232.1438
8750.67721
15020.1246
8793.38416
12857.6128
8817.55608
14898.8519
8742.08878
13609.0458
8747.50652
15422.3762
8717.01772
14958.7814
8744.91446
14615.5401
8742.23509
15579.0030
8779.13540
15240.9430
8722.37239
14114.5771
8772.97084
14023.6143
8778.94395
15557.5517
8722.33577
14384.6325
8787.87854
16036.8813
8790.31904
17438.9651
8773.12371
14404.0948
8761.44834
15074.4714
8745.02145
17107.7329
8760.23891
14350.1167
8764.84836
14300.3329
8802.79380
16441.6268
8711.73592
14931.1426
8741.27999
14461.6401
8806.56393
14914.0651
8796.62379
15176.8439
8734.54058
16302.2189
8740.56893
16365.2790
8768.60672
14886.2468
8764.17295
15894.8094
8778.46167
14265.1749
8795.91377
13274.2896
8755.33505
15466.1824
8759.83660
15129.9466
8759.28977
15466.8949
8764.15795
14037.8004
8792.69875
13276.0328
8748.14868
15473.4279
8801.99617
15877.3094
8793.55584
13503.3609
8752.45536
14582.4549
8789.33532
15430.2511
8771.79135
13232.7926
8731.28451
14319.1896
8760.47464
14253.3686
8776.38083
15107.0384
8750.26165
14482.9200
8767.17852
13671.7470
8814.13293
13814.0513
8768.19954
14427.9018
8746.80295
14573.0723
8763.59212
13852.4817
8719.95244
14041.1964
8744.92910
13687.1262
8786.01506
16691.7996
8794.94140
15679.9236
8773.38603
14745.3910
8767.38042
13011.7947
8802.32327
15413.8714
8768.11281
15916.9271
8789.44680
15669.1230
8747.58102
15875.7232
8768.46747
12926.1626
8786.07518
16305.8932
8787.89110
14744.1023
8765.46776
12243.3648
8757.39522
14214.7994
8747.23545
15071.1257
8759.83515
14107.8640
8740.40512
14045.7479
8787.80041
13736.1358
8763.47600
16938.8820
8705.08366
14485.4162
8747.80095
14397.3237
8754.04831
15373.5592
8730.63356
14915.8980
8728.59260
13773.7585
8763.57412
14038.6973
8759.42201
15148.5572
8776.80283
14985.3832
8780.34519
17668.5174
8738.98576
15371.2471
8797.92565
13788.3994
8747.75321
16182.4932
8803.26876
16832.6178
8786.01274
14294.6701
8757.78753
15037.7535
8803.38952
15277.9225
8855.04537
17576.2587
8764.90472
13099.3038
8749.26289
13439.7554
8753.62849
16169.2724
8727.32279
14067.0991
8777.58058
17613.0240
8768.81580
17574.1729
8749.84333
14150.9417
8760.93827
14708.0624
8786.62862
15563.2861
8735.24209
13245.5670
8796.47407
14411.4093
8770.27519
13102.1615
8725.05047
15164.4961
8753.90705
16173.2308
8753.36142
14074.0763
8790.14847
14384.1688
8770.79640
14524.0544
8739.43157
16783.8127
8751.48184
15630.2163
8800.90312
14528.2093
8790.73258
13652.2430
8790.16600
14045.1032
8798.06945
15977.9146
8719.59236
14649.4281
8749.95431
15254.1657
8793.73252
14097.4284
8736.23418
14821.8145
8785.51529
14548.3578
8760.09855
13546.9175
8782.64354
13484.5256
8796.38417
15618.5956
8752.85664
13639.9440
8715.02177
15753.1229
8716.49521
13692.0775
8713.28596
15293.5042
8793.35855
15185.4146
8769.21585
14833.3517
8724.13741
14953.1521
8792.44081
14905.5245
8742.03876
16235.9431
8781.76581
13438.2695
8774.90533
14973.8635
8730.56978
14567.2556
8756.34008
15493.2082
8770.77976
14640.1446
8807.77885
13531.3304
8772.05095
13789.8057
8787.60465
15384.6179
8766.30156
12749.6178
8786.94230
13303.5354
8767.16053
17537.2791
8790.22641
17634.9654
8741.18857
16490.9977
8778.20605
18455.0089
8777.33870
18963.7743
8740.82984
14328.7193
8777.01153
17575.0796
8751.57775
16699.2381
8785.20082
17079.2546
8759.01020
16285.6331
8806.31489
17311.8391
8721.89756
17375.3093
8787.57410
17541.9814
8754.19437
17873.5639
8717.94315
17276.0915
8801.15166
17785.8747
8755.06532
17594.0644
8753.88584
16827.7827
8743.20305
15926.8578
8742.43321
17059.6970
8768.21017
17688.1376
8706.36537
17648.1795
8719.80671
15404.9945
8711.79433
15865.9883
8784.00164
17043.9335
8813.86831
17870.1472
8754.31819
17189.5829
8793.38119
17084.1410
8808.29024
18352.0264
8721.87657
17157.7881
8752.77286
15782.8728
8749.25093
16292.2077
8747.34183
18224.6736
8738.53263
17772.4796
8820.80105
18447.2285
8776.77652
17535.0142
8781.67253
15783.9073
8757.26554
17405.1075
8758.78882
16259.9210
8743.40585
15515.5873
8787.46586
14606.3560
8762.92124
18046.2889
8837.00714
17799.2000
8758.44755
18534.4374
8755.91752
17774.3029
8792.26937
17675.8526
8748.79648
19173.6939
8758.32415
18190.2481
8778.70545
17472.1207
8771.14918
18014.8136
8757.35149
18187.5170
8736.37014
17455.3820
8783.53180
18602.7698
8785.75731
17760.0992
8799.70002
18957.1237
8744.14569
14988.4466
8737.70382
15907.1926
8779.87199
17745.3351
8794.46949
18353.8161
8741.37548
17406.9599
8799.88885
18340.3555
8720.06635
17571.3202
8757.86630
16349.1493
8794.41715
17929.9272
8756.44746
16997.7913
8736.55121
18839.2352
8824.46575
18832.3594
8788.40553
17301.2936
8767.29231
18818.3742
8770.72991
16971.7353
8757.54211
16100.6803
8773.43860
15996.3816
8742.78033
17156.9151
8763.09183
17297.9325
8753.28978
17496.9745
8791.65295
18060.9953
8762.41899
17547.9826
8749.89549
18005.9552
8756.70617
18503.8570
8759.34617
18022.3653
8763.84141
17318.9733
8728.24565
18161.9634
8729.47643
16118.7629
8772.29078
18400.6171
8766.05607
17233.5019
8831.94479
16513.7183
8726.68857
16331.3407
8800.40620
14609.2027
8740.15172
17747.3845
8769.03610
16352.3715
8769.98595
17055.9013
8744.23403
16843.0459
8692.39575
17183.5528
8779.49206
15665.7115
8795.13908
16082.9784
8768.31002
16978.0369
8762.08528
18468.2384
8765.43701
16933.6489
8755.23431
18518.7659
8791.35495
16016.1463
8738.40263
16889.4064
8769.10781
14590.3490
8745.86289
15977.5590
8749.51657
18177.0738
8791.90848
17838.9304
8786.54975
17612.5877
8723.11559
18507.7440
8765.45489
16520.4435
8757.75516
17595.3547
8741.34984
18181.2796
8806.69940
19256.7007
8732.53301
17782.3532
8741.19547
16023.9635
8758.95860
16648.6568
8805.20541
18439.7036
8774.33017
17808.9664
8769.25179
17702.1040
8776.39803
18322.0076
8722.84482
18366.5975
8760.08103
17740.0194
8775.59603
18162.1029
8757.43387
19206.1824
8722.94804
17510.9302
8757.91553
15972.9322
8832.15152
18823.4473
8813.11833
17822.3986
8750.84403
18063.7413
8747.20642
17174.7177
8724.05741
17648.3525
8724.88389
16803.5825
8742.90008
14752.3545
8722.36431
16653.6034
8786.53512
18076.2967
8798.13638
16644.8610
8745.81064
17483.2836
8782.29322
16811.2282
8755.87781
18009.3188
8752.07900
18044.0709
8751.48517
18943.8997
8762.67489
15873.6235
8746.85698
14993.6075
8773.59932
17042.8691
8742.04924
17604.1900
8721.31623
17587.4040
8736.93672
17327.3772
8809.00811
15925.1151
8764.48502
17964.0803
8780.80308
16846.0420
8754.96014
18197.4859
8712.67192
18092.2836
8709.70499
17541.2470
8779.93538
18646.9125
8767.08408
18807.5293
8782.38522
16930.3110
8773.25986
15261.1959
8762.92805
16569.2167
8748.15749
18169.7772
8760.49579
17283.7877
8773.45768
18388.4010
8772.35721
16878.6120
8819.63189
17847.5261
8786.85637
16519.9173
8806.66949
18403.9312
8784.80185
17428.2096
8804.59307
18044.8586
8776.78775
17257.8214
8764.45136
16973.6228
8780.22992
18166.0969
8782.08536
17554.1558
8743.45603
17683.8602
8750.74434
18140.4394
8780.10210
17318.9470
8751.12984
17463.5937
8762.88696
18164.8794
8792.90958
17842.5847
8750.48817
17146.3266
8727.58996
18938.4886
8756.38591
16366.2907
8794.95361
18618.5496
8767.78257
18755.8384
8774.65132
18270.5453
8768.21645
17893.4831
8778.52090
15885.6963
8760.87002
17547.6649
8773.76951
17429.0595
8739.56698
16496.6784
8762.32810
18071.7509
8770.27549
17705.8131
8819.77798
15551.3490
8717.81943
17559.7937
8757.98298
18787.5492
8756.55456
15791.5400
8782.68725
17591.0722
8772.30943
16560.3612
8746.51853
18061.8678
8764.91109
18695.2140
8758.26505
17592.6625
8788.45312
18929.6657
8774.47479
17326.2517
8801.76503
18264.6672
8733.51347
16684.8706
8800.55498
18652.1410
8775.92028
18351.9445
8770.53194
19881.7823
8707.68641
18785.4320
8756.08616
17596.1214
8789.89006
19762.4859
8769.47458
18317.0519
8768.56218
18935.2141
8756.50734
17724.5743
8795.74853
18835.6362
8768.50404
17991.6317
8751.95343
18428.2043
8765.77998
18951.3410
8763.42644
19517.1799
8800.00257
18956.7293
8752.72506
19159.9998
8740.98250
18911.8936
8757.35439
18884.0338
8785.94122
18634.0842
8766.25710
18801.5618
8712.45316
18910.1507
8732.05587
18028.7143
8803.51061
18449.3053
8758.96253
19744.3479
8802.55989
19157.5669
8748.69951
19264.9161
8764.59967
18495.9672
8768.41624
18691.4675
8786.89211
18390.8382
8772.68352
18195.9553
8736.61646
19071.4513
8754.83658
18868.4187
8764.17362
18949.4753
8770.77956
19170.9386
8796.77321
20138.7277
8778.56593
18980.2132
8757.10007
18439.4590
8769.41819
19270.9608
8756.33877
19639.5375
8804.87695
18720.4585
8712.89729
18459.4282
8768.70968
18290.6394
8743.05511
19324.8744
8787.79834
17868.9306
8798.37489
18138.2989
8806.82550
18458.0152
8783.14689
19329.2755
8792.10536
18498.4919
8771.07793
19508.3834
8751.84987
18794.9413
8785.78599
18627.1146
8766.26657
19171.7034
8749.58214
19011.9666
8797.06735
18912.1387
8718.33402
17964.0457
8726.28836
18747.0239
8765.08856
18013.4143
8779.16362
17379.5474
8783.68768
17725.2556
8769.03560
19176.8097
8774.11154
18326.6371
8751.00681
18383.4102
8760.06538
17578.3599
8793.75557
18866.3821
8743.41856
19422.6232
8794.87533
18313.1973
8756.33782
18680.1546
8790.51005
19288.0334
8810.55663
17486.5527
8744.51046
19654.6236
8763.38102
18511.5331
8771.27387
18027.7735
8758.83794
18945.5915
8781.37071
19249.6011
8786.25765
19801.4005
8748.06758
17566.0445
8746.72009
18106.9156
8743.71207
17094.8072
8745.39859
19610.0016
8731.24344
19058.1494
8761.47788
17729.0374
8799.70719
19345.6508
8724.28429
17764.4874
8773.99351
19028.1706
8744.81012
18780.9980
8790.16359
18743.3860
8763.36043
18376.7940
8759.81166
19832.6894
8775.68300
19307.2627
8771.41383
18230.3005
8760.98016
18583.5658
8780.89264
17817.8778
8723.74563
19040.3935
8785.94144
18768.2277
8782.20630
19706.8527
8761.44614
18708.1524
8775.53106
16843.2482
8793.63057
18413.8468
8754.53895
18880.0801
8781.87611
19003.1927
8749.42042
18822.6097
8789.84428
18802.7734
8731.98893
18380.0831
8778.43706
19075.9404
8767.24499
19203.5228
8740.33233
18508.3428
8763.16331
19592.2677
8752.63013
18901.2270
8745.35005
18751.5222
8771.80160
17394.7208
8748.11765
17880.3737
8764.11497
19077.1782
8778.52010
18529.1725
8749.94982
18408.8774
8767.73798
17474.6917
8713.88718
18926.8313
8751.90034
19127.0316
8796.57562
18325.6819
8726.04531
18001.3498
8692.89644
18672.9143
8735.39078
17516.4680
8786.65371
18610.6377
8740.06006
19006.6439
8733.54999
19746.1168
8756.32877
18960.2356
8794.78491
19099.4115
8744.47286
18428.0979
8726.92137
18696.4435
8819.37157
18223.9916
8740.14203
18573.1046
8751.60356
19631.2718
8800.40697
17418.6172
8742.28889
17805.0076
8771.04049
18262.8295
8794.57527
18738.6115
8740.04007
19098.4471
8754.37016
17897.8043
8760.16685
18960.0195
8779.75213
18496.4254
8736.89010
19654.7763
8785.86686
18928.9095
8769.44883
17826.9168
8745.75265
18868.7353
8739.70980
19071.0318
8720.44530
18303.0037
8777.07958
18136.9078
8787.47961
18542.3951
8795.11912
16438.6417
8788.26972
17712.9538
8744.26042
17727.4653
8749.29870
19130.9857
8792.78545
18275.7655
8761.30338
18188.7081
8765.85834
18914.3394
8738.43207
18752.5851
8752.44586
17904.9177
8785.79218
18894.0737
8746.19026
18851.0172
8754.85381
19023.5151
8834.40162
18284.6582
8755.07671
18195.9311
8760.66621
18346.0182
8780.23828
19243.0652
8745.20681
17819.9633
8762.52479
18241.3813
8775.80889
18464.0467
8759.62621
18552.6834
8736.19485
17705.5956
8778.75753
18077.3036
8781.28006
18561.8711
8771.35198
17342.3251
8748.69034
19019.7672
8743.56525
19009.3422
8790.03650
19267.8312
8742.34614
18642.3652
8764.59129
18678.8490
8745.35544
19280.3934
8757.82300
18416.2599
8786.86397
19104.0043
8785.50632
19052.8183
8788.28255
19399.0759
8780.44172
18913.1495
8765.87669
18707.6317
8751.64680
19533.7722
8741.14274
18513.0980
8749.58467
19080.0388
8781.13931
18618.4014
8791.65411
18218.7563
8752.40077
18344.8105
8818.28022
17896.2039
8754.67663
18169.5524
8747.52560
19292.7705
8781.09577
18594.4118
8779.26038
17434.8312
8779.02154
17555.4928
8788.18420
18574.1951
8757.06812
19090.8448
8731.42474
18402.3255
8797.33762
18499.3283
8746.75064
18944.2178
8760.70631
19199.2155
8776.05303
19391.0445
8783.74100
19458.5150
8727.62297
18664.1846
8751.92733
19534.8207
8756.78372
19523.4711
8753.91243
17895.2537
8769.57332
18524.4642
8741.80778
18898.3442
8751.62727
19726.6606
8749.18482
18885.4115
8731.59027
19885.7022
8775.34524
19249.3167
8748.77281
19822.1793
8761.95886
20084.0148
8760.63091
19503.7029
8757.51262
19318.0483
8776.43407
18817.3526
8808.62968
19164.2396
8753.23878
18299.5081
8749.85434
18173.2340
8731.05764
20240.3678
8726.54299
19332.7479
8760.74755
19610.8204
8764.48027
19082.6409
8771.04695
18524.3000
8827.58196
19149.6441
8743.54848
18361.2069
8720.70816
18995.4920
8742.16363
18184.1465
8736.90721
18668.1540
8741.47513
19057.3420
8771.49417
19213.3700
8805.94949
19342.5053
8742.68776
19417.2023
8756.25307
19257.8036
8763.37887
19662.9637
8770.87093
18365.5559
8755.42042
19601.0593
8800.29685
19334.0193
8781.95897
18782.7297
8836.42862
19417.0476
8762.48796
20413.9238
8798.57336
19568.0800
8753.90946
17707.8881
8790.18576
19100.2480
8770.50639
18974.3474
8791.10126
18491.0554
8750.22734
19125.2304
8765.62798
19095.5160
8785.57144
19697.8622
8743.85499
19532.5138
8761.28087
19240.8335
8782.98367
19013.9069
8750.14806
18770.1294
8772.81330
18841.8981
8804.06298
18453.8650
8782.31736
19023.5478
8760.90536
18999.2933
8763.41206
18694.3963
8773.59520
18007.3774
8725.90476
18893.3825
8787.77717
19350.5804
8722.30557
19078.2551
8771.44560
19969.5145
8774.68498
19039.9061
8740.57318
17999.8071
8798.00319
19003.6687
8752.62422
19160.8015
8742.81574
19646.9158
8735.51306
18639.1641
8776.44392
19519.7476
8801.19599
18581.8323
8697.11857
18805.4886
8733.57180
19479.6468
8793.17561
18284.3057
8780.42984
18614.7904
8782.24226
19068.3788
8736.46778
17251.3363
8776.51710
19309.6041
8776.00092
19452.4005
8794.14842
19274.2285
8762.71982
19134.1808
8754.26697
19151.6921
8768.89345
19390.9695
8766.10215
18409.9666
8764.73888
17932.0683
8782.16081
19696.9705
8851.22903
18768.2666
8716.09403
18686.7159
8727.82181
18646.5752
8782.96201
19034.2527
8738.96028
20019.9030
8755.26457
17752.3941
8763.81085
20274.2235
8775.45504
19907.9695
8789.46025
18975.2983
8822.98310
19000.2727
8784.73882
18969.6819
8773.04758
18552.5985
8743.25983
19384.2540
8764.98003
17901.3486
8782.67613
19035.5586
8736.75258
19223.0708
8800.81094
19653.2155
8803.24396
17520.6336
8744.31306
18640.6911
8762.36910
18882.8376
8741.35023
19342.5224
8782.30414
19412.8944
8735.24329
18891.0157
8754.75713
19280.7209
8745.10623
19212.3378
8760.14312
19263.8199
8802.98394
19024.4376
8768.37798
19835.2326
8756.67832
19174.2172
8758.97975
19461.5667
8766.66527
19834.7513
8746.19812
18658.6027
8775.93443
18170.9082
8732.96476
18685.1198
8765.16903
18742.2387
8776.81113
19286.5654
8793.12545
18165.0477
8779.97454
19237.4201
8766.09099
19738.4630
8757.52550
19314.2856
8719.52851
18676.4363
8713.82472
18431.3718
8753.27627
19214.2341
8747.86710
18028.8892
8732.82671
18325.2247
8757.03262
19278.2729
8772.99433
19448.2540
8754.15478
18461.9342
8769.22862
19008.7866
8723.60131
18912.5216
8760.87999
19901.6119
8771.82763
18228.7244
8741.17000
18067.2472
8756.23793
18888.7849
8795.20977
19467.9145
8762.32329
18216.9438
8741.55945
19191.1396
8764.62084
18211.7945
8762.58365
19418.1266
8742.91059
17642.9903
8773.14129
17872.6193
8774.97574
18876.6409
8743.42856
19375.7910
8716.22770
19185.1453
8719.14694
18456.6015
8789.34022
18752.0402
8785.52208
19656.3876
8768.65842
20208.9990
8797.57344
18864.5689
8753.05353
18898.2728
8760.43847
18658.9195
8764.27351
18874.3007
8819.02301
18831.3296
8771.89712
18755.3627
8767.65199
18570.9858
8771.13524
17947.3798
8739.46651
18850.9564
8743.82691
19040.3817
8780.96169
17974.4066
8743.42916
19528.6368
8714.46711
18530.0818
8753.05008
19051.5017
8756.56931
18790.0803
8715.99951
19422.4104
8790.70673
18806.1795
8737.85772
18750.7006
8730.17115
18986.5438
8762.60470
18392.0728
8755.32080
18882.5713
8770.83516
19167.5888
8808.58039
19547.9298
8746.42899
19330.2192
8761.84971
18854.4680
8769.89008
19627.3862
8773.99764
19339.1285
8735.60415
18443.0455
8759.98654
18839.7789
8770.37151
19523.2985
8742.23842
19074.1904
8759.93451
18721.3745
8779.94413
19048.5702
8798.90744
19121.0846
8737.28821
17947.4823
8722.61046
19162.2413
8788.21891
19086.7324
8759.70936
19583.7474
8780.71804
18209.1574
8776.07895
18742.0465
8752.74749
18764.5069
8733.44566
19526.6657
8783.43801
17690.2951
8808.39440
18328.5715
8756.63416
18552.7663
8797.49968
18692.0126
8759.83363
18304.6704
8804.93078
19067.5195
8795.45308
19200.1011
8740.40967
18174.1413
8771.81476
19433.9243
8766.79313
18931.6060
8739.97200
18942.1334
8741.26046
19076.6596
8767.27862
103184.036
8770.81110
19353.4958
8818.09329
19027.0235
8796.84386
19572.9310
8771.46835
19424.4794
8739.66830
18975.2527
8773.93700
18928.4538
8764.47878
20110.2923
8764.69766
18485.3943
8744.52986
19510.0295
8757.39833
18817.6011
8753.91895
19593.4293
8782.71547
18040.2110
8790.46488
19337.8385
8739.17059
17676.9828
8797.04840
18140.0808
8774.58644
19507.5683
8751.61238
19554.2344
8796.67526
19051.3733
8782.61945
19151.1167
8742.54703
19454.6503
8765.10304
19332.1998
8746.99943
20177.9742
8740.68106
19247.0630
8758.85342
19179.4902
8789.83700
19929.4394
8741.80380
19644.7809
8800.98237
19651.1231
8755.86317
19466.4332
8780.98310
18437.6754
8731.72889
19105.0522
8740.53824
18141.7895
8786.03897
19102.8569
8687.47915
19287.6035
8787.86765
19746.5162
8752.95447
18408.5326
8734.02581
17862.2863
8751.14391
19047.8329
8747.65586
18178.2866
8785.33516
18937.2787
8749.66747
19320.4136
8766.20615
20341.7669
8700.67490
19037.6146
8772.68460
19472.1463
8784.05851
18664.6077
8741.19202
19406.9336
8752.09092
19412.8097
8752.85703
19139.0573
8770.88096
18345.8198
8799.47187
19391.1563
8758.44469
18981.2680
8758.76376
19284.5794
8746.03831
19120.1466
8758.35895
19920.6600
8760.41836
18980.5131
8764.79213
18682.3956
8783.21357
18871.6244
8818.49310
19143.1051
8761.94839
19936.3891
8754.00127
17400.3678
8758.36072
18866.1809
8733.26668
19575.3932
8760.21059
19971.0190
8796.54248
18914.6471
8749.86432
19222.9013
8766.02516
19502.7969
8738.23834
19436.0428
8779.22864
19552.0774
8794.67447
19780.6009
8737.55045
19346.8708
8712.77478
17673.1483
8726.41510
19584.6447
8760.37857
20051.3406
8806.74300
19562.6700
8756.86893
19155.5155
8762.14975
19119.2312
8753.56248
19691.2068
8801.07030
18814.0350
8813.43251
19105.0921
8775.15692
18160.8358
8780.16893
18708.9833
8783.11399
18084.0793
8721.91239
19392.5022
8798.95153
18020.6646
8794.99188
19171.6763
8778.05944
18790.0584
8756.24364
19152.8194
8762.22380
18225.7301
8714.95059
19088.8279
8764.02773
20141.5549
8771.18624
18422.5529
8792.41482
19369.1797
8789.35497
20588.7353
8735.31145
19099.7570
8762.01807
20154.5231
8737.45462
19775.2513
8745.13773
19475.9598
8775.08902
18540.4861
8815.85863
18555.9164
8770.52403
19964.8177
8730.31739
18354.1387
8779.39636
19445.4430
8742.14098
19598.0533
8784.91313
20241.3364
8785.02807
18656.2972
8743.08908
19182.0022
8714.89514
19769.9003
8771.78356
19020.2701
8733.28714
19161.8104
8779.82844
19631.2284
8781.02712
19455.9362
8765.89050
19705.6939
8772.03210
19602.1233
8752.78014
18955.7734
8759.16010
18923.2831
8803.47303
19290.8556
8757.21058
19689.9573
8740.44582
18435.0323
8758.96395
18944.5770
8795.45005
19741.6795
8783.30338
18437.6952
8809.99034
18943.1380
8711.78805
17972.0005
8806.38971
19804.7015
8765.01638
19196.0671
8728.84043
19727.2721
8741.21239
19670.8223
8748.58057
19566.5312
8786.45387
19594.9004
8797.76706
20327.3669
8713.97190
17995.1152
8776.19624
18948.8117
8757.39656
19893.3266
8791.69721
19309.6138
8791.68652
19640.2672
8780.82490
19212.7338
8760.20561
19360.8542
8774.60378
18816.1082
8744.29229
18687.5647
8806.14782
19494.3255
8739.82303
19327.6338
8767.09615
18841.6624
8743.32267
311440.378
8787.10892
17978.5412
8751.38566
19073.9708
8746.07147
18487.3285
8725.46249
20090.8458
8771.46198
17998.7879
8752.83151
19832.2315
8787.54795
17695.2256
8759.48835
18851.0425
8804.68946
18221.2205
8747.28806
19468.1093
8765.52501
18435.5009
8752.11068
18994.1129
8813.75039
18487.0798
8781.85475
19106.3334
8812.31261
19278.4457
8772.00071
18459.5725
8715.38114
18903.4530
8769.99788
18825.1916
8773.78555
19140.0688
8726.20313
18174.6265
8756.76482
18282.7354
8769.19897
19352.2207
8791.86813
19130.5681
8738.59566
19323.8662
8766.54223
19304.0635
8754.12941
18379.8544
8794.94074
19834.1333
8800.97503
18647.5755
8753.58588
19280.3973
8773.79412
19823.7619
8760.33255
18493.9058
8739.09345
18568.7631
8775.07431
18374.9818
8756.13551
18801.1254
8755.71799
19307.6512
8816.65998
19224.9015
8736.57780
17742.6108
8794.76837
19239.3101
8728.43574
19152.2980
8725.81524
18846.9002
8768.30378
18890.8696
8761.96931
18894.0511
8789.35152
19540.8707
8811.20708
19094.8242
8764.23601
19637.9449
8790.14215
20136.6529
8726.82436
18616.7554
8756.60346
18799.4107
8750.91034
19030.6761
8746.41880
19922.1359
8777.16445
18373.8392
8762.10584
19264.8321
8794.06399
19388.4803
8795.73088
20084.1154
8741.37015
18639.6463
8755.94010
19502.0490
8768.80626
20080.8451
8771.40704
18978.6455
8747.35457
18816.9300
8715.69168
19309.8031
8739.40924
19019.5147
8800.95451
19370.4278
8802.36057
18955.3682
8771.67650
19146.2914
8785.17490
19148.6726
8778.28276
18962.3935
8755.08561
19118.8254
8726.28368
19119.7199
8748.17951
19417.3883
8787.30008
19797.5530
8810.46842
19021.7508
8756.61652
18753.6943
8778.69863
19863.5763
8779.18829
18175.2197
8775.04023
19611.1439
8754.99882
20013.2189
8759.30042
18911.4404
8763.52097
18785.1174
8792.02386
19138.0002
8828.81945
19751.1573
8761.24017
19348.2637
8785.71808
19423.8209
8749.73265
19781.9205
8779.71370
19681.3858
8825.56209
19048.6584
8755.58054
19126.1188
8781.20093
18977.2215
8752.88099
19665.0137
8733.97310
18704.5112
8754.61058
19153.4684
8756.09651
19281.5959
8783.82585
19307.3020
8790.27861
20150.6429
8740.28929
18161.7085
8737.28805
18689.1346
8783.94598
19063.4746
8705.56092
18760.5945
8763.88192
18745.4047
8758.68827
19220.0480
8787.50437
18376.3698
8734.22084
19661.0476
8762.71921
19320.3135
8751.21069
19611.8691
8784.42027
19120.1655
8740.01753
19798.5900
8745.01395
19210.4185
8758.20388
18744.3912
8768.94301
18128.6700
8750.38685
20071.3489
8730.52451
19622.3733
8784.51327
19170.4931
8749.88871
19185.3331
8734.81649
19491.5575
8810.64697
18401.5138
8802.80663
18179.2371
8788.74956
18857.4616
8763.20439
18688.1465
8808.92912
18356.6037
8800.45814
18866.9434
8793.41994
19673.1452
8734.90187
19249.0257
8777.40023
19646.9051
8766.94617
19554.9602
8799.19863
19201.6648
8775.83656
18226.4359
8741.43548
19559.3466
8765.72308
18829.5539
8718.72350
19779.4333
8759.13768
19595.8562
8786.20304
18473.8822
8794.15789
20063.4740
8718.56979
18867.7363
8751.78621
18111.4664
8789.61606
18733.0451
8781.26936
20003.9696
8769.38720
18753.7477
8737.78166
19924.4907
8718.27162
20022.8929
8757.85395
18736.9767
8755.69178
19415.5322
8786.59161
19038.7485
8726.38615
18735.4596
8817.87953
19583.1826
8781.15461
20007.8005
8762.42726
19338.6227
8818.37995
19524.9889
8782.50173
19621.3818
8762.08213
19617.9920
8758.94549
19686.9225
8789.13477
19759.5490
8754.36358
19037.3543
8776.70353
18932.6923
8739.57413
19177.1757
8797.03401
20215.0559
8792.55304
18500.7799
8753.65525
18862.9427
8740.92722
18443.0827
8763.70941
20158.6126
8764.20261
17864.4026
8769.37426
19196.8642
8712.48196
18994.2541
8742.07425
18438.5367
8822.54185
19256.0227
8735.77558
19067.6483
8822.70698
19199.4182
8772.35889
19361.5369
8806.17789
19318.2701
8758.87514
18469.9205
8757.31307
19207.9733
8745.29777
16945.8429
8822.97853
19704.1343
8761.77473
19079.2628
8763.59233
18825.2088
8761.31613
18334.1925
8730.50229
19167.6765
8803.20185
19350.2799
8731.18379
19409.2010
8730.50775
19272.6222
8731.90752
19313.9309
8803.27200
19668.0467
8806.44436
18872.1054
8767.22850
19107.0290
8777.72480
19151.1883
8757.61395
18981.4205
8778.72986
19765.6394
8804.29568
20199.9694
8769.43126
19481.7302
8758.49050
19227.2731
8748.07854
19808.3237
8813.02873
19300.2819
8718.29206
19280.0898
8759.64871
18790.7843
8771.98987
18784.4337
8708.81399
18790.9450
8771.36063
19259.8531
8725.81218
18669.7656
8721.94185
19744.0283
8786.72657
19383.6167
8744.13241
18972.9428
8767.47215
18679.4285
8736.89377
20300.6590
8775.26516
18496.8651
8766.24896
19741.5906
8752.85942
19096.4508
8759.48661
19524.9397
8746.26419
18974.5172
8733.27505
19527.0528
8782.88884
18580.5025
8799.20419
20050.4228
8808.91252
18546.6769
8754.01238
18980.6376
8761.48781
18756.2912
8750.05017
19378.7188
8764.30266
18812.3816
8774.97312
19618.5002
8800.45555
19905.0869
8740.50834
18578.3003
8767.61206
19407.3427
8731.38586
19145.5271
8767.46121
18905.7269
8782.25673
19151.9067
8747.23086
19074.7082
8754.94683
20408.0788
8735.59381
19404.6660
8743.36917
18978.8308
8773.01873
18609.5775
8753.08486
19476.1414
8803.97872
19742.4272
8721.19673
19269.8704
8764.22466
20372.6200
8776.73239
18093.8638
8760.43693
19639.5190
8783.00790
20520.0922
8770.06157
19618.2345
8811.81564
18831.3853
8724.36853
18854.8420
8746.92074
18729.4892
8761.53995
18762.7839
8823.15637
19449.0452
8761.92449
20068.5032
8742.52421
18772.0263
8827.27724
19199.0189
8749.92526
19777.9126
8801.08792
19098.6662
8755.25792
19454.2596
8758.92469
19245.3357
8760.82680
19086.2738
