269.9135820000001 5.684341886080802e-14 269.9135820000001 5.684341886080802e-14 0
281.30137381500003 0.5522812975264291 452.07773233750004 10.169202476025474 5
297.185724205 1.6206586985024278 952.674747585 39.734583220949645 10
313.9742699875 2.7968199772311246 1878.15868365 106.9708369355761 15
331.0406324325 4.074644926638254 3361.253187675 205.02198087589178 20
347.92072613249996 5.547697608173787 5474.429022699999 352.20852234744655 25
364.457432845 7.345583284130452 8264.966270699999 562.7249423478123 30
380.79854170000004 9.938748256760224 11932.315571150002 818.2150068780365 35
396.803218845 11.199438617672994 16291.01049025 1043.8218723152045 40
411.9403167625 12.441785570918187 21405.979019 1423.720874676058 45
428.7422460275 14.641702745532063 26977.19053925 1858.6574859237019 50
445.7215292375 15.540791710517233 32890.756413250005 1947.5631299835716 55
460.56778617250006 17.368504605013747 38018.5763245 1543.5411015725986 60
481.24681339999995 19.65380088779028 42550.47858675 1645.691307465746 65
497.4849067975 23.526465337258507 47064.8831195 1961.153212271914 70
517.8207663874999 24.805316296063566 51602.71655575 2340.121462428311 75
534.6045710699999 25.20316425142539 56747.15148675 2679.707486595791 80
556.9640104775 29.73767920667235 61889.333549 3181.762172465806 85
574.5505362475 29.88989099556591 67627.47038825 3640.2873121528733 90
596.988090935 33.05284578961823 73255.75061825 3940.1570748736535 95
621.7112583425001 34.29680844105735 78998.37687075 4415.551518323421 100
