2319. 84.85 510.1 478.1 551.8 342.2 350.3 435.5 274.6 98.47 111.9 30.27 14.31 15.18 247.9 226.3 264.6 238.2 85.31 195.0 233.4 238.0 289.3 278.4 47.75 29.44 27.53 53.37 104.5 74.19 
-116. -59.7 2.337 -880. -746. -593. -1472 -1289 -1796 -1649 -1513 -1504 -1385 -1279 -1183 -1156 -1117 -1093 -1120 -1044 -962. -945. -946. -918. -841. -834. -796. -774. -715. -714. 
643.5 1828. 320.0 390.8 328.5 256.4 271.1 315.2 285.6 360.0 839.5 752.6 758.3 998.7 633.0 540.9 652.0 630.3 718.4 708.2 662.2 625.2 685.2 661.6 652.6 654.6 727.4 739.9 717.6 455.4 
19.24 -406. 726.4 989.4 791.7 764.5 661.0 318.6 529.0 157.2 94.89 13.58 42.62 70.51 82.86 25.60 47.72 44.65 64.55 2.413 14.64 12.66 -5.24 68.52 19.53 -46.5 -71.2 -81.4 -54.6 -94.2 
-283. 361.7 104.8 100.9 -404. -284. -500. -415. -898. -1464 -962. -814. -751. -703. -626. -621. -705. -654. -560. -559. -582. -464. -417. -322. -323. -172. -215. -115. -142. -137. 
-313. -226. -688. -538. -571. -315. -122. 345.9 322.5 31.53 42.35 240.3 260.6 238.8 347.0 239.0 262.7 140.8 114.3 -218. -39.0 -46.2 18.29 5.808 -49.9 -50.4 -17.9 -130. -142. -69.3 
-1258 -1256 -650. -766. -21.5 -858. -519. -363. -329. -270. -171. -184. 157.8 252.7 236.6 231.6 206.3 100.0 116.8 145.5 138.6 123.8 155.4 151.3 124.2 142.8 -37.0 -61.7 -59.0 78.64 
-4575 -3680 -2373 -901. -1930 -1654 -1377 -1236 -1094 -1540 -1428 -1370 -1269 -1123 -882. -753. -671. -643. -446. -437. -181. -140. -130. -119. -115. -22.5 1.674 13.96 -65.5 114.8 
486.5 6.345 -329. -961. -1452 -1183 -549. -510. 65.91 166.0 322.1 291.0 451.2 591.5 595.3 1172. 929.7 884.9 880.6 744.8 780.6 748.7 790.1 1122. 946.6 898.8 870.0 894.8 990.3 936.1 
-1365 -558. -1713 -1158 240.1 6.664 117.9 99.83 112.4 2.374 -258. -201. -344. -359. -449. -443. -426. -350. -145. -425. -383. -482. -448. -439. -213. -227. -230. -156. -226. -217. 
1957. 2404. 1509. 1014. -1916 -1869 -1640 -985. -758. -1328 -1418 -1307 -1245 -1258 -1135 -1027 -981. -1195 -1036 -993. -951. -962. -1041 -1095 -1023 -1008 -998. -976. -964. -1010 
-879. -265. -311. 166.1 1289. 951.2 842.4 1055. 875.8 797.3 569.9 1301. 1362. 1217. 1119. 1509. 1304. 1285. 1085. 1031. 1052. 956.4 902.5 848.4 1195. 1224. 1173. 1145. 1223. 1246. 
-1301 -6547 -4155 -2339 -1030 -895. -1037 -961. -571. -514. -370. -367. -582. -404. -383. -354. -292. -433. -433. -343. -199. -199. -136. -112. -96.0 -22.3 -40.9 -24.2 -10.8 -10.5 
1722. -53.7 -558. 119.8 518.2 410.4 -438. -360. 64.00 29.90 17.28 -672. -620. -677. -534. -475. -485. -626. -601. -421. -483. -414. -478. -490. -436. -548. -573. -510. -410. -418. 
-556. -1962 -923. -1016 -1001 -886. -817. -890. 705.4 453.9 485.0 243.4 941.7 1135. 1132. 2374. 2430. 2635. 2351. 2262. 2223. 1953. 1861. 1672. 1634. 1644. 1612. 1511. 1672. 1608. 
-2172 817.4 990.4 816.6 1290. 1058. 905.6 916.6 1572. 1513. 1436. 1200. 1211. 1339. 1201. 1132. 1862. 1740. 1813. 1657. 1484. 1426. 1452. 1325. 1161. 1051. 1010. 1025. 351.9 299.8 
-810. 1063. 93.74 -1893 -1611 -1854 -1629 -1456 -1432 -1295 -706. -691. -616. -431. -488. -489. -481. -467. -226. 185.4 191.4 143.1 297.8 184.7 72.00 94.26 147.3 175.3 261.1 192.5 
-409. 353.1 463.6 337.4 18.84 232.3 102.6 92.64 -445. -636. -641. -1147 -1049 -1103 482.4 733.6 713.2 698.0 648.1 436.7 188.7 232.5 165.8 304.5 303.1 275.4 79.96 84.13 298.7 277.6 
6249. 3563. 3793. 3459. 1967. 1406. 1008. 636.6 1141. 682.3 759.3 676.5 901.6 858.7 794.0 715.9 645.5 699.3 626.8 568.2 751.7 614.0 514.1 879.6 714.6 673.9 647.8 580.7 524.2 504.5 
814.8 476.2 -1161 -1299 -500. 166.7 472.8 554.9 170.9 -494. -675. -885. -841. -846. -766. -717. -681. -636. -811. -788. -886. -869. -1052 -1091 -943. -921. -891. -837. -867. -1046 
-230. -196. -296. -111. -613. -228. -402. 798.2 135.4 291.3 134.1 463.9 516.1 415.5 487.3 470.3 391.9 353.8 353.8 445.6 482.1 441.1 439.4 316.7 709.0 689.6 651.9 629.0 569.6 572.3 
-253. -190. 272.3 197.2 -496. -839. -477. 127.4 350.3 278.6 99.21 -289. -316. 174.8 37.27 -33.1 209.6 273.1 407.3 110.3 166.2 161.6 68.33 67.42 176.1 172.9 130.1 99.81 -36.5 -189. 
509.3 -1870 -750. -380. 88.57 368.5 386.0 178.6 234.7 287.6 228.2 93.23 -83.6 -101. -119. -143. -59.1 -576. -581. -553. -553. -550. -532. -383. -286. -246. -399. -362. -311. -325. 
254.5 192.8 2783. 1314. 1287. 2198. 1928. 1524. 654.8 581.4 304.2 391.3 468.1 388.0 269.7 -246. -289. -254. -239. -181. -213. -262. -106. 35.98 18.88 142.4 184.9 106.0 101.4 23.66 
3159. 1705. 966.9 643.6 512.2 728.6 1082. 904.6 1021. 812.5 248.3 682.4 765.4 461.6 315.8 361.0 357.0 31.65 229.3 548.6 749.0 928.4 817.6 683.5 687.7 664.9 688.1 632.8 604.7 613.3 
3251. 613.9 287.3 -382. 47.61 297.9 242.9 173.4 143.3 -32.2 130.9 -128. -476. -497. -530. -491. -439. -124. -83.8 -21.9 67.66 103.1 24.77 26.06 31.33 23.56 96.00 149.5 203.5 483.7 
-1374 -1562 -903. -969. -793. -1533 -3128 -3530 -3269 -1797 -1585 -1484 -1350 -1375 -1418 -1436 -1166 -1110 -896. -1097 -1064 -1021 -1132 -931. -921. -884. -1074 -1021 -1017 -955. 
-1332 304.2 8.065 360.4 -117. -55.7 91.41 177.4 154.2 251.9 260.9 -52.6 -372. -485. 137.3 -44.4 123.6 -342. -170. -23.5 -4.76 -9.13 -56.7 -342. -109. -98.9 -105. -10.5 265.8 230.6 
1294. 2673. 2340. 385.1 49.16 -453. -453. 97.17 132.9 340.0 354.5 427.6 543.7 643.4 923.4 884.9 871.0 921.2 796.9 774.5 540.4 545.6 370.9 260.9 -260. -347. -394. -489. -296. -331. 
-1770 -1141 591.4 526.1 637.9 551.6 -316. -387. -407. -326. -530. -316. -204. -57.7 -53.2 300.7 225.3 112.1 182.7 -205. -269. -271. -245. -575. -473. -394. -301. -513. -613. -525. 
-2808 -1830 -1211 -964. -2438 -1860 -1931 -1033 -920. -475. 57.49 4.756 -423. -376. -440. -445. -531. -491. -466. -13.7 -63.5 -11.8 6.584 -606. -675. -624. -678. -865. -820. -815. 
594.6 246.6 21.29 283.4 582.9 1161. -180. -249. -151. -267. -389. -329. -386. -229. -185. -493. 117.6 42.25 237.0 72.25 5.076 0.358 496.4 269.1 262.7 245.0 292.2 344.9 199.6 193.7 
707.1 -3619 -1609 -1611 -273. -1569 -1339 -1143 -926. -957. -1231 -1404 -1402 -1275 -1314 -1392 -798. -757. -869. -1137 -1097 -1014 -987. -1296 -1273 -1161 -1170 -1141 -1106 -1048 
399.5 3452. 2239. 1487. 1146. 323.3 68.39 56.15 160.6 -86.1 281.2 359.9 349.5 292.4 228.9 408.3 403.3 431.1 382.3 312.5 309.5 302.0 -35.3 -30.0 -283. -104. -190. -201. -321. -385. 
-425. -2035 430.2 277.5 3724. 3087. 2856. 2522. 2838. 2557. 2722. 2845. 2657. 2490. 2329. 2265. 2140. 2737. 2739. 2618. 2218. 2130. 2136. 1944. 1863. 1831. 1756. 1650. 1437. 1388. 
-178. 135.7 570.4 1399. 3371. 2893. 2837. 2476. 2723. 2444. 2489. 2101. 2170. 2545. 2375. 2167. 1748. 1593. 1457. 1378. 1597. 1441. 1339. 1283. 1079. 825.3 552.1 497.6 427.9 366.3 
-2211 -2095 -910. -2675 -2132 -1911 -1465 -1926 -1864 -1481 -1154 -1219 -392. -399. -578. -26.4 210.8 95.09 141.0 135.2 565.1 529.3 485.0 463.5 345.5 135.2 186.8 201.6 187.3 -100. 
-550. -1433 1984. 1327. 1009. 1347. 1125. 2642. 2349. 3742. 2823. 2552. 1275. 1662. 1589. 1008. 1204. 991.3 1101. 1134. 1103. 1174. 1074. 1007. 970.2 898.8 899.5 992.2 796.9 717.3 
4903. 6235. 3908. 3346. 1869. -373. 414.4 987.1 772.0 661.2 666.4 589.6 209.0 -388. -487. -543. -602. -456. -546. -245. 195.8 203.2 178.2 147.7 153.6 180.4 169.9 182.8 210.5 269.9 
1190. -435. -765. -1085 -967. 931.9 727.0 1370. 1007. 1120. 988.8 753.0 611.4 354.9 972.3 788.1 949.7 1017. 928.2 806.2 893.9 1601. 886.9 752.1 724.4 744.3 716.5 675.8 638.4 618.1 
-924. -287. 7791. 6087. 7327. 6489. 5460. 4799. 4206. 3353. 3671. 3231. 2979. 2466. 2153. 2004. 1409. 1318. 1176. 1060. 1078. 1194. 1099. 950.9 732.6 928.9 829.1 633.7 1224. 1442. 
3529. -295. 123.4 -505. -866. -1646 -1105 -795. -295. -451. -316. -685. -717. -621. -748. -640. -401. 103.9 -20.8 10.72 -481. -263. -439. -267. -64.7 -87.1 -94.5 23.59 -116. 87.17 
1739. 2145. 1502. 1134. 618.4 -293. -560. -466. -610. -661. -619. -311. -186. -1.09 61.58 13.62 -101. -131. -317. -332. -266. 654.7 675.4 719.6 477.5 390.1 299.0 252.6 245.3 197.2 
-767. -1283 -8263 -5977 -4782 -3335 -3118 -3081 -2755 -5007 -4338 -3709 -3581 -3485 -3259 -2726 -3180 -2845 -2902 -2773 -2704 -2654 -2487 -2337 -2255 -2418 -2432 -2405 -2202 -2120 
-6693 1737. 2182. 2926. 2646. 2411. 165.3 138.0 -262. -230. -209. -314. -774. -849. -791. -846. -686. -980. -906. -847. -832. -827. -221. -1298 -1414 -1255 -1189 -1129 -921. -890. 
-8516 -4261 -2839 -2032 -3244 -1598 -1314 -1448 -1018 -1132 -786. -1751 -1424 -1803 -1056 -901. -832. -898. -1010 -867. -748. -1132 -1304 -1418 -1243 -1214 -1248 -1218 -980. -756. 
671.9 2508. 4116. 2982. 2089. 3570. 3621. 3286. 3087. 2813. 2794. 2822. 2636. 2777. 2538. 2931. 2501. 2377. 3763. 3385. 3224. 3066. 2962. 2843. 2768. 2498. 2414. 2222. 2245. 2219. 
8582. 1145. -204. -6586 -6357 -5493 -4991 -4990 -3852 -3420 -4271 -4042 -4053 -4348 -3695 -2873 -3552 -3418 -3364 -3847 -3696 -3534 -3416 -3212 -2840 -2885 -2786 -2678 -2649 -2599 
484.2 1780. -1379 -5013 -4480 -3670 -3312 -3287 -2723 -2223 -2004 -2205 -1798 -1517 -1292 -1208 -1234 -852. -933. -938. -881. -856. -1331 -1304 -1276 -1407 -1542 -1553 -1546 -1303 
1084. 15288 10163 7965. 6122. 5105. 4377. 3814. 3414. 3083. 2566. 2418. 2248. 2504. 2297. 1856. 1864. 1665. 1414. 1333. 874.9 819.1 1374. 1362. 1460. 788.7 922.9 881.2 783.4 687.7 
688.1 3138. 2108. 666.0 792.7 -518. -623. -545. -731. -826. -747. -752. -95.6 -53.6 -543. -2563 -2587 -2658 -2456 -2392 -2289 -2159 -2085 -1942 -1764 -1536 -1502 -1589 -1538 -1418 
-858. -2193 -1355 338.5 2439. 1852. 3940. 3451. 2519. -891. -904. -860. -766. -409. -748. -743. -327. -192. -223. -152. -292. 144.3 130.9 158.2 158.1 281.5 188.8 305.8 175.4 57.68 
4918. 1221. 438.2 -796. -704. -1294 -1546 -1665 -694. -253. -245. -638. -830. -468. -221. 166.3 1323. 1340. 1248. 1131. 1076. 478.8 502.3 471.3 257.5 391.8 342.2 308.7 273.3 275.1 
-5292 -3544 -2146 -1309 -953. -685. -749. 336.4 258.3 -559. -576. -1512 -1319 -723. -711. -485. -362. -690. -650. -772. -922. -963. -698. -662. -412. -396. -367. -391. -372. -415. 
2975. 1833. 1057. 1896. 1742. 1355. 1213. 1102. 885.9 938.7 1061. 1305. 1137. 1496. 1571. 762.7 716.5 719.9 687.7 771.1 689.3 659.8 66.41 119.5 -236. -152. -213. -129. -339. -270. 
5126. 8551. 3110. 2543. 1717. -142. 305.1 140.3 10.53 -688. -952. -867. -734. -1023 -1098 -1243 -1261 -643. -688. -852. -913. -925. -909. -680. -582. -1274 -1396 -1413 -1260 -1413 
297.7 -455. -1368 581.1 3446. 2760. 2511. 2320. 1808. 3015. 2697. 2528. 2216. 2079. 1796. 1618. 1440. 1039. -258. 128.0 -11.6 -6.09 -523. -717. -653. -431. -481. -477. -517. -563. 
-2534 -1173 -3251 -2154 -1697 -858. -1127 -919. -637. -511. 283.4 -382. -435. -71.1 47.64 109.4 183.3 164.2 372.0 356.3 330.4 305.9 558.0 573.3 680.0 1092. 1401. 1393. 1395. 1163. 
-308. -36.5 -375. -119. -413. 21.44 591.0 305.2 334.5 310.5 380.0 792.7 1071. 1297. 2229. 1933. 2426. 1170. 1252. 778.3 674.3 982.0 1087. 888.5 1129. 1099. 1078. 857.7 790.6 553.0 
-490. -656. -144. 2150. 2393. 2438. 2949. 328.8 -1249 -1267 -1133 -1294 -1132 -1190 -1160 -648. -1127 -831. -757. -799. -752. -722. -451. -548. -569. -795. -958. -926. -667. -823. 
1684. 3713. 2435. 1861. 2917. 3097. 3248. 2876. 2686. 1922. 2147. 1903. 1378. 989.5 1042. -313. -308. -503. -512. -464. -351. -681. -650. -727. -867. -695. -619. 7.368 22.56 298.1 
-1882 -1002 -6937 -5253 -4040 -2905 -2184 -3161 -2576 -2257 -2105 -2400 -1581 -1663 -1491 -1395 -1026 -775. -729. -692. -726. -971. -874. -838. -469. -450. -125. -127. -28.3 -81.5 
2028. 2115. 1859. 366.7 -920. -749. -637. -241. -113. -309. 583.2 251.3 -65.8 -472. 155.4 159.0 -171. -342. -285. -175. 40.95 -17.7 20.85 -354. -65.1 -56.7 -265. -153. -151. -75.6 
1207. 2115. -5709 -4333 -3233 -2725 -2333 -3011 -4703 -4709 -3625 -3478 -3129 -2896 -4211 -3961 -4070 -3845 -3656 -3029 -2516 -2356 -2672 -2758 -2577 -2546 -2453 -2378 -1953 -1897 
8607. 4337. -269. 656.2 -4297 -3272 -3819 -4177 -3353 -4027 -3840 -3606 -3443 -3037 -2662 -2431 -2171 -2022 -1346 -1048 -993. -573. -596. -540. -503. -797. -755. -668. -618. -624. 
-74.6 413.2 178.2 -384. -531. -1697 -1599 -2483 -2063 -1354 -942. -1197 -855. -849. 1044. 1151. 817.6 919.6 878.9 862.1 891.2 903.9 548.5 514.0 280.5 293.6 315.5 -219. -168. -158. 
-2895 2134. 329.1 -473. -39.6 -847. -413. -388. -273. 341.8 -789. -738. -501. -574. -335. -33.2 312.8 278.8 351.7 257.5 132.1 371.3 -132. 118.6 -58.4 -56.5 -24.7 -429. -712. -828. 
-1052 -470. 1109. -623. -1963 -2396 -1592 -398. -2209 -1990 -1756 -1320 -933. -947. -735. -648. -650. -622. -840. -812. -985. -374. -125. 238.2 292.3 206.3 464.0 413.6 228.1 220.2 
2134. 1317. 1129. 1138. -62.4 239.4 2312. 1132. 1692. 1968. 2141. 1915. 1745. 1537. 1155. 1142. 1230. 1136. 1162. 1033. 944.9 616.5 757.5 432.3 167.7 205.1 372.9 247.8 -261. -258. 
7521. -1397 16.01 2627. 2095. 3052. 2622. 1339. 1068. 950.9 829.4 746.8 678.3 872.0 1082. 1020. 707.5 140.1 268.5 156.1 -78.8 -306. -241. -1219 -1183 -1067 -1028 -1057 -1256 -1114 
9068. 2108. 1576. -969. -918. -785. -822. -1103 -847. -660. -108. -99.0 -175. -39.2 -59.7 63.11 -202. 1762. 1792. 780.3 753.0 705.5 689.7 955.1 871.4 675.1 662.3 952.3 806.7 -299. 
172.3 304.5 486.5 1621. 889.1 327.7 -44.7 967.9 -83.1 59.61 92.16 335.1 499.1 114.1 194.6 148.2 135.7 549.3 537.3 575.7 762.2 735.0 741.2 717.0 817.6 791.1 886.4 843.4 700.5 624.7 
19071 10117 7043. 3289. 2267. -2.46 780.1 850.0 848.2 609.2 430.6 -1089 -806. -1687 -1866 -1396 -1454 -1392 -1343 -1425 -1180 -1333 -2812 -2712 -2623 -2288 -2107 -2016 -1962 -2131 
2448. -317. 1921. 1590. 273.9 1365. 1681. 1477. 1969. 1451. 1466. 1182. 2074. 1632. 1530. 1077. 792.4 1141. 1094. 938.6 739.2 1232. 1206. 1100. 1113. 899.9 875.4 858.4 1001. 922.5 
1050. 94.24 1676. -689. -1839 1065. 663.7 1970. 2594. 1587. 1330. 1209. 1966. 1755. 1708. 1848. 1637. 1536. 1273. 1131. 1395. 1231. 832.2 797.2 757.1 687.7 944.6 1199. 1298. 944.5 
203.5 2116. -1468 -796. 3233. 3578. 4584. 4312. 4298. 4081. 3597. 3200. 2993. 2771. 2566. 2422. 3057. 2759. 2623. 2154. 1580. 1523. 1582. 1531. 1445. 1422. 1019. 969.9 1042. 869.1 
-4122 -1929 -116. -128. 3419. 46.77 -2105 -1808 -4635 -4263 -3405 -3615 -2086 -1627 -1362 -1045 -864. -601. -615. -377. -1032 -985. -641. -603. -1747 -2121 -2088 -2020 -1847 -1753 
7103. -9891 -6736 -5489 -2368 -1930 -2397 -2199 -1810 -1648 -1507 -595. -784. 412.4 -552. 21.60 -1321 -1376 -1391 -1432 -994. -82.5 -116. 244.2 101.6 928.5 501.1 483.5 -188. -227. 
-2173 500.8 -4565 -4103 -3629 -2653 -2308 -3383 -3393 -3049 -3757 -3590 -3706 -3675 -3518 -4067 -3802 -3757 -3758 -3220 -3087 -2992 -3133 -3192 -2493 -2478 -2330 -2103 -1744 -2250 
-1092 6762. 4252. 3241. 2849. 2207. 1971. 1654. 1520. -166. 2376. 2952. 2077. 2311. 951.0 918.5 833.2 973.0 894.6 853.6 749.8 751.1 475.2 203.6 583.0 736.1 726.3 224.5 138.0 208.9 
11001 9857. 6444. 4767. -389. -1096 392.8 41.89 93.90 -875. -646. -825. -1524 -1451 -1349 -658. 176.5 314.3 54.15 134.7 -1.63 -51.0 -555. -761. -759. -1076 -782. -914. -833. -735. 
-2448 -2115 3846. 4375. 2718. 4150. 2405. 2962. 1183. 1070. 333.7 859.2 792.8 507.1 2572. 3219. 3346. 3185. 2803. 2583. 2136. 1450. 789.4 671.1 423.4 332.8 329.2 909.3 500.7 255.8 
-495. 1608. -469. -188. 736.9 1078. 1148. 384.2 151.4 2879. 469.5 371.0 656.4 233.5 -10.5 -428. -514. -137. 157.2 946.1 969.0 805.3 825.8 1446. 1246. 1323. 1411. 1759. 1674. 1969. 
8407. 4529. 2697. 4539. 5687. 5006. 8255. 10480 9017. 7973. 6422. 6118. 6576. 6198. 5725. 4324. 4116. 3869. 4081. 3913. 3428. 3274. 3630. 3317. 3149. 3033. 2960. 2882. 2638. 2374. 
-1032 -3120 -6493 -6030 -6290 -5278 -7398 -5547 -4747 -3529 -3845 -3430 -2856 -2849 -2491 -2511 -2155 -1005 -1317 -970. -1345 -1330 -1215 -1371 -1524 -1537 -1508 -1546 -1522 -1456 
96.12 -45.0 -2168 -3563 -6120 -2517 -2273 -2464 -418. -1066 1310. 1694. 1778. 1901. 1716. 1691. 1250. -127. -122. -293. -936. 1.488 301.8 137.2 286.3 125.7 1490. 1523. 1436. 1349. 
5558. -5028 -3337 -3004 -4345 -3627 -1986 -1622 -1442 -169. 1715. 1632. 628.4 680.6 886.8 622.2 127.2 406.0 720.0 381.8 481.3 264.6 149.7 -120. 917.4 635.2 622.7 767.4 726.4 445.3 
10332 11062 7741. 6095. 6479. 5575. 4927. 4284. 4671. 2850. 2605. 3069. 2778. 2515. 1826. 1717. 1763. 1580. 1872. 1362. 1275. 1667. 1759. 1587. 1617. 1558. 1322. 1057. 632.3 883.8 
14537 3620. 7402. 6796. 5618. 5208. 2909. 3016. 2495. 925.3 1512. 1243. 2079. 1681. 1640. 697.5 521.8 1081. 532.8 467.1 129.6 282.3 139.5 132.5 80.88 -77.9 -91.9 -683. -441. -427. 
-2326 -1792 -1196 -8682 -5097 -3025 -4209 -402. 831.1 261.0 1427. 1573. 1904. 2639. 2417. 2289. 2163. 2039. 2324. 2276. 2317. 2354. 2079. 1688. 1588. 820.9 827.8 783.7 734.0 722.8 
453.0 -887. -836. -270. -1242 -1907 271.8 188.7 420.4 1162. -978. -1307 -1193 -1100 -849. -745. -554. -968. -1095 -1046 -449. -259. -195. -256. -502. -888. -942. -601. -599. -490. 
3359. 7998. 5277. 4425. 3698. 3051. 2857. 2228. 1815. 1621. 2019. 1903. 1994. 1724. 1605. 1545. 880.3 875.4 812.1 198.2 732.2 500.8 349.9 298.9 456.6 -103. -3.56 -55.6 -30.2 112.7 
-1258 -17.0 2842. 2193. 974.3 326.5 1792. 2928. 2565. 2519. 2331. 2170. 2270. 2134. 2024. 1821. 2134. 1775. 2120. 2060. 2129. 2027. 1941. 1270. 1488. 1545. 1482. 1452. 1337. 1246. 
-141. -4236 -1247 3199. 2218. 1835. 1832. 1535. 1524. 674.2 507.8 390.2 238.1 193.7 161.3 341.4 289.4 985.1 1265. 665.7 631.4 497.3 332.4 -573. -594. -585. -474. -498. 2.767 186.0 
2198. 225.2 80.48 352.1 1475. 1862. 2142. 1344. 1310. 647.4 683.6 876.6 1706. 1404. 1251. 981.7 1139. 1078. 844.8 790.2 566.8 603.9 586.0 709.6 648.9 431.1 439.8 358.4 518.5 500.8 
14601 6668. 7179. 5255. 3661. -2553 -1864 -1451 -1817 -746. -822. -1193 -619. -574. -616. -334. -461. -393. -372. -374. -799. -631. -620. -1021 -1036 -1053 -892. -929. -1094 -1287 
1958. 113.3 24.76 -1795 -1483 -468. -691. -498. -257. -529. -260. -442. -488. -573. -509. -497. -438. -604. -492. 249.8 247.4 243.3 397.8 112.4 383.3 425.7 312.1 263.8 260.6 260.2 
-334. -257. 429.3 -1493 -1102 -1099 -823. -2060 -734. -40.0 6.825 -631. -437. -460. -439. -338. -293. -627. -566. -1176 -1323 -784. -944. -796. -776. -1574 -1455 -923. -1640 -1597 
-1303 692.7 -3645 -2835 -4397 -2444 -2117 -1950 -1722 -1352 -1225 -922. -651. -597. -106. -115. 37.19 500.6 371.3 310.7 390.3 779.2 796.2 922.5 1132. 949.8 868.6 1006. 977.3 772.8 
-1229 -966. -227. 92.33 -3054 -2413 -1139 -1145 -979. -1170 -958. -1228 -1277 -1179 -1107 -953. -573. -493. -623. -513. 109.3 152.3 131.3 262.5 158.9 137.2 144.0 123.5 209.3 67.20 
-780. -1327 -766. -3768 -3025 -3284 -2837 -2813 -2385 -2483 -2290 -1965 -1819 -1853 -1734 -1818 -1695 -1596 -2032 -1676 -2203 -2002 -2158 -1909 -1878 -1993 -1884 -2408 -2214 -2160 
8042. 6324. 1969. 1521. 914.6 728.1 205.0 323.0 1686. 1902. 2049. 1783. -1415 -1811 -1305 -1155 -1063 -644. -622. 969.4 726.5 680.9 697.8 601.4 262.3 160.2 143.3 135.8 131.8 126.5 
-1123 -949. -125. -158. -1425 -1012 -1242 -801. -2459 -3440 -2837 -2644 -2401 -2626 -2247 -1843 -1553 -1736 -1663 -1522 -1451 -932. -726. -678. -690. -684. -881. -758. -744. -752. 
4607. 10187 4756. 2158. -2205 -1946 -1781 -2047 -2216 -3464 -2898 -2612 -1305 -1101 -1720 -1507 -1433 -1170 -1121 -777. -587. -549. -815. -674. -611. -428. -580. -937. -800. -478. 
-1204 -2587 -549. -1245 981.5 1813. 1718. 1513. 1465. 1378. 1004. 895.9 2065. 2019. 1841. 2205. 1767. 1843. 1710. 1624. 1602. 1395. 1336. 1510. 1494. 1746. 1685. 1631. 1706. 1778. 
-243. -2516 -3702 -3108 -2028 -913. -1027 -3095 -2189 -36.3 522.3 394.6 -664. -825. -402. -981. -1085 -1819 -3116 -2950 -2782 -2612 -2617 -1964 -1848 -1551 -1512 -1379 -2537 -2435 
59.53 17.43 2007. 1758. 1325. 1113. 146.5 205.7 328.8 -35.7 882.7 381.6 445.0 988.9 1333. 1348. 371.3 311.0 203.9 -194. 122.1 251.7 227.1 522.6 521.5 502.8 418.1 27.15 -87.1 -79.2 
2100. 9124. 6744. 4857. 3365. 2786. 2411. 2075. 1766. 131.6 39.90 -463. -695. -678. -644. -719. -720. -696. -444. -587. -299. -174. -345. 293.4 211.7 183.1 187.0 553.3 905.8 890.8 
1421. -316. 474.2 -529. -403. -248. 1782. 2236. 2025. 2364. 4115. 2388. 1798. 1720. 2519. 2556. 2081. 1857. 1826. 1579. 1593. 1628. 2215. 2123. 1053. 1007. 635.9 591.8 2.339 -206. 
1154. 2515. 1501. -1512 -1196 -963. 121.3 -1327 -1228 -1153 -1055 -1001 -766. -621. -954. -489. -388. -56.7 92.58 -260. -386. -579. -549. -490. -457. -754. -832. -604. -723. -786. 
1841. 754.5 -333. 222.0 1469. -2181 -1908 -1406 -859. -955. -1107 -1366 -1460 -1344 -1706 -1585 -978. -885. -569. 7.966 37.15 382.6 495.1 579.9 554.4 297.4 349.5 569.5 266.4 303.5 
9105. 4162. 3391. 2473. 2313. 871.9 398.2 256.9 -281. 445.0 162.5 -2.29 75.14 282.6 1397. 979.2 953.7 889.5 868.5 594.7 569.4 505.7 622.4 519.3 250.2 290.2 499.5 271.5 176.3 -155. 
-4314 -4403 -4058 -6227 -6642 -5667 -7124 -2953 -2912 -2533 -1945 -2737 -2348 -2329 -2320 -2627 -2719 -2706 -2917 -2757 -2656 -2388 -2232 -2388 -2248 -2255 -3438 -3580 -3321 -3104 
2914. -393. 899.8 871.5 -1490 -245. -296. -390. 53.45 82.84 -2064 -1942 -1018 -920. -666. -915. -896. -1195 -1124 -1119 -1037 -978. -1097 -990. -852. -625. -559. -527. -410. -381. 
-855. -147. 2417. 2046. -195. -1315 -330. 349.9 235.8 -157. -70.6 -174. -61.1 86.28 968.3 798.7 831.1 783.2 416.6 443.1 -409. -451. -454. -38.2 -52.8 491.7 351.1 434.2 282.3 302.5 
-1161 -5484 -3184 -2408 -1054 960.2 -461. -19.0 514.7 981.7 1098. 1124. 712.8 490.1 71.61 112.7 591.9 390.9 427.2 475.7 435.4 407.6 350.3 298.1 985.0 797.5 813.5 768.4 1437. 1053. 
560.0 -1599 -1295 -1981 -1710 -2745 -1822 -1598 -2214 -1993 -1793 -1966 -5070 -4722 -4483 -4190 -3836 -3615 -3205 -3040 -3252 -3170 -2814 -2283 -2136 -2629 -2465 -2310 -1854 -1935 
-1068 -1353 3682. 4690. 6358. 7536. 5040. 4330. 5075. 4254. 3115. 3089. 3163. 2021. 1642. 1773. 1676. 1320. 1274. 1495. 665.9 609.0 504.6 523.2 454.8 -383. -453. -185. -488. -588. 
-1259 -4470 -3305 -1809 -1446 -1237 -961. -970. -946. -1088 -836. -957. -1791 -1722 -1715 -1559 -1577 -736. -877. -785. -765. -688. -820. -842. -830. -783. -725. -509. -466. -474. 
-2061 -1281 -844. -4149 -4939 -3907 -3342 -2933 -2246 -3906 -507. -561. 174.7 127.7 166.4 146.2 125.2 169.6 562.2 531.4 545.7 421.7 -328. -129. 618.5 701.2 467.7 425.4 493.0 602.7 
-1213 -1403 -9367 -6946 -5298 -4660 -4241 -4037 -1992 -1818 -1197 -1036 -989. -946. -905. -987. -1069 -966. -927. -858. -600. -521. -429. -270. -271. -432. -379. -664. -614. -624. 
175.4 -2089 -1236 -870. 78.12 -151. -1706 -4448 -3093 -2847 -1789 -1710 -1838 -1986 -1935 -982. -693. -616. -325. 81.81 1216. 1132. 1131. 1064. 1562. 1029. 872.2 905.5 323.8 76.09 
6872. 3821. 2662. 5165. 4248. 4035. 3533. 2222. 3301. 1662. 1531. 3170. 2801. 2957. 2101. 2058. 2042. 1485. 1640. 908.4 504.4 539.3 500.2 663.9 929.4 926.2 1380. 2403. 2079. 1957. 
-5160 -1789 -837. -630. -611. -415. -565. -404. -717. -1576 -2232 -1132 -649. -553. -520. -487. -515. -160. 56.28 -49.1 -69.3 -182. -4.45 3.273 123.9 113.4 136.8 512.2 178.4 8.736 
3197. 2418. 4167. 3317. 7135. 4704. 3777. 3846. 3619. 2147. 2007. 2325. 2165. 2059. 1900. 2088. 1792. 1541. 1736. 2029. 1836. 2051. 2215. 2123. 2073. 1716. 1618. 1656. 1569. 1490. 
10292 8728. 8311. 5413. 6590. 8101. 6146. 4694. 3859. 4186. 3793. 2535. 1863. 1477. 2525. 2518. 2195. 1655. 1724. 1550. 1568. 2450. 1216. 1165. 1095. 1049. 838.1 1205. 1121. 1006. 
2124. -873. -17.8 -761. -57.5 -96.4 -1095 868.1 788.9 568.1 575.1 796.7 710.6 654.6 628.5 941.9 740.9 919.0 904.7 826.4 942.0 1183. 1046. 1199. 1229. 1268. 1152. 1167. 1127. 1044. 
-131. -339. -2249 -434. -397. -829. -704. -344. -652. -171. -499. -705. -492. -1160 -1256 -1136 -1411 -1369 -1384 -1097 -917. -870. -405. -386. -1070 -1114 -1083 -894. -984. -920. 
4554. 4767. 1347. 1176. 2853. 735.7 606.7 165.8 285.3 396.3 -504. -416. -289. 141.4 90.77 451.0 473.5 416.5 501.6 469.8 660.2 623.8 656.3 631.2 544.2 1017. 894.4 876.5 850.3 654.6 
333.1 2896. 3594. 3353. 2789. 2320. 2368. 2341. 1145. 1048. 1520. 776.0 557.8 911.0 1055. 934.0 747.7 218.1 -164. -66.0 229.1 -61.2 256.0 78.87 166.3 236.8 456.7 235.1 -101. -56.1 
-1702 -9604 -6776 -4991 -4313 -3398 -2312 -1855 -1377 -1266 -1198 -643. -832. -608. -453. -417. -648. -384. -778. -615. -673. -1014 -824. -747. -630. -430. -618. -631. -448. -750. 
3.700 -879. -437. -2002 -1218 -1032 -1056 -1142 -979. -202. -700. -596. -869. -828. -410. -504. -494. -566. -426. -351. 404.2 -15.7 -36.8 79.29 71.29 58.85 209.8 -46.8 69.44 -10.6 
2253. 1323. 1312. 458.5 644.0 1304. -560. 82.93 -951. -570. -828. -963. -862. -823. -606. -574. 38.65 -305. -68.7 -70.5 -60.5 -60.9 -25.0 -286. -340. -123. -194. -358. -496. -756. 
9321. 6459. 3797. 2066. 1649. 791.5 799.3 725.5 467.5 1895. 1789. 1711. 1497. 1548. 1403. 1403. 979.1 284.6 332.1 236.4 228.4 227.9 304.9 183.8 86.27 -1046 -830. -915. -932. -947. 
1772. -830. -1264 -523. 299.8 1404. 735.4 285.2 554.5 529.8 621.7 -21.9 -67.5 198.4 -69.7 432.9 87.20 -213. 432.7 154.9 716.9 654.6 560.6 510.8 448.0 349.4 562.6 510.9 580.7 732.2 
1360. 2336. 1988. 1731. 1676. 639.3 200.8 -345. -2055 -1226 -553. -477. -385. 807.8 363.1 295.3 186.3 191.7 143.0 182.3 174.1 -132. -32.2 -49.9 -76.9 108.0 33.59 4.546 16.02 39.84 
-664. -1746 -1664 -4538 -3314 -3089 -4091 -3293 -2804 -2306 -1941 -2410 -1824 -3934 -3671 -3284 -3110 -2938 -2235 -2139 -2027 -2137 -2115 -2138 -2048 -1937 -2152 -2236 -2133 -1954 
-1485 573.0 3332. 1964. 1077. 1503. 1476. 1619. 1290. 715.1 1428. 1061. 633.7 547.1 468.8 395.5 311.2 292.4 274.2 143.9 253.1 426.2 398.2 86.24 43.17 -71.9 -599. -736. -1537 -1166 
1761. 1798. -581. -390. 107.1 -195. 88.18 188.0 221.0 -808. -655. -809. -258. -259. -198. -195. -272. -735. -718. -660. -600. -597. -847. -823. -443. -451. -428. -427. -129. -172. 
610.1 -1619 -2976 -2335 -1499 -1386 -1448 -799. -1556 -1490 -1475 -2442 -2016 -1394 -1317 -1306 -1255 -1010 -1266 -1204 -1075 -1022 -969. -768. -585. -333. -501. -629. -531. -346. 
-1754 -573. -819. 2334. 716.3 615.4 630.3 410.3 79.02 -813. -428. -414. -246. -469. -606. -916. -836. -356. -362. -269. -268. -259. -245. -397. 332.6 302.6 200.6 355.9 187.7 485.4 
-779. -686. -858. -1846 -1874 -1735 -897. -316. -281. -164. 162.9 161.5 811.1 592.3 1445. 1598. 1434. 1367. 1314. 1245. 1203. 1274. 1230. 1431. 1385. 1625. 1811. 1786. 1751. 1729. 
-1903 -1097 -24.5 1519. -4.60 -344. -365. -306. 15.81 1.899 404.2 593.9 543.3 413.5 770.8 825.7 892.6 442.7 648.1 924.4 929.8 951.3 912.1 935.6 891.8 851.0 795.7 718.4 417.0 266.2 
3079. 5203. 10242 7596. 4109. 3090. 2755. 2901. 2171. -1523 -1559 -1453 -1319 -1144 -1313 -1236 -1017 -871. -801. -1280 -1002 -950. -842. -689. -898. -865. -802. -671. -791. -1073 
671.4 4716. 3684. 2418. 1047. -262. -372. -764. -2776 -2388 -2067 -1748 -1638 -1450 -1335 -1701 -1760 -1883 -1677 -1578 -1394 -1449 -1366 -1264 -1376 -1397 -1338 -1277 -1937 -2014 
2776. 2468. 455.0 783.2 -1272 -3821 -2932 -2408 -3020 -2948 -4272 -3834 -3477 -3608 -2851 -2053 -1731 -1593 -853. -770. 28.63 64.18 84.79 77.45 -435. -167. -310. -259. -704. -667. 
2988. -1383 -421. 145.7 1249. 983.5 1879. 1604. 1415. 384.5 160.0 39.97 -286. -309. -342. -477. -250. -204. -272. -111. -141. -230. -191. -150. -122. 44.06 32.46 9.307 226.5 355.6 
134.6 -4477 -1284 -384. -1519 -681. -799. -183. -52.4 341.9 746.3 729.7 448.7 -753. -684. -656. -740. -711. -621. -712. -673. -611. -201. -113. -134. -133. -132. -718. -680. 122.6 
949.3 3800. 2456. 1479. 1214. -308. 603.4 522.8 319.8 260.3 -177. -310. -285. 116.1 280.7 328.6 961.4 1102. 1043. 1083. 1136. 1090. 842.5 890.4 817.5 720.7 630.2 252.0 235.5 227.5 
-1261 1240. 388.1 -1156 -964. -2372 -4453 -4722 -3035 -2803 -2917 -2721 -2754 -2566 -2167 -2262 -2090 -1831 -1491 -1642 -1750 -1530 -1431 -1727 -1619 -1605 -1544 -1463 -1513 -1563 
-688. 2251. 1496. 1267. 193.1 434.0 228.0 116.7 3.548 220.3 19.93 -66.2 170.8 69.62 274.9 -313. -263. -466. -368. -248. 58.98 6.285 18.56 -81.4 -315. -944. -1106 -997. -1145 -1107 
2828. -268. 701.7 578.9 2075. 2047. 1457. 1145. 2347. 1989. 1831. 1554. 4044. 3494. 2919. 2682. 2469. 2548. 2449. 1795. 1417. 1276. 1881. 1648. 1668. 1903. 1897. 1894. 1803. 1827. 
-8292 -4024 -137. -272. -363. -295. -300. -126. -108. -583. -673. -479. -407. -302. -368. 356.2 -351. -336. -20.8 -178. -190. -124. -510. -490. -444. -398. -510. -459. -503. -506. 
-1318 -2718 -1315 -1338 -1472 -1154 -947. -355. -1670 -1313 -915. -1083 -1492 -1094 -984. -62.8 -79.5 90.60 84.26 32.50 250.0 418.8 684.1 94.07 -30.8 -434. -589. -439. -447. -432. 
7018. -268. -310. -200. -451. -764. -2726 -3105 -1507 -1282 -1884 -1677 -1594 -1667 -1547 -1544 -1636 -1113 -1762 -1605 -2603 -2727 -2648 -2587 -2470 -2335 -2280 -2307 -2219 -2201 
11368 13388 7331. 4892. 5813. 4661. 2090. 1909. 1240. -955. -143. -344. -555. 234.9 310.8 315.3 594.3 869.6 -592. -577. -546. -1210 -1013 -1075 -1354 -825. -633. -593. -1159 -996. 
-9649 -7250 -5646 -7386 -6036 -4774 -4042 -2159 -2098 -1921 -1467 -1684 -681. -794. -793. -809. -1099 -1385 -479. 197.2 25.68 -110. -224. -86.0 73.77 -87.1 -112. 81.73 45.42 215.7 
8272. 169.0 3100. -138. 1867. 322.4 91.68 51.25 -643. -687. -520. -1317 -1692 -1677 -1336 -1572 -1382 -1890 -1635 -1359 -1017 -983. -617. -1252 -916. -845. -316. -218. -211. -371. 
-4389 -1034 -509. -241. -241. -133. 211.6 -327. 1898. 1661. 1414. 1312. 1246. 734.4 629.8 337.3 770.8 742.1 258.8 175.5 155.2 308.7 205.2 250.9 264.2 168.2 327.2 280.7 346.7 273.1 
-6186 -3421 -5658 -278. -316. -1024 -1253 -1096 -933. -296. -168. 918.6 767.9 581.2 858.4 603.6 595.5 507.8 551.0 70.55 19.89 -70.9 -261. -298. -488. -634. -484. -664. -81.2 -60.9 
1765. 919.6 662.0 3331. 2187. 352.3 604.6 1817. 3119. 3509. 2931. 2598. 2075. 2821. 2464. 2361. 2365. 2236. 2198. 2124. 1748. 1401. 1133. 1119. 1130. 1115. 1276. 1297. 1155. 836.6 
3582. 7232. 6268. 5008. 2278. 1862. 1843. 1610. 1583. 412.7 -76.3 6.458 18.36 143.4 371.1 475.5 843.1 766.9 1018. 906.8 114.7 88.48 -72.9 -70.8 825.2 791.3 748.7 884.0 857.7 1378. 
4934. 1452. -5004 -3970 -3036 -2245 -1954 -1747 64.17 -44.7 -152. 28.01 243.4 -26.2 562.9 1000. 1025. 469.5 833.5 930.3 837.6 699.5 185.0 -77.4 -641. -465. -437. -328. -163. -116. 
-9229 -4772 115.9 -746. -1747 -1323 -1039 -385. -361. -556. -838. -2468 -2532 -2218 -1916 -1804 -1723 -1754 -1545 -1562 -1318 -1239 -912. -631. -672. -619. -524. -522. -386. -377. 
-1.67 1787. 1122. 763.4 282.0 645.1 1784. 1610. 1529. 1396. 1109. 973.7 844.0 1392. 931.0 1063. 1049. 1049. 1166. 1421. 1702. 1615. 1381. 1298. 1642. 1610. 1477. 1253. 1200. 1275. 
5162. 1169. 844.5 754.9 604.0 -631. -1298 -1263 -973. -885. -919. -802. -512. -94.4 -97.5 74.18 -34.8 190.4 227.0 145.4 404.3 461.6 796.5 855.7 789.8 1326. 1275. 1231. 1207. 1037. 
2740. 2558. -2336 -29.5 228.1 787.4 509.9 233.2 186.9 344.5 -37.5 -43.7 -1454 -1399 -445. -150. 974.3 804.3 762.3 541.5 -83.7 -193. -56.9 -5.80 -51.9 -732. -537. -201. -122. -51.8 
94.05 3962. -1093 1486. 1657. 1404. 1596. 1167. 1644. 1458. 4.343 -29.7 138.2 -304. -86.9 -41.3 386.9 358.5 503.8 715.6 180.2 622.6 458.5 765.0 753.1 743.2 735.5 773.4 808.3 469.7 
921.1 -3121 -2619 -4658 -5161 -4322 -3604 -1357 -986. -167. -192. -1259 -1186 -813. -748. -400. -373. -166. -504. -416. -541. -189. -151. -157. -402. -1106 -1001 -1003 -1068 -1352 
-2965 -213. -2350 648.7 -1102 -631. -1707 -1731 -1538 -1461 -1260 -1038 -378. -1039 -963. -1265 -780. -705. -663. 263.6 317.1 360.4 356.1 521.5 389.3 372.8 255.0 240.6 242.4 -177. 
157.6 151.0 1039. 201.6 -1085 -1315 -1069 -1213 -1385 -2188 -2091 -1917 -1904 -1771 -2243 -2200 -2069 -1959 -2033 -1801 -1582 -1460 -1343 -1446 -1324 -1437 -753. -767. -896. -807. 
5692. 4907. 2674. 1643. 1233. -296. -1435 -2683 -1222 -1445 129.1 655.5 -6.47 1000. 755.1 232.8 1439. 1249. 791.8 763.4 718.7 645.4 603.8 370.4 745.8 924.8 1116. 1221. 939.3 927.7 
-512. 9883. 6754. 7426. 10147 10785 7678. 6117. 5664. 4954. 4508. 3875. 3621. 2910. 4873. 4204. 4028. 3840. 3827. 3629. 3841. 3564. 4174. 3129. 3356. 3473. 2765. 3234. 2034. 2626. 
-1031 -2198 -2409 -3609 -3092 -2494 -2540 -1283 -1687 -1050 -1021 -954. -889. -830. 617.5 497.5 431.4 1402. 1849. 1456. 1563. 1444. 945.2 890.9 853.9 994.8 768.1 783.4 649.2 1670. 
-3411 5931. 3915. -1225 -1070 1210. 2650. 1070. 844.8 92.09 -841. -837. -714. -498. 351.5 353.7 -161. -2081 -1914 -1884 -2954 -4555 -4369 -3895 -3675 -4109 -3939 -3895 -2789 -2705 
-1596 -4210 -4468 -4589 -3924 -3364 -3005 -2975 -3760 -3430 -3393 -3653 -2981 -2923 -2792 -1765 -1300 -365. -222. -194. -1516 -1203 -1020 -2192 -2208 -2009 -1893 -1714 -1599 -1813 
9542. 4618. 2542. 675.5 6383. 3986. 3288. 2954. 3920. 4018. 3562. 3260. 3030. 2805. 3135. 3106. 2782. 2479. 3216. 3034. 3027. 3415. 3348. 2966. 2860. 2616. 2846. 2791. 3725. 3606. 
3400. 1097. 586.3 1867. 1340. 1625. 1465. 1240. 618.8 577.9 -1033 -738. -653. -629. -1158 -629. -657. -576. -1022 -1102 -1286 -1151 -1121 -1118 -274. -271. 710.1 442.5 1090. 1024. 
-4600 -2430 -1184 -1258 2460. 2809. 2416. 782.3 420.8 146.9 353.3 373.2 1088. 868.9 -1251 -1286 -1317 -928. -974. -88.4 -42.5 10.57 79.21 59.00 26.81 155.8 551.1 160.7 -1.08 -0.14 
-1754 -1100 -8460 -7585 -6200 -5017 -5917 -5255 -4141 -3852 -4803 -4786 -5451 -5075 -4589 -4000 -3635 -2880 -3227 -3035 -2768 -2074 -1813 -1498 -1438 -875. -983. -503. -203. 469.2 
9305. -8366 -5608 -2491 -1424 -1459 -2601 -715. -415. -51.3 358.9 28.05 -506. -76.2 -1186 -149. -105. 1953. 1822. 1471. 1108. 710.7 281.4 1313. 3812. 3195. 3032. 2848. 2320. 1975. 
-45.5 -16.4 -252. -1637 -1331 -2703 -2709 -2942 -1927 -1768 -1333 -1296 -2397 -2238 -2513 -2127 -1128 -743. -768. -1273 -1065 -1601 -1962 -1645 -1701 -1578 -1373 -1384 -1121 -1127 
1944. 7270. 3948. 2733. 1693. 1609. 1233. 3333. 2972. 1415. 1201. 1108. -424. -1178 -1076 -524. -628. -616. -1568 -1493 -1571 -1444 -1865 -1784 -1528 -1425 -1393 -1464 -1259 -1254 
-5593 -4224 1789. 436.5 5524. 6039. 6341. 5356. 4900. 2521. 1862. 2040. 2759. 1127. 1046. 2307. 2588. 1733. 1275. 1222. 1417. 2227. 2159. 1830. 1811. 1526. 1879. 1710. 2400. 2465. 
-4237 -2030 182.7 -5696 -7782 -7607 -5327 -4480 -4041 -4405 -4029 -3982 -4091 -3894 -3556 -3644 -3491 -2738 -2614 -2457 -2321 -1728 -1612 -1545 -1302 -1295 -888. -1209 -1019 -1317 
255.4 75.18 1406. 1049. -2212 -1963 -1383 -1465 -2349 -2432 -2747 -2540 -2579 -2426 -2741 -2970 -3451 -3127 -3179 -2949 -2430 -2345 -2741 -2542 -1935 -2106 -2018 -1915 -2208 -2204 
-2008 -9362 -6409 -3986 -3275 -3118 -1837 -1506 -1145 -412. -3.20 253.1 -294. -349. -316. -352. -648. -266. -222. 1047. 881.0 841.9 868.5 875.1 828.0 677.4 89.87 243.9 82.30 -33.0 
-1009 -384. -1979 -1490 1218. 864.8 29.48 -327. -576. -338. -584. -587. 43.79 58.21 -449. -726. -679. -1533 -1687 -3318 -3365 -2976 -2809 -3131 -2724 -2639 -2064 -2106 -1946 -2023 
633.3 -300. -147. -1124 -153. -212. -76.0 -841. -798. -747. -632. -534. -379. -171. -284. -668. -509. -403. -362. -326. 199.4 -168. -227. -885. -467. -46.3 31.54 20.20 43.50 -100. 
-1552 559.6 -2259 -1097 -550. -1397 -1242 -681. -1109 -1160 -949. -195. -335. -269. -208. -665. -836. -1625 -1703 -1627 -1706 -1543 -1625 -1871 -1826 -1813 -1865 -1802 -1756 -1709 
25578 12414 -2536 -2496 -2126 -2228 -1953 -1800 -1529 -1890 -1848 -2012 -1984 -1951 -2011 -93.8 -227. -223. -259. -366. -443. -498. -1076 -1033 -783. -746. -740. -469. -960. -962. 
9800. 8553. -4488 -2944 -228. -1963 8105. 6846. 5908. 5677. 4591. 4012. 2555. 2628. 4013. 5431. 4545. 4298. 3177. 3460. 4223. 4492. 4367. 4187. 4613. 4522. 4302. 4063. 3997. 4661. 
-2019 -6720 -4254 -5151 -4026 -4614 -3183 -3985 -3553 -3208 -3524 -3256 -3165 -2856 -2299 -2714 -1168 -1309 -1359 -1507 -1419 -1149 -1107 -1107 -1226 -2008 -1877 -1827 -1531 -1473 
-505. -679. -519. -923. 1129. 945.6 560.0 -2237 -1875 -1772 -1575 -964. 340.2 -1579 -2438 -3225 -3126 -3068 -3351 -3108 -2380 -3258 -3015 -2353 -77.7 145.3 98.63 -195. -161. -290. 
-710. -184. -647. 511.8 290.6 -2071 -2058 -1799 -2419 -2210 -2324 -1617 -1569 1689. 1553. 1547. 1548. 1683. 1460. 2288. 2260. 2445. 2098. 2475. 2168. 2485. 2269. 2049. 1956. 1847. 
7458. -1593 -1293 -1092 -8502 1850. 1986. 2035. 847.3 2491. 2260. 2332. 3184. 2331. 2218. 2083. 1494. 2722. 2771. 2309. 2702. 3192. 2298. 2228. 2255. 1491. 1754. 1542. 1476. 1381. 
-1826 -7354 5921. 3854. -2151 -2068 2927. 3137. 12759 11563 9354. 10920 11255 6698. 6661. 6566. 5828. 5586. 5252. 4768. 5088. 4302. 5124. 6982. 6745. 4121. 3949. 3930. 3228. 3651. 
-858. 2593. 11688 9219. 7489. -1718 365.1 -407. 7227. 4944. 8416. 8168. 8128. 7486. 7534. 6713. 6708. 5726. 5440. 5193. 5514. 4635. 4216. 3909. 4241. 4619. 4876. 4698. 4321. 4350. 
3825. 137.3 1339. -1915 -2254 1298. -1837 -1646 -1652 -1563 -866. -709. -658. 136.9 386.4 394.5 289.2 225.1 343.3 201.0 -94.1 -45.1 118.9 609.4 528.6 316.9 454.7 448.8 556.9 482.9 
-613. -1373 -9040 -8060 -6973 -5367 -6014 -5014 -4372 -4192 -3355 -3243 -4080 -3762 -3596 -3324 -3140 -3048 -3389 -3192 -2871 -2741 -2146 -2384 -2167 -2019 -1928 -1688 -1548 -1359 
