1099. 777.2 
403.0 440.8 
365.2 65.66 
-781. -740. 
283.3 432.3 
1322. 641.3 
-154. 174.3 
178.5 479.8 
98.97 466.8 
395.7 207.3 
-17.5 558.8 
257.7 618.4 
15.53 266.5 
-34.6 -162. 
-785. -517. 
-250. -348. 
-354. -149. 
112.9 271.6 
692.0 14.15 
133.9 76.21 
1046. 688.4 
48.96 519.9 
552.6 933.8 
480.9 190.3 
21.82 160.6 
89.20 323.8 
75.97 -85.1 
146.1 446.1 
-110. -222. 
153.0 73.35 
-40.3 -405. 
-425. -143. 
-445. 200.5 
30.53 -5.10 
-96.2 -193. 
208.8 29.14 
954.1 704.3 
141.9 719.3 
-6.87 -136. 
-243. -47.7 
-298. 11.30 
-7.94 -41.8 
799.1 444.7 
-199. -46.0 
-933. -408. 
-138. -226. 
155.0 -136. 
244.9 -169. 
-87.3 73.95 
-8.51 118.0 
-2.75 -201. 
-248. -258. 
1429. 708.5 
708.3 387.8 
154.9 634.0 
-1135 -277. 
-20.8 348.2 
1040. 383.6 
682.6 375.9 
140.9 231.8 
190.5 57.51 
-726. -462. 
828.5 564.7 
1821. 714.9 
258.6 141.0 
-15.6 34.80 
-190. -251. 
133.2 133.0 
-525. -402. 
312.5 94.01 
13.24 279.1 
-39.4 -19.3 
-164. -94.2 
56.93 -287. 
-256. -125. 
-254. -200. 
653.3 328.4 
332.5 321.7 
37.86 -251. 
-492. -454. 
632.8 401.1 
313.6 231.5 
162.7 -238. 
510.3 316.9 
-205. -173. 
157.3 10.81 
569.8 608.3 
-11.6 54.35 
146.3 -30.6 
244.7 237.4 
218.8 216.7 
37.11 58.38 
-172. 183.7 
-16.9 -22.9 
279.7 73.27 
0.648 -227. 
5.456 17.46 
-15.0 -277. 
-136. -133. 
-979. -244. 
179.5 74.68 
-86.4 21.70 
-282. -7.55 
-133. -46.0 
322.0 221.7 
-119. -59.3 
365.5 240.9 
-155. -396. 
13.58 120.7 
-8.36 -31.0 
135.5 62.62 
-161. -93.1 
-620. -358. 
0.621 -46.4 
11.97 22.25 
0.106 -11.0 
-154. -259. 
9.322 297.7 
-197. -154. 
-10.0 -1.53 
-61.7 -24.9 
-51.7 153.7 
-46.7 542.5 
-14.0 6.107 
21.23 13.85 
38.27 38.89 
38.63 9.027 
53.23 7.383 
90.99 131.7 
-140. -7.75 
-15.5 27.59 
-125. 9.924 
-170. -115. 
2.198 37.73 
52.17 -231. 
106.2 164.1 
-265. -45.0 
1045. 525.9 
17.61 12.16 
78.92 -96.5 
301.1 154.9 
92.69 49.08 
90.87 11.04 
-58.0 -20.9 
28.38 163.2 
-76.1 129.9 
9.570 15.36 
170.3 88.73 
153.2 68.65 
-297. -147. 
-15.4 -142. 
-392. -202. 
-86.4 22.37 
-54.1 -130. 
30.88 -51.1 
-18.5 17.70 
71.70 -44.1 
-7.14 179.3 
-47.2 -43.9 
-148. -74.4 
-64.9 -47.0 
5.245 7.659 
-7.22 -16.0 
53.23 -23.4 
-6.40 -32.8 
-175. -76.2 
-161. -73.6 
5.199 -54.1 
113.4 52.89 
-0.72 8.416 
107.9 54.38 
-67.5 -40.1 
-0.92 3.501 
-600. -298. 
-46.2 -6.64 
-11.6 -24.3 
-5.70 19.91 
28.88 16.13 
-14.4 91.55 
-261. -120. 
-11.1 1.356 
-56.3 -4.16 
144.7 76.81 
-109. -65.6 
-51.8 -201. 
-40.1 8.265 
5.161 -197. 
9.873 18.09 
209.2 96.11 
111.2 166.0 
-229. -9.46 
58.47 6.735 
-31.2 46.45 
19.48 89.70 
-15.0 -4.40 
-39.3 -75.3 
-404. -82.0 
135.4 86.38 
70.55 14.15 
-84.9 9.326 
-39.5 -17.6 
-2.26 13.25 
-188. -112. 
-0.95 -5.12 
22.31 18.57 
-32.9 -27.4 
27.29 8.141 
37.52 -0.47 
-1.24 0.017 
-1065 -534. 
19.93 1.002 
-51.7 24.65 
23.25 -19.9 
-1.56 -32.2 
34.93 15.55 
-267. -109. 
7.817 5.123 
26.98 2.646 
-160. -49.4 
41.69 86.82 
-13.5 -102. 
-102. -76.6 
315.7 150.6 
148.1 69.78 
17.14 -49.7 
3.545 -77.5 
90.12 26.14 
0.674 -3.14 
-7.25 -650. 
74.75 38.76 
54.46 24.82 
40.62 0.373 
-23.5 -126. 
4.513 -38.7 
86.78 46.73 
-70.5 -21.5 
191.9 81.61 
-73.9 4.320 
27.90 64.25 
3.847 -38.7 
-20.9 142.6 
122.6 61.05 
-7.98 -35.3 
-65.3 -28.8 
-126. -123. 
9.234 4.564 
18.82 36.36 
-118. -33.5 
-131. -58.1 
-53.5 -15.0 
-30.8 -8.94 
26.73 -5.71 
62.68 -13.4 
-29.5 16.12 
-8.36 -1.86 
-4.08 66.48 
-13.8 57.04 
129.9 -170. 
18.15 16.72 
90.26 16.26 
-100. -78.5 
24.42 33.54 
11.94 24.45 
7.640 3.412 
-65.1 -109. 
24.61 49.87 
-3.76 -30.1 
-9.16 -8.75 
-163. -92.5 
222.6 119.9 
14.12 -49.8 
-1.43 1.175 
1.855 2.013 
19.47 9.745 
11.02 -12.3 
4.550 5.555 
16.17 -106. 
71.17 24.24 
-36.0 35.93 
38.70 35.00 
179.7 87.57 
11.68 -2.19 
-19.7 -21.1 
-48.4 -38.4 
-34.6 -61.8 
-9.39 17.94 
-39.4 -24.0 
-7.27 -12.6 
-166. -75.1 
159.1 84.24 
5.690 4.364 
52.04 29.00 
1.447 31.40 
-1.17 -0.07 
-2.93 -5.36 
-24.9 -66.8 
-126. -57.9 
71.64 71.48 
17.52 -28.5 
-69.5 -33.3 
-1.76 -12.5 
3.739 -85.2 
43.77 -98.4 
-99.2 -78.8 
-4.17 -63.6 
0.116 -22.5 
1.032 34.87 
-55.9 -115. 
38.94 -10.6 
43.94 22.89 
-9.96 -85.1 
10.18 5.167 
-47.3 -6.08 
-48.6 -65.7 
-7.49 -18.4 
37.88 86.16 
10.52 -10.5 
33.41 -64.9 
-14.9 -7.63 
-2.38 16.31 
-91.3 -94.2 
14.85 11.48 
37.22 15.53 
38.57 40.15 
45.83 -2.63 
217.9 122.3 
34.28 19.63 
-110. -212. 
27.15 -9.63 
-54.5 -27.4 
40.77 27.02 
46.79 26.51 
-223. -84.8 
25.65 27.00 
-7.24 -69.6 
-12.2 -41.8 
84.94 38.76 
8.834 21.79 
-4.33 -5.38 
0.357 -5.40 
-0.56 42.33 
15.64 24.71 
65.72 45.98 
0.506 -14.4 
140.9 79.69 
-54.7 -36.9 
-46.3 -54.5 
-36.4 -20.8 
22.46 24.95 
11.70 79.26 
-21.5 -29.3 
92.38 56.29 
-2.56 6.011 
14.05 -46.2 
6.465 143.5 
-84.4 -39.8 
57.04 59.87 
10.78 -56.0 
11.37 20.88 
-45.3 -24.7 
217.9 149.6 
-35.0 -2.19 
-5.94 -36.5 
12.11 24.72 
150.7 149.4 
-3.92 3.837 
71.20 36.43 
83.88 32.86 
-52.6 -25.7 
28.56 2.457 
-51.2 -20.7 
24.03 -36.8 
-49.9 -28.5 
71.56 31.08 
45.69 59.38 
-45.6 -22.4 
-21.6 -73.0 
-91.6 -48.8 
-52.7 -31.4 
-48.9 9.264 
-11.3 -7.80 
17.45 8.611 
-4.16 -1.82 
-26.3 26.35 
-12.7 -12.8 
-2.30 -30.8 
-10.0 -81.3 
17.17 -8.97 
0.713 1.035 
-112. -58.3 
-46.4 -30.1 
-73.7 -35.5 
113.0 118.6 
-55.6 23.94 
-49.3 -25.5 
-9.31 -3.43 
22.24 -7.98 
18.78 -9.60 
-37.0 -44.5 
-0.83 -16.9 
33.10 1.561 
0.884 -12.8 
-2.01 -109. 
-46.8 -21.8 
-41.4 -22.4 
27.14 -39.2 
-65.5 -15.0 
-65.6 -25.6 
-13.6 -5.78 
9.730 -15.6 
-78.0 -42.2 
-48.6 -25.3 
-28.6 -82.7 
-42.4 26.42 
-10.1 -4.72 
0.781 44.23 
61.26 51.81 
25.93 10.84 
-26.0 -17.3 
0.586 -7.13 
-62.7 -2.74 
-153. -81.3 
-168. -59.2 
-7.10 -7.22 
112.0 113.5 
-68.6 -99.0 
1.340 3.101 
-235. -168. 
84.47 34.11 
11.07 -0.10 
78.41 -0.16 
15.87 6.208 
-31.6 -15.1 
24.44 17.00 
-27.4 -4.35 
-11.5 6.174 
3.944 2.215 
24.26 77.05 
-0.49 10.93 
4.763 -17.2 
-12.7 -15.1 
1.433 79.96 
-35.3 -12.5 
54.77 26.96 
1.120 -24.4 
40.93 66.20 
-36.7 -47.6 
-42.0 -54.4 
138.9 69.47 
-24.2 -13.6 
69.89 -55.7 
-26.2 -10.3 
25.99 31.88 
32.42 65.15 
-28.1 -10.7 
31.55 43.63 
1.099 -10.2 
35.61 126.7 
51.91 31.90 
-21.5 -10.0 
22.25 -7.51 
-15.5 -26.9 
-39.9 -26.9 
-2.15 -11.9 
5.465 7.547 
-4.86 -5.69 
-101. -85.7 
45.41 60.16 
-171. -81.4 
75.09 38.28 
29.71 38.23 
-10.1 -13.3 
0.822 -32.4 
77.33 43.58 
174.0 114.8 
-29.3 30.82 
25.73 -84.5 
0.490 9.315 
-43.2 -20.5 
-37.3 -24.4 
-0.90 47.11 
57.54 8.503 
36.95 23.64 
87.41 29.47 
-36.7 -19.4 
-6.22 -0.03 
-0.65 -19.6 
-15.3 -8.33 
-117. -46.3 
-64.2 -15.4 
-182. -116. 
15.61 8.398 
-43.2 6.595 
7.045 -8.61 
-32.3 -23.4 
0.815 -14.9 
87.43 45.45 
-37.4 -68.8 
-69.8 -36.6 
-24.8 -17.8 
8.300 4.631 
25.94 19.57 
17.21 13.48 
240.1 10.82 
-8.69 -9.87 
-40.6 -20.6 
8.179 -68.4 
-51.5 -23.6 
13.70 2.807 
412.5 178.0 
-128. -13.0 
4.478 38.36 
3.833 -67.5 
-19.1 -15.6 
321.8 148.7 
5.254 -5.10 
250.5 84.76 
-67.5 -170. 
-54.0 -29.0 
8.588 -7.72 
-75.0 -30.3 
-4.71 -29.1 
16.13 12.55 
10.27 0.412 
-9.68 -6.97 
-101. -29.8 
0.092 18.13 
54.41 43.63 
-47.2 -202. 
46.65 52.27 
10.77 23.62 
31.31 12.54 
256.7 107.4 
44.20 9.732 
78.32 32.52 
2.747 -17.3 
0.196 2.093 
27.54 14.17 
-40.1 -14.6 
-2.65 -97.1 
127.0 -39.5 
-11.8 -20.4 
-39.9 -14.1 
72.19 121.0 
78.41 50.08 
57.64 63.63 
-0.08 -30.1 
-11.4 71.79 
-158. -99.5 
-9.29 -6.79 
83.61 16.26 
9.464 -16.1 
7.105 -5.23 
64.93 31.33 
11.19 -57.7 
385.4 192.4 
-16.2 -109. 
-11.4 -33.4 
10.93 51.67 
-181. -168. 
-29.8 -7.03 
-30.1 -24.3 
-28.2 5.700 
-173. -70.5 
-50.6 169.4 
45.83 -4.59 
-53.7 -26.2 
-50.9 -25.0 
126.0 177.8 
-0.15 -38.5 
-4.83 -5.56 
-157. -72.2 
-28.6 -23.6 
185.5 -9.89 
7.986 11.60 
17.38 8.182 
-23.8 -17.7 
80.13 47.26 
-22.7 -12.2 
-25.3 -65.7 
2.347 30.40 
-10.2 -5.86 
35.45 24.44 
0.444 3.062 
11.58 7.119 
18.56 11.78 
1.496 -13.2 
12.70 48.98 
72.30 37.04 
93.53 23.44 
-161. -86.7 
-9.08 3.851 
-70.5 -43.1 
24.25 18.09 
-13.4 1.205 
60.06 30.02 
-0.74 6.896 
33.57 7.395 
37.15 -0.76 
-13.3 15.72 
-5.17 49.83 
53.55 54.80 
94.18 49.66 
-108. -47.4 
40.70 43.93 
15.63 8.800 
14.98 7.470 
-22.9 -20.4 
114.4 94.20 
-13.0 -32.6 
19.65 -26.9 
279.1 40.63 
59.34 -118. 
74.71 -4.47 
31.14 40.68 
-1.69 -25.4 
23.32 44.48 
-73.1 -49.2 
58.33 16.47 
-13.2 -1.90 
30.61 15.40 
34.86 17.18 
-4.60 -92.2 
-9.53 -6.07 
-49.5 -85.4 
-0.59 3.053 
-10.3 -61.0 
22.09 58.38 
-15.0 10.30 
137.0 92.22 
48.84 23.41 
14.00 8.064 
-19.2 -13.0 
-87.0 -47.9 
38.25 57.30 
9.172 -8.73 
74.43 43.35 
-9.71 -7.54 
-3.04 -2.42 
-14.9 1.216 
-10.2 -12.6 
46.40 -6.14 
1.219 1.429 
8.831 194.5 
-9.00 -4.78 
1.871 51.21 
-30.9 -11.9 
42.99 79.62 
1.513 59.18 
11.04 26.68 
-28.9 -32.3 
-67.3 -5.35 
3.605 -4.72 
-72.1 -40.4 
-0.34 -7.41 
-19.3 27.25 
-72.2 -123. 
18.65 10.33 
-211. -111. 
-1.42 -72.4 
-22.0 -25.6 
27.92 -0.98 
-2.06 -52.8 
36.80 15.78 
-92.3 -28.5 
-33.8 -17.2 
-5.24 23.05 
5.177 96.62 
-140. -146. 
-119. -113. 
12.77 -15.7 
-0.48 9.273 
134.8 132.5 
-5.61 3.612 
-4.38 6.018 
-11.6 -6.32 
8.754 21.10 
0.851 24.45 
-46.7 -10.1 
-261. -256. 
17.33 1.510 
254.9 124.9 
-116. -48.5 
0.362 -17.2 
40.38 55.01 
-3.35 93.81 
-102. -17.8 
-219. -100. 
-196. -126. 
-28.8 16.09 
10.57 -12.3 
-18.1 -40.9 
-70.4 38.19 
-1.52 -0.79 
8.024 1.894 
-5.50 -27.5 
25.62 -10.3 
-40.6 -31.0 
-26.5 -1.20 
1.076 3.772 
