1.000000010555 -0.00699249800 0.099995132786 -0.00000003459 0.009738492436 
0.000000071057 0.846142013782 -0.00000710753 0.099999356573 0.014257384934 
0.000000105546 -0.06992498007 0.999951327858 -0.00000034596 0.097384924356 
0.000000710574 -1.53857986218 -0.00007107539 0.999993565727 0.142573849343 

0.999999989038 -0.00703126344 0.099995123833 -0.00000339240 0.009738301704 
-0.00000010021 0.845835212311 -0.00000716236 0.099994418218 0.014254937294 
-0.00000010961 -0.07031263440 0.999951238328 -0.00003392404 0.097383017044 
-0.00000100216 -1.54164787689 -0.00007162365 0.999944182181 0.142549372943 

1.000000014024 -0.00716203352 0.099995147365 -0.00001478202 0.009736806534 
0.000000106046 0.844449887164 -0.00000701738 0.099977935061 0.014237576750 
0.000000140240 -0.07162033523 0.999951473651 -0.00014782025 0.097368065337 
0.000001060464 -1.55550112836 -0.00007017385 0.999779350608 0.142375767500 

1.000000000335 -0.00775132638 0.099995168992 -0.00005839346 0.009730727229 
0.000000002008 0.837991116080 -0.00000683727 0.099914613254 0.014166021199 
0.000000003353 -0.07751326382 0.999951689916 -0.00058393466 0.097307272287 
0.000000020082 -1.62008883920 -0.00006837271 0.999146132539 0.141660211990 

1.000000028885 -0.00851846091 0.099995162404 -0.00024733627 0.009705013729 
0.000000206178 0.830937612144 -0.00000683725 0.099646181941 0.013860234328 
0.000000288854 -0.08518460912 0.999951624040 -0.00247336270 0.097050137286 
0.000002061781 -1.69062387856 -0.00006837259 0.996461819413 0.138602343282 

0.999999973541 -0.00918723704 0.099995165145 -0.00056829765 0.009643706511 
-0.00000016224 0.820140132313 -0.00000665294 0.099226952847 0.013108926284 
-0.00000026458 -0.09187237049 0.999951651448 -0.00568297658 0.096437065112 
-0.00000162242 -1.79859867687 -0.00006652946 0.992269528472 0.131089262844 

1.000000022561 -0.00525211555 0.099995224025 -0.00098142439 0.009539956294 
0.000000201602 0.860870760347 -0.00000592879 0.098790512876 0.011752066436 
0.000000225607 -0.05252115552 0.999952240251 -0.00981424394 0.095399562936 
0.000002016025 -1.39129239653 -0.00005928795 0.987905128762 0.117520664364 

1.000000020801 -0.00437737973 0.099995280613 -0.00080102088 0.009457373650 
0.000000223345 0.849028385218 -0.00000519790 0.099104082273 0.010571585971 
0.000000208008 -0.04377379737 0.999952806130 -0.00801020879 0.094573736502 
0.000002233451 -1.50971614781 -0.00005197903 0.991040822729 0.105715859711 

0.999999999263 -0.00264026226 0.099995302780 -0.00054072397 0.009404590213 
0.000000000606 0.859582008431 -0.00000478101 0.099438520767 0.009754151864 
-0.00000000737 -0.02640262263 0.999953027802 -0.00540723978 0.094045902134 
0.000000006059 -1.40417991568 -0.00004781016 0.994385207674 0.097541518641 

1.000000013706 0.002141035892 0.099995298451 -0.00010890554 0.009394169184 
-0.00000001141 0.931982987829 -0.00000477424 0.099888301204 0.009585193138 
0.000000137060 0.021410358921 0.999952984510 -0.00108905548 0.093941691841 
-0.00000011419 -0.68017012171 -0.00004774240 0.998883012043 0.095851931381 

1.000000007088 0.000874910195 0.099995263932 0.000693208846 0.009469148749 
0.000000006286 0.926992932183 -0.00000536955 0.100786097102 0.010746550188 
0.000000070882 0.008749101952 0.999952639320 0.006932088456 0.094691487489 
0.000000062864 -0.73007067817 -0.00005369550 1.007860971023 0.107465501875 

0.999999998659 -0.00326768432 0.099995198981 0.001015130748 0.009618669649 
-0.00000004735 0.911065739387 -0.00000630671 0.101349364254 0.012792267342 
-0.00000001340 -0.03267684319 0.999951989814 0.010151307478 0.096186696492 
-0.00000047357 -0.88934260613 -0.00006306713 1.013493642544 0.127922673417 

1.000000025926 -0.01507563964 0.099995078057 0.000076917202 0.009738331745 
0.000000155074 0.836204489750 -0.00000745130 0.100111841076 0.014255018280 
0.000000259261 -0.15075639641 0.999950780574 0.000769172017 0.097383317448 
0.000001550741 -1.63795510250 -0.00007451299 1.001118410762 0.142550182804 

0.999999986148 -0.01899641720 0.099995196716 -0.00232335974 0.009585437227 
-0.00000007342 0.800162230264 -0.00000625859 0.097003429756 0.012362122454 
-0.00000013851 -0.18996417205 0.999951967160 -0.02323359747 0.095854372273 
-0.00000073428 -1.99837769736 -0.00006258594 0.970034297563 0.123621224536 

1.000000003694 -0.00578854523 0.099995372390 -0.00424029164 0.009254787270 
0.000000028775 0.878627207123 -0.00000347866 0.096793442681 0.006997870868 
0.000000036944 -0.05788545239 0.999953723901 -0.04240291647 0.092547872695 
0.000000287753 -1.21372792877 -0.00003478668 0.967934426810 0.069978708680 

1.000000020387 0.004763822687 0.099995443146 -0.00396172327 0.009097168977 
-0.00000001250 0.910798262443 -0.00000069602 0.099392605209 0.001393481162 
0.000000203871 0.047638226871 0.999954431456 -0.03961723278 0.090971689774 
-0.00000012504 -0.89201737556 -0.00000696022 0.993926052094 0.013934811624 

1.000000031149 0.008600004075 0.099995421270 -0.00270694626 0.009114048082 
-0.00000005696 0.928810288361 0.000001349568 0.100779421924 -0.00262649127 
0.000000311492 0.086000040751 0.999954212696 -0.02706946266 0.091140480819 
-0.00000056963 -0.71189711638 0.000013495684 1.007794219236 -0.02626491278 

0.999999967333 0.007168765354 0.099995426042 -0.00123134965 0.009158586400 
0.000000050101 0.987311163900 0.000002225980 0.100601900319 -0.00448150951 
-0.00000032667 0.071687653542 0.999954260419 -0.01231349650 0.091585863998 
0.000000501008 -0.12688836099 0.000022259802 1.006019003192 -0.04481509514 

0.999999993476 0.007154761130 0.099995360272 0.000112543945 0.009153677885 
0.000000024172 0.976958393497 0.000002287735 0.099946421931 -0.00431473234 
-0.00000006523 0.071547611297 0.999953602724 0.001125439448 0.091536778846 
0.000000241722 -0.23041606502 0.000022877354 0.999464219307 -0.04314732345 

0.999999998893 0.007154294673 0.099995482254 0.001541367627 0.009105240140 
-0.00000000611 0.969589515966 0.000000997641 0.099647911869 -0.00207660565 
-0.00000001107 0.071542946730 0.999954822539 0.015413676267 0.091052401398 
-0.00000006118 -0.30410484034 0.000009976409 0.996479118694 -0.02076605649 

0.999999986930 0.005184304949 0.099995449289 0.002886443796 0.009106886494 
-0.00000000391 0.962242900213 -0.00000108922 0.100693087224 0.002188736224 
-0.00000013070 0.051843049487 0.999954492889 0.028864437962 0.091068864939 
-0.00000003915 -0.37757099786 -0.00001089227 1.006930872237 0.021887362245 

1.000000000374 -0.00140659218 0.099995348392 0.003472560507 0.009302628344 
-0.00000000318 0.956293524853 -0.00000398688 0.102975231341 0.007972430563 
0.000000003743 -0.01406592185 0.999953483924 0.034725605068 0.093026283435 
-0.00000003184 -0.43706475146 -0.00003986883 1.029752313406 0.079724305628 

1.000000038176 -0.02038953418 0.099995158682 0.001947547908 0.009662537845 
0.000000251653 0.856143359156 -0.00000675401 0.102688558917 0.013343239609 
0.000000381761 -0.20389534188 0.999951586819 0.019475479076 0.096625378453 
0.000002516533 -1.43856640844 -0.00006754015 1.026885589172 0.133432396086 

1.000000014646 -0.02962821046 0.099995127336 -0.00249326226 0.009647634449 
0.000000075694 0.805381783482 -0.00000684841 0.096599356569 0.013157780039 
0.000000146463 -0.29628210461 0.999951273361 -0.02493262264 0.096476344485 
0.000000756943 -1.94618216517 -0.00006848415 0.965993565694 0.131577800393 

0.999999988830 -0.00967986037 0.099995398197 -0.00579249577 0.009225380343 
-0.00000003123 0.868898323703 -0.00000314897 0.096024971214 0.006330366601 
-0.00000011170 -0.09679860378 0.999953981972 -0.05792495779 0.092253803426 
-0.00000031230 -1.31101676297 -0.00003148978 0.960249712141 0.063303666014 

1.000000012837 0.009332793450 0.099995448853 -0.00554505391 0.009100129700 
0.000000021427 0.943091625843 0.000000817609 0.101023142320 -0.00168019633 
0.000000128372 0.093327934499 0.999954488534 -0.05545053919 0.091001297004 
0.000000214271 -0.56908374156 0.000008176093 1.010231423205 -0.01680196336 

0.999999966486 0.009285914754 0.099995347669 -0.00356894796 0.009281046469 
-0.00000000143 1.048530558740 0.000003777505 0.102901480079 -0.00754743570 
-0.00000033513 0.092859147544 0.999953476691 -0.03568947961 0.092810464691 
-0.00000001436 0.485305587400 0.000037775050 1.029014800789 -0.07547435703 

1.000000002653 0.001689935337 0.099995258874 -0.00189019286 0.009487765459 
-0.00000009317 1.119643083684 0.000005390551 0.102194451524 -0.01101843493 
0.000000026533 0.016899353373 0.999952588738 -0.01890192865 0.094877654587 
-0.00000093173 1.196430836843 0.000053905507 1.021944515242 -0.11018434938 

1.000000008692 -0.00227448031 0.099995182352 -0.00094761637 0.009631941824 
-0.00000009515 1.138073380417 0.000006508446 0.101274247922 -0.01296094371 
0.000000086917 -0.02274480314 0.999951823518 -0.00947616377 0.096319418245 
-0.00000095153 1.380733804167 0.000065084462 1.012742479217 -0.12960943713 

1.000000016503 -0.00227952415 0.099995142455 -0.00039519977 0.009709899363 
-0.00000017411 1.120626542881 0.000006983405 0.100565844786 -0.01391865190 
0.000000165027 -0.02279524150 0.999951424554 -0.00395199770 0.097098993633 
-0.00000174111 1.206265428812 0.000069834047 1.005658447859 -0.13918651903 

sysiderr: 0.0035
ptb_coef: 0.0010000000