1.30283776 1.05605618 2.35465959 5.32282953 5.54140703 6.78346757 1.99070449 4.48387093 4.08140849 -2.6696639 -3.8675247 -7.3851692 -6.7915820 -8.2703185 -5.2336461 -6.6833097 -7.7248404 -4.3953756 -4.9776107 -3.9203734 -1.7996340 2.56340511 3.36914569 5.13714955 7.31749957 7.32678983 2.65419933 -0.9290453 -0.6787096 7.94428336 

//////////// LOG ////////////
Control Init:
0.00000000 0.00000000 0.00000000 0.00000000 0.00000000 0.00000000 0.00000000 0.00000000 0.00000000 0.00000000 0.00000000 0.00000000 0.00000000 0.00000000 0.00000000 0.00000000 0.00000000 0.00000000 0.00000000 0.00000000 0.00000000 0.00000000 0.00000000 0.00000000 0.00000000 0.00000000 0.00000000 0.00000000 0.00000000 0.00000000 
Q: 0.0100
QT 400.00
R: 0.0000
perturb_coefficient_train: 0.0005
step_coef: 0.0800
ctrl_step: 0.1000
sim_step: 0.1000
step_num:   30
rollout_train:    