69.4390201 0.0 69.4390201 0.0 0
73.72906119725002 4.83839215840226 86.63295104324999 20.746099763845464 2
87.89152285850001 19.966756864121788 142.28583519 86.77681997248747 4
110.82267780125 43.844362198250025 234.72820422849998 206.61156859924802 6
137.05392694875 70.31586439590983 348.81765892174997 326.09591644498096 8
177.1387333495 103.40849353812378 507.86379313425 491.5359410911409 10
229.4820308105 173.2569003073919 731.456859882 767.5046609258519 12
302.57069465874997 254.73629947287804 939.1653916605001 971.5168774793408 14
382.7168930322499 324.0610800190546 1284.452084454 1495.7539777611933 16
378.09723908 373.3353672767724 1322.2092522515002 1942.750469323896 18
514.4125002452499 432.8582085641113 1802.60084181025 2116.050642481854 20
