116.47147399999996 4.263256414560601e-14 116.47147399999996 4.263256414560601e-14 0
119.209157592 0.5942975613281226 120.788181986 2.1641829405421023 5
127.55485891200001 2.093314328593452 135.37345127999998 10.1567124675462 10
141.28901029 4.7788247725502835 160.902788964 30.14380437726848 15
160.711342928 8.391506677240935 194.547788628 44.4686373193393 20
186.70764078399998 14.293008362322356 245.426707112 90.82001289892747 25
216.92769922800002 19.894254060401973 305.074765306 124.89102366553506 30
251.17922028399997 24.953705908946564 378.897845436 180.68343756965277 35
298.314689882 39.10566197259421 473.22154773 220.14833232956238 40
346.626508608 47.72705381698618 550.2042242059999 263.15155489100306 45
396.21467406200003 57.19393420729534 668.135357112 311.20666097339284 50
449.41638348199996 62.803986808021214 777.4109894420001 383.71269256506577 55
519.7645667859999 83.05954738771125 935.911385416 456.4926695168187 60
585.7941529860001 86.67801892325618 1055.659670956 518.5075389778996 65
668.59391867 113.00490211328665 1206.379142244 568.3680665878254 70
748.416353764 119.78470503160072 1403.414258532 634.8803483294016 75
830.264630052 140.51746423256077 1457.7309971519999 634.1616322578326 80
950.7109410179999 169.3717039240054 1646.105257182 709.4266966506323 85
1040.3181300919998 210.83928230297627 1785.87816697 742.2090699789946 90
1130.366829324 194.21382710123703 1943.69953321 830.9221597463475 95
1249.370905518 220.45147872820576 2100.365755384 904.3318682288934 100
