0.86234937 0.07407730 -0.0234163 
-2.0523654 0.92176791 0.52346067 

0.84837829 0.12332124 -0.0327582 
-1.9446755 0.76440319 0.49442302 

0.88968646 0.08554137 0.02115739 
-2.0742609 0.96646232 0.53358354 

0.85430088 0.04200551 -0.0005936 
-2.0346616 1.03465264 0.44834679 

0.82259424 0.09454543 -0.0154006 
-1.8801614 1.05257516 0.49987903 

0.83796476 0.08487839 -0.0142596 
-1.9060598 1.01228756 0.53432660 

0.70755550 0.08676156 0.00071470 
-1.6050480 0.84320033 0.50116641 

0.82285147 0.14021043 0.11389570 
-1.8072879 1.09149330 0.25557429 

0.78997536 0.09835342 0.05309651 
-1.8014589 0.85812578 0.33503652 

0.76246052 0.05301818 0.02748788 
-1.7675606 1.07632888 0.36119524 

0.81832143 0.10911216 0.03126390 
-1.6648539 0.91318442 0.40487024 

0.84793663 0.05944413 0.00411766 
-1.6686566 1.05431319 0.46477484 

0.79268843 0.15609289 0.03807855 
-1.3551304 0.79690092 0.32293056 

0.85459569 0.17303147 0.05299027 
-1.5329472 0.74744159 0.27904149 

0.84415084 0.11880641 0.08369478 
-1.7840076 0.96590279 0.36200201 

0.81439348 0.14811917 0.01165046 
-1.8498417 1.02926647 0.52663347 

0.87794377 0.04887575 0.00411083 
-1.9562327 0.95284294 0.46438994 

0.94216525 0.12640564 0.09214598 
-1.5252077 0.91264664 0.34258371 

0.96032813 0.09356297 0.02605035 
-1.1492537 0.84549729 0.44230513 

0.92806312 0.05487911 0.01171687 
-0.9082520 1.07060833 0.38622707 

0.90967175 0.14382023 0.04764865 
-0.8174090 0.91095725 0.47314195 

0.83862404 0.14228405 0.03720758 
-1.1293900 1.00244932 0.45973140 

0.85678417 0.09923748 -0.0439441 
-1.8035207 0.99525575 0.50055827 

0.74125914 0.11744496 0.03470178 
-1.6651785 0.94036910 0.46714529 

0.82115721 0.13293421 0.00719655 
-1.1527562 0.93899311 0.28502805 

1.10304650 0.10240901 -0.0421319 
-0.2309641 1.01929692 0.43087859 

1.26574581 0.11436990 0.06358057 
1.00489608 0.95399304 0.33319018 

1.18857308 0.19411761 0.05217005 
1.61339316 1.03723785 0.33424292 

1.14014104 0.13784240 0.11592261 
1.76619804 1.05193821 0.53240813 

1.19763116 0.09422324 0.02635815 
1.86790593 1.02469819 0.40009218 

sysiderr: -0.334
ptb_coef: 0.0050