69.4390201 0.0 69.4390201 0.0 0
74.27992176949999 5.546258704249026 90.19965128375001 24.630090505838105 2
87.66972112925001 22.91308319813142 140.40972134799998 88.45866306833415 4
109.89735830675 42.261903460110716 232.65741568500002 180.22105120249267 6
138.0988078275 69.26700266599552 359.84498280900004 320.83245502700476 8
185.09980718824997 108.2796171411251 529.913310442 475.81505520057055 10
232.50700076325003 157.2105462900075 735.57045358125 759.098574793564 12
288.65298909525 226.66132982979363 967.8656557647499 1039.6087681389674 14
367.80176646125 273.38757431117773 1312.210260618 1358.4964241276068 16
424.82064406574995 369.1245023033914 1435.4053674875001 1488.2563853158579 18
497.95249890624996 471.92974823245163 1704.1808856285 1722.6854275223989 20
