0.99999837 -0.0000056 -0.0000165 -0.0000075 -0.0000039 -0.0000027 0.00001082 -0.0000171 0.00511797 -0.0008281 0.00001444 -0.0000097 0.00001101 -0.0000097 0.00000653 0.00001961 -0.0000525 0.00000600 -0.0000100 0.00001059 -0.0000194 
-0.0000026 0.99999378 -0.0000166 -0.0000092 -0.0000057 -0.0000032 0.00000776 -0.0000192 -0.0008101 0.00509864 0.00001204 -0.0000081 0.00001096 -0.0000093 0.00000488 0.00001648 -0.0000562 0.00000366 -0.0000109 0.00000619 -0.0000170 
0.00000515 0.00000061 1.00002949 -0.0000369 -0.0000616 0.00001147 0.00004774 -0.0000096 -0.0000608 -0.0001624 0.00477548 -0.0005081 0.00013293 -0.0000496 0.00002984 -0.0000034 -0.0015751 0.00052246 -0.0000327 0.00001724 -0.0000639 
-0.0000066 -0.0000520 -0.0000557 0.99998909 0.00001094 0.00000459 0.00006291 0.00000364 0.00014959 0.00017256 -0.0007148 0.00512182 -0.0003970 0.00007298 -0.0000612 -0.0000412 0.00270611 -0.0015042 0.00042643 -0.0000512 0.00007707 
0.00001430 0.00004249 -0.0000199 0.00004570 0.99997645 -0.0000098 -0.0000676 0.00001712 0.00034936 0.00037267 -0.0000814 -0.0005477 0.00485318 -0.0004111 0.00015561 -0.0000496 -0.0015784 0.00198546 -0.0013450 0.00054805 -0.0001610 
-0.0000637 0.00007148 0.00002474 -0.0000011 0.00008105 1.00003748 -0.0000488 0.00004977 0.00035327 0.00039759 -0.0002153 -0.0001748 -0.0006400 0.00472962 -0.0004455 0.00020662 0.00049465 -0.0014003 0.00192803 -0.0014764 0.00050812 
-0.0000824 -0.0000839 -0.0000256 -0.0000226 -0.0000646 -0.0001106 0.99992976 -0.0001523 0.00045335 0.00044935 -0.0008654 -0.0006396 -0.0005298 -0.0010168 0.00440941 -0.0006438 -0.0000086 0.00041390 -0.0013088 0.00207520 -0.0015309 
0.00012147 -0.0000015 0.00001432 0.00005050 0.00001759 0.00006378 0.00000482 0.99999945 -0.0000682 -0.0001194 0.00070051 0.00058353 0.00059838 0.00073192 0.00008260 0.00555003 0.00003171 -0.0000404 0.00042902 -0.0015817 0.00273458 
-0.0002716 -0.0009374 -0.0027628 -0.0012504 -0.0006550 -0.0004545 0.00180362 -0.0028519 0.85299571 -0.1380299 0.00240716 -0.0016214 0.00183417 -0.0016257 0.00108780 0.00326774 -0.0087571 0.00100003 -0.0016710 0.00176571 -0.0032365 
-0.0004433 -0.0010364 -0.0027706 -0.0015375 -0.0009613 -0.0005422 0.00129408 -0.0032115 -0.1350303 0.84977300 0.00200645 -0.0013574 0.00182620 -0.0015505 0.00081393 0.00274606 -0.0093810 0.00060930 -0.0018270 0.00103163 -0.0028478 
0.00085879 0.00010234 0.00491521 -0.0061540 -0.0102806 0.00191213 0.00795715 -0.0016061 -0.0101487 -0.0270707 0.79591300 -0.0846876 0.02215541 -0.0082800 0.00497268 -0.0005804 -0.2625241 0.08707612 -0.0054575 0.00287308 -0.0106605 
-0.0011117 -0.0086724 -0.0092880 -0.0018188 0.00182323 0.00076533 0.01048422 0.00060682 0.02493121 0.02875924 -0.1191343 0.85363676 -0.0661789 0.01216379 -0.0101994 -0.0068803 0.45101905 -0.2507067 0.07107225 -0.0085449 0.01284418 
0.00238282 0.00708138 -0.0033253 0.00761728 -0.0039252 -0.0016485 -0.0112731 0.00285375 0.05822704 0.06211134 -0.0135821 -0.0912977 0.80886342 -0.0685228 0.02593452 -0.0082754 -0.2630714 0.33091004 -0.2241759 0.09134176 -0.0268436 
-0.0106252 0.01191306 0.00412380 -0.0001974 0.01350756 0.00624736 -0.0081415 0.00829450 0.05887899 0.06626420 -0.0358944 -0.0291403 -0.1066792 0.78827026 -0.0742570 0.03443689 0.08244199 -0.2333852 0.32133773 -0.2460742 0.08468735 
-0.0137383 -0.0139842 -0.0042803 -0.0037755 -0.0107755 -0.0184366 -0.0117070 -0.0253916 0.07555828 0.07489088 -0.1442352 -0.1066116 -0.0883152 -0.1694696 0.73490100 -0.1073148 -0.0014342 0.06898403 -0.2181484 0.34586587 -0.2551516 
0.02024419 -0.0002505 0.00238740 0.00841628 0.00293173 0.01062939 0.00080391 -0.0000924 -0.0113791 -0.0199038 0.11675097 0.09725482 0.09973030 0.12198660 0.01376615 0.92500571 0.00528527 -0.0067462 0.07150335 -0.2636255 0.45576267 

sysiderr: 0.7116
ptb_coef: 0.0100