968.0853090000002 1.1368683772161603e-13 968.0853090000002 1.1368683772161603e-13 0
970.1538078400001 4.584244805261165 976.544613135 13.151528366496553 2
977.81279618 9.181204558461491 1013.5811943250001 50.17887580100692 4
992.8336335025 18.385725049124307 1061.6570590674999 90.75420018177532 6
1015.639643265 32.518342373014114 1140.259108555 164.18398831779197 8
1047.1829605525 56.020426519013824 1259.2939171799999 347.036297725235 10
1080.806417375 55.27943015547703 1372.55115105 420.30748340197727 12
1120.997907125 75.62900918621126 1520.9895146499998 585.6918720255775 14
1171.9601476 96.57857450735813 1640.7706383 686.1767861012796 16
1232.902148875 149.04224495912229 1767.9603627500003 708.6800662165601 18
1301.4362704999999 185.03356440340693 1910.304483675 888.85564067286 20
1377.89083695 237.09447910565126 2053.3404311 866.1716102135352 22
1424.6913656000002 241.2421924335001 2043.0340314250002 794.4999863970774 24
1518.001531875 285.394027544588 2227.372525875 905.2561242361979 26
1610.162479125 307.20960648714237 2382.3472364749996 934.173480927159 28
1701.913849925 361.90022493775894 2430.008238075 914.644209628535 30
