530.7849578720001 41.43421953590167 528.8763573940001 33.919879904434396 0
647.3693686160001 240.23343607571923 618.329793648 182.01988587435946 5
890.8461818339999 556.2080045646804 818.73375438 484.48689858548244 10
1227.517909728 1045.2135767482384 1102.565002564 908.6037523560137 15
1892.5102355319998 2128.0973411840987 1682.745834608 1846.7138652110243 20
2963.419154334 3621.9348562647224 2465.859844476 2949.834098528296 25
3605.796802022 4274.886720056176 3037.0655858140003 3761.16789968742 30
4938.423578058 6782.221086032752 3850.4398095480005 5525.659080269581 35
5583.4856871560005 7583.757559989905 4471.346115286 5922.474132360729 40
6607.088863972 8642.117322409249 5340.935136153999 7171.002782348126 45
7817.109887644 10268.065400818328 6053.162744622 7875.584489580146 50
9280.68705196 12364.399112285206 7925.676422135999 10351.404812937464 55
11022.676953328 14432.837334523912 9184.447302887998 11371.550425973966 60
12088.405366437997 15824.266429090332 9296.420079656 11883.262048316888 65
11604.054975526002 14631.663401032112 9750.643733972 11816.86629534783 70
14152.224651083998 18690.92136680893 11827.558446026002 13596.463733946539 75
15508.890622012499 19323.529450960763 12197.0735749675 13732.991381507602 80
nan nan nan nan 85
nan nan nan nan 90
nan nan nan nan 95
nan nan nan nan 100
