-861. 
-511. 
-4339 
-983. 
-740. 
8600. 
2729. 
-52.8 
1344. 
99.83 
148.6 
-268. 
1548. 
323.0 
4176. 
-1893 
421.5 
-7306 
4060. 
1199. 
-1953 
-7820 
-7209 
-281. 
-3304 
168.9 
85.77 
-92.2 
-967. 
-3843 
107.8 
-1017 
401.2 
-31.1 
-576. 
-6324 
-116. 
-1821 
-153. 
1932. 
-1001 
-1739 
-993. 
-1088 
-1192 
-1501 
598.9 
-1366 
-532. 
267.6 
-880. 
767.0 
-1483 
1561. 
-330. 
-451. 
345.2 
0.781 
1321. 
-816. 
-56.7 
83.33 
3145. 
-4307 
-117. 
-1274 
-232. 
-103. 
-3134 
-1708 
-106. 
-5.41 
-58.6 
-78.6 
-258. 
49.14 
-797. 
-49.2 
26.02 
-212. 
610.0 
1348. 
-2.28 
-271. 
216.7 
1071. 
-562. 
-2690 
-3757 
-5168 
812.6 
-593. 
72.00 
-36.1 
623.4 
29.65 
-91.5 
1625. 
-1534 
417.5 
51.32 
253.4 
636.2 
-511. 
3215. 
-104. 
-35.2 
-66.8 
-234. 
826.7 
-1027 
-509. 
94.73 
34.16 
603.3 
8.570 
119.0 
442.8 
-252. 
675.3 
1200. 
33.78 
-1121 
360.8 
-938. 
129.0 
-947. 
-150. 
55.15 
61.04 
6.754 
-170. 
-128. 
-23.6 
621.8 
477.6 
321.8 
-22.1 
-593. 
-264. 
290.8 
8.519 
-44.9 
-92.8 
317.1 
-66.2 
546.4 
-279. 
-1277 
-309. 
-48.6 
303.9 
-675. 
1009. 
-166. 
-123. 
2738. 
639.2 
-98.2 
-54.7 
573.5 
-428. 
252.1 
469.1 
-166. 
1006. 
126.7 
349.2 
-490. 
-8.50 
-936. 
-262. 
-238. 
-356. 
55.46 
-566. 
439.5 
891.2 
104.4 
26.36 
147.5 
329.1 
-43.9 
259.9 
28.99 
-133. 
186.8 
-116. 
-145. 
-753. 
-495. 
-489. 
-151. 
149.5 
3653. 
-61.0 
-1615 
-1564 
-601. 
-18.1 
165.1 
-5.56 
47.10 
10.11 
195.7 
13.93 
501.2 
78.46 
-81.5 
677.1 
141.1 
-3237 
50.56 
-1166 
849.9 
-173. 
998.8 
371.5 
-141. 
-1.94 
85.27 
-66.9 
-26.4 
-601. 
490.1 
336.0 
-0.70 
375.4 
493.8 
268.8 
-197. 
-174. 
-272. 
145.4 
-141. 
187.1 
-327. 
-13.9 
-130. 
-2386 
14.59 
114.4 
557.8 
-394. 
1350. 
-24.9 
-0.23 
-112. 
1391. 
-396. 
2437. 
68.75 
216.5 
240.5 
29.17 
-426. 
385.4 
-73.0 
-93.0 
-262. 
-162. 
-431. 
-339. 
116.5 
3078. 
-644. 
-173. 
-1865 
-616. 
-125. 
-47.8 
-363. 
-618. 
75.28 
-28.1 
-45.5 
-25.2 
462.3 
-195. 
-127. 
-51.0 
20.70 
203.5 
87.49 
-82.3 
251.4 
-90.0 
-57.0 
54.23 
206.2 
233.8 
-307. 
518.7 
58.32 
126.8 
4.053 
-459. 
-113. 
148.4 
1411. 
207.6 
587.1 
-243. 
-564. 
407.3 
24.66 
20.27 
73.90 
-45.4 
-587. 
-1068 
225.0 
657.7 
-290. 
218.0 
-240. 
4627. 
118.1 
-288. 
-220. 
63.03 
-1115 
-165. 
-27.8 
29.00 
22.48 
-286. 
173.5 
706.2 
2.275 
-20.2 
-74.4 
-8.54 
88.50 
-136. 
-21.0 
174.4 
328.2 
-0.10 
29.66 
235.5 
9.172 
121.0 
447.3 
-270. 
94.53 
21.60 
290.1 
-40.3 
-23.0 
-203. 
69.10 
25.18 
-81.6 
-65.2 
175.3 
-34.2 
253.1 
91.96 
-61.8 
776.3 
-216. 
-159. 
52.11 
11.15 
230.3 
-52.2 
1206. 
-140. 
3113. 
587.2 
4.853 
-22.3 
-34.8 
531.9 
56.77 
0.803 
661.3 
-886. 
686.5 
-1.97 
-46.2 
263.3 
420.7 
969.9 
-502. 
146.5 
517.1 
-66.0 
499.8 
-33.4 
0.076 
-270. 
395.4 
-361. 
343.6 
-212. 
246.8 
301.3 
145.2 
-78.3 
10.42 
-7.67 
-243. 
11.98 
28.09 
-147. 
-847. 
1097. 
-203. 
38.04 
-580. 
8.148 
155.1 
-161. 
505.7 
-246. 
-883. 
93.42 
169.0 
274.0 
-9954 
496.3 
17003 
7.212 
7166. 
-882. 
-131. 
499.4 
2546. 
-22.5 
38.57 
-828. 
-278. 
-14.4 
37.37 
49.47 
-39.8 
36.78 
-56.3 
44.93 
-203. 
-206. 
-200. 
-12.7 
316.1 
650.7 
967.8 
191.1 
151.2 
-101. 
-265. 
-54.7 
191.3 
132.7 
-84.2 
-8.48 
-93.9 
-31.3 
-2.57 
-13.4 
18.16 
-59.7 
409.0 
135.7 
-102. 
-151. 
216.6 
-290. 
363.9 
113.7 
-137. 
22.95 
-117. 
76.90 
-5.90 
-1.99 
-7.32 
-12.4 
-95.5 
230.9 
154.5 
43.19 
86.70 
13.10 
11.92 
20.52 
144.8 
0.502 
-121. 
-38.4 
155.2 
2139. 
-331. 
-1506 
532.3 
-172. 
244.7 
-120. 
59.46 
-25.9 
77.05 
-7.15 
272.2 
-67.5 
-219. 
260.3 
-215. 
7.119 
83.71 
3.913 
-8.22 
27.19 
-188. 
-44.6 
-1004 
-640. 
-692. 
-5.15 
-150. 
257.2 
92.03 
-196. 
-73.7 
-52.4 
-559. 
-257. 
-249. 
23.77 
748.8 
98.22 
418.9 
51.06 
10.63 
208.8 
-386. 
-2637 
199.8 
258.8 
-17.8 
-165. 
0.392 
-114. 
-211. 
523.9 
-108. 
-27.9 
21.10 
251.9 
30.91 
746.5 
-17.7 
89.64 
53.57 
-140. 
-47.8 
-1461 
1419. 
-2004 
-151. 
15.99 
35414 
-3184 
2938. 
1133. 
-1030 
-36.3 
-25.1 
-727. 
269.4 
-676. 
237.9 
-788. 
527.0 
-690. 
945.0 
-394. 
-534. 
300.1 
176.3 
90.49 
-1.97 
318.3 
-269. 
-263. 
33.39 
253.1 
2357. 
-7929 
-660. 
-1335 
-829. 
-1354 
-2584 
-753. 
231.3 
154.4 
-26.8 
151.3 
16.28 
-26.9 
-21.8 
0.631 
-32.0 
30.27 
30.39 
-28.0 
-16.0 
377.7 
581.7 
-184. 
-379. 
-392. 
-55.3 
11.97 
-185. 
81.53 
459.2 
-627. 
-122. 
-277. 
-462. 
-5.24 
-69.1 
454.8 
133.6 
2887. 
1124. 
-8073 
281.5 
-209. 
610.5 
-183. 
344.6 
-113. 
99.79 
-360. 
-2116 
611.9 
7397. 
630.3 
-499. 
4.995 
41.20 
480.4 
-133. 
-0.74 
-264. 
33.74 
118.4 
66.32 
-12.6 
-1046 
1450. 
27.98 
-61.5 
94.51 
971.6 
363.6 
-522. 
-85.6 
1081. 
-27.0 
-723. 
257.3 
32.15 
75.44 
-0.73 
-1094 
79.45 
383.5 
31.38 
1276. 
-608. 
-9480 
2256. 
6.096 
73.79 
-379. 
-287. 
32.78 
-238. 
-239. 
-366. 
-880. 
1415. 
16765 
-63.4 
719.6 
-332. 
931.7 
2586. 
-367. 
-3204 
-32.7 
1797. 
6547. 
4804. 
7907. 
-1003 
1437. 
692.7 
375.8 
98.04 
1480. 
1584. 
601.7 
-258. 
194.4 
45.28 
-6.04 
173.8 
194.2 
14.39 
1.357 
59.01 
-5.80 
143.7 
89.63 
22.68 
47.24 
-39.2 
-213. 
-59.5 
-70.4 
3.353 
336.9 
149.6 
-51.4 
6.538 
60.43 
-6.40 
44.10 
193.4 
-13.3 
-192. 
-975. 
392.8 
317.9 
-142. 
-15.4 
-16.8 
-81.8 
10.38 
-79.0 
-56.4 
57.05 
92.18 
-303. 
-9.39 
-239. 
22.79 
0.071 
-40.2 
922.0 
33.93 
-178. 
147.6 
-12.8 
106.1 
-47.4 
146.8 
-362. 
-681. 
3672. 
-220. 
2843. 
-1048 
-4224 
91.07 
-43.4 
582.6 
-553. 
-885. 
-721. 
-1172 
-4371 
744.0 
770.9 
-0.65 
15.18 
-702. 
-17.2 
-104. 
63.12 
-37.7 
-47.6 
-21.5 
134.4 
-283. 
755.9 
-196. 
-115. 
169.5 
164.3 
2.014 
-240. 
-24.5 
443.8 
237.1 
-257. 
-88.8 
137.2 
-33.7 
700.5 
317.9 
-23.8 
31.56 
-55.6 
-105. 
184.3 
37.43 
-4.41 
1467. 
-2249 
-485. 
-10.9 
325.3 
190.7 
-1603 
-84.4 
-223. 
-2486 
252.1 
-223. 
1636. 
301.0 
2.677 
40.59 
-59.1 
328.7 
32.14 
-935. 
104.8 
86.65 
70.20 
26.25 
6.662 
-0.99 
-157. 
-10.8 
-536. 
-157. 
185.2 
150.0 
-111. 
1.548 
-85.7 
-87.1 
3.956 
459.9 
315.5 
-908. 
-172. 
-20.1 
41.49 
62.38 
-66.1 
-177. 
-55.8 
2338. 
-1166 
719.0 
-167. 
258.3 
51.14 
-375. 
-35.0 
64.48 
-7.92 
-64.0 
-40.9 
14.82 
-406. 
345.0 
-82.9 
-43.3 
-45.2 
55.68 
125.2 
329.8 
35.01 
24.17 
-15.3 
-213. 
65.61 
101.6 
-32.0 
-125. 
18.35 
1.430 
148.2 
-64.6 
107.9 
38.89 
-28.2 
-30.6 
-39.2 
3.265 
-5.39 
77.90 
449.6 
-394. 
2319. 
74.83 
-28.6 
551.4 
198.2 
-139. 
-29.1 
-943. 
2661. 
-2452 
-2164 
-7.56 
-161. 
-214. 
49.13 
13.56 
92.50 
20.39 
148.8 
12.30 
-2.00 
96.00 
-16.6 
-11.8 
-86.8 
147.5 
-11.6 
-83.0 
95.67 
196.1 
-21.6 
-16.1 
-21.9 
-61.9 
-316. 
-60.9 
175.4 
2.818 
55.47 
173.7 
395.1 
-20.2 
218.7 
1382. 
42.19 
-65.6 
79.00 
16.69 
83.76 
496.8 
-626. 
-282. 
96.55 
-14.1 
-3.39 
96.74 
-1.11 
-71.3 
223.1 
-38.6 
-18.9 
221.1 
-680. 
198.7 
-329. 
49.75 
-52.0 
432.4 
-122. 
592.3 
21807 
1612. 
-2175 
-846. 
11.28 
-2086 
-118. 
-703. 
103.5 
665.6 
-313. 
12205 
-52.1 
0.846 
-25.5 
42.59 
-490. 
577.1 
1310. 
-162. 
415.1 
-18.7 
44.57 
-538. 
-400. 
32.90 
35.32 
