0.99804767 0.00999212 0.00079619 
-0.1952331 0.99921217 0.07961921 

0.99804795 0.00999211 0.00079618 
-0.1952050 0.99921097 0.07961843 

0.99804782 0.00999198 0.00079620 
-0.1952179 0.99919839 0.07961962 

0.99804770 0.00999210 0.00079620 
-0.1952296 0.99921040 0.07962009 

0.99804779 0.00999193 0.00079620 
-0.1952209 0.99919329 0.07962046 

0.99804787 0.00999209 0.00079613 
-0.1952125 0.99920891 0.07961297 

0.99804802 0.00999202 0.00079618 
-0.1951980 0.99920198 0.07961812 

0.99804848 0.00999198 0.00079616 
-0.1951516 0.99919775 0.07961599 

0.99804878 0.00999204 0.00079618 
-0.1951217 0.99920396 0.07961791 

0.99804958 0.00999212 0.00079621 
-0.1950418 0.99921154 0.07962061 

0.99805024 0.00999206 0.00079622 
-0.1949759 0.99920596 0.07962240 

0.99805124 0.00999209 0.00079615 
-0.1948760 0.99920909 0.07961543 

0.99805242 0.00999207 0.00079616 
-0.1947579 0.99920701 0.07961612 

0.99805393 0.00999202 0.00079624 
-0.1946065 0.99920212 0.07962413 

0.99805556 0.00999206 0.00079618 
-0.1944438 0.99920599 0.07961778 

0.99805766 0.00999209 0.00079615 
-0.1942340 0.99920871 0.07961498 

0.99806011 0.00999210 0.00079618 
-0.1939885 0.99920963 0.07961835 

0.99806280 0.00999204 0.00079617 
-0.1937196 0.99920444 0.07961717 

0.99806568 0.00999206 0.00079618 
-0.1934317 0.99920599 0.07961807 

0.99806913 0.00999202 0.00079620 
-0.1930867 0.99920207 0.07961969 

0.99807267 0.00999212 0.00079617 
-0.1927326 0.99921218 0.07961675 

0.99807622 0.00999202 0.00079619 
-0.1923778 0.99920154 0.07961946 

0.99808019 0.00999204 0.00079618 
-0.1919808 0.99920396 0.07961833 

0.99808447 0.00999202 0.00079618 
-0.1915530 0.99920206 0.07961810 

0.99808867 0.00999205 0.00079616 
-0.1911326 0.99920490 0.07961612 

0.99809291 0.00999207 0.00079615 
-0.1907085 0.99920720 0.07961546 

0.99809738 0.00999214 0.00079610 
-0.1902616 0.99921416 0.07960951 

0.99810144 0.00999206 0.00079616 
-0.1898563 0.99920641 0.07961601 

0.99810569 0.00999204 0.00079620 
-0.1894312 0.99920428 0.07962030 

0.99810962 0.00999204 0.00079616 
-0.1890383 0.99920383 0.07961586 

0.99811356 0.00999198 0.00079621 
-0.1886436 0.99919820 0.07962125 

0.99811698 0.00999203 0.00079617 
-0.1883019 0.99920332 0.07961686 

0.99812017 0.00999200 0.00079619 
-0.1879832 0.99920005 0.07961856 

0.99812291 0.00999205 0.00079619 
-0.1877086 0.99920509 0.07961877 

0.99812489 0.00999204 0.00079618 
-0.1875105 0.99920442 0.07961780 

0.99812659 0.00999205 0.00079620 
-0.1873411 0.99920484 0.07961986 

0.99812761 0.00999212 0.00079622 
-0.1872393 0.99921223 0.07962183 

0.99812807 0.00999208 0.00079616 
-0.1871927 0.99920847 0.07961624 

0.99812746 0.00999206 0.00079618 
-0.1872539 0.99920571 0.07961775 

0.99812649 0.00999208 0.00079614 
-0.1873510 0.99920770 0.07961420 

0.99812469 0.00999204 0.00079616 
-0.1875309 0.99920417 0.07961597 

0.99812223 0.00999207 0.00079618 
-0.1877771 0.99920667 0.07961848 

0.99811906 0.00999210 0.00079619 
-0.1880937 0.99921007 0.07961885 

0.99811534 0.00999208 0.00079623 
-0.1884662 0.99920755 0.07962276 

0.99811086 0.00999203 0.00079617 
-0.1889140 0.99920327 0.07961727 

0.99810600 0.00999206 0.00079616 
-0.1893996 0.99920618 0.07961599 

0.99810059 0.00999203 0.00079621 
-0.1899405 0.99920253 0.07962082 

0.99809467 0.00999207 0.00079617 
-0.1905334 0.99920650 0.07961698 

0.99808867 0.00999203 0.00079618 
-0.1911326 0.99920294 0.07961787 

0.99808238 0.00999204 0.00079616 
-0.1917618 0.99920403 0.07961614 

0.99807612 0.00999207 0.00079623 
-0.1923883 0.99920720 0.07962349 

0.99807000 0.00999203 0.00079618 
-0.1929995 0.99920263 0.07961777 

0.99806429 0.00999205 0.00079619 
-0.1935709 0.99920451 0.07961854 

0.99805882 0.00999204 0.00079617 
-0.1941180 0.99920369 0.07961729 

0.99805444 0.00999203 0.00079619 
-0.1945557 0.99920288 0.07961923 

0.99805094 0.00999203 0.00079612 
-0.1949056 0.99920315 0.07961221 

0.99804872 0.00999208 0.00079622 
-0.1951278 0.99920765 0.07962211 

0.99804758 0.00999204 0.00079618 
-0.1952418 0.99920420 0.07961814 

0.99804833 0.00999204 0.00079618 
-0.1951665 0.99920429 0.07961827 

0.99805101 0.00999207 0.00079614 
-0.1948993 0.99920742 0.07961423 

0.99805526 0.00999206 0.00079618 
-0.1944740 0.99920592 0.07961779 

0.99806194 0.00999195 0.00079613 
-0.1938057 0.99919516 0.07961335 

0.99807119 0.00999208 0.00079621 
-0.1928809 0.99920809 0.07962097 

0.99808276 0.00999207 0.00079619 
-0.1917240 0.99920730 0.07961921 

0.99809733 0.00999203 0.00079616 
-0.1902670 0.99920276 0.07961559 

0.99811476 0.00999202 0.00079616 
-0.1885240 0.99920241 0.07961613 

0.99813522 0.00999209 0.00079619 
-0.1864784 0.99920884 0.07961891 

0.99815877 0.00999203 0.00079616 
-0.1841228 0.99920285 0.07961564 

0.99818534 0.00999201 0.00079617 
-0.1814659 0.99920068 0.07961664 

0.99821541 0.00999210 0.00079624 
-0.1784585 0.99920958 0.07962388 

0.99824862 0.00999207 0.00079623 
-0.1751384 0.99920738 0.07962305 

0.99828481 0.00999203 0.00079613 
-0.1715186 0.99920292 0.07961343 

0.99832409 0.00999204 0.00079616 
-0.1675912 0.99920408 0.07961637 

0.99836633 0.00999205 0.00079621 
-0.1633672 0.99920504 0.07962120 

0.99841134 0.00999207 0.00079615 
-0.1588664 0.99920696 0.07961482 

0.99845919 0.00999206 0.00079616 
-0.1540814 0.99920570 0.07961637 

0.99850929 0.00999206 0.00079620 
-0.1490708 0.99920626 0.07962018 

0.99856140 0.00999205 0.00079620 
-0.1438599 0.99920510 0.07962011 

0.99861539 0.00999204 0.00079621 
-0.1384614 0.99920446 0.07962098 

0.99867086 0.00999204 0.00079618 
-0.1329138 0.99920356 0.07961788 

0.99872771 0.00999202 0.00079618 
-0.1272288 0.99920169 0.07961837 

0.99878564 0.00999211 0.00079617 
-0.1214362 0.99921059 0.07961667 

0.99884398 0.00999206 0.00079617 
-0.1156024 0.99920576 0.07961749 

0.99890281 0.00999202 0.00079617 
-0.1097194 0.99920163 0.07961724 

0.99896174 0.00999201 0.00079617 
-0.1038255 0.99920134 0.07961713 

0.99902021 0.00999205 0.00079616 
-0.0979790 0.99920477 0.07961561 

0.99907813 0.00999202 0.00079617 
-0.0921867 0.99920189 0.07961721 

0.99913533 0.00999204 0.00079621 
-0.0864668 0.99920424 0.07962126 

0.99919123 0.00999206 0.00079621 
-0.0808767 0.99920614 0.07962076 

0.99924566 0.00999201 0.00079614 
-0.0754340 0.99920065 0.07961412 

0.99929831 0.00999201 0.00079618 
-0.0701694 0.99920081 0.07961811 

0.99934882 0.00999203 0.00079617 
-0.0651175 0.99920315 0.07961733 

0.99939713 0.00999208 0.00079617 
-0.0602872 0.99920806 0.07961689 

0.99944269 0.00999204 0.00079618 
-0.0557306 0.99920357 0.07961776 

0.99948549 0.00999204 0.00079618 
-0.0514507 0.99920396 0.07961821 

0.99952539 0.00999204 0.00079618 
-0.0474611 0.99920447 0.07961774 

0.99956218 0.00999203 0.00079619 
-0.0437815 0.99920284 0.07961852 

0.99959568 0.00999204 0.00079617 
-0.0404319 0.99920426 0.07961741 

0.99962545 0.00999205 0.00079618 
-0.0374547 0.99920519 0.07961808 

0.99965149 0.00999204 0.00079618 
-0.0348511 0.99920359 0.07961783 

sysiderr: 0.0023
ptb_coef: 0.0100