0.82778760 0.37076396 0.23497010 -0.1847164 -0.2620684 0.27913858 -0.5138096 -0.0789418 -1.4573980 -0.7996522 -0.8112347 -0.8673940 0.29227879 -0.0817953 -0.0586230 1.11601582 0.28271129 0.86605061 -0.7078732 0.08426222 -1.0074975 0.14508571 -1.5737706 -1.7491499 -1.1214139 -0.7562104 -0.8782523 -0.6442960 0.55862843 1.54731962 

//////////// LOG ////////////
Control Init:
0.00000000 0.00000000 0.00000000 0.00000000 0.00000000 0.00000000 0.00000000 0.00000000 0.00000000 0.00000000 0.00000000 0.00000000 0.00000000 0.00000000 0.00000000 0.00000000 0.00000000 0.00000000 0.00000000 0.00000000 0.00000000 0.00000000 0.00000000 0.00000000 0.00000000 0.00000000 0.00000000 0.00000000 0.00000000 0.00000000 
Q: 0.2000
QT 300.00
R: 0.0000
perturb_coefficient_train: 0.0005
step_coef: 0.0000
ctrl_step: 0.1000
sim_step: 0.1000
step_num:   30
rollout_train:    