-1.24675 1.25325 

-1.24507 1.25316 

-1.21909 1.25323 

-1.20927 1.25317 

-1.23718 1.25315 

-1.24297 1.25325 

-1.2075 1.25317 

-1.21068 1.25313 

-1.22814 1.25323 

-1.23481 1.25318 

-1.21514 1.25329 

-1.1994 1.25324 

-1.18077 1.25314 

-1.21298 1.25325 

-1.24318 1.25326 

-1.20373 1.25318 

-0.926107 1.25319 

-0.594633 1.25315 

-0.392411 1.25312 

-0.404027 1.25318 

-0.599802 1.25327 

-0.980596 1.25311 

-1.23688 1.25308 

-0.952091 1.25321 

-0.0179091 1.25321 

1.25916 1.25319 

2.4397 1.2532 

3.18543 1.25315 

3.53215 1.25323 

2.54271 1.25485 

