2161.04929
2163.61331
2165.40511
2163.61331
2161.85834
2163.61331
2164.83664
2163.61331
2169.42848
2163.61331
2164.83110
2163.61331
2165.04860
2163.61331
2164.57106
2163.61331
2163.73919
2163.61331
2163.60523
2163.61331
2166.14292
2163.61331
2164.76528
2163.61331
2165.34067
2163.61331
2162.76770
2163.61331
2162.77293
2163.61331
2165.34102
2163.61331
2165.41117
2163.61331
2164.06527
2163.61331
2160.76878
2163.61331
2164.83556
2163.61331
2162.35188
2163.61331
2164.34632
2163.61331
2161.46973
2163.61331
2165.10895
2163.61331
2160.70205
2163.61331
2164.90326
2163.61331
2162.03763
2163.61331
2164.94657
2163.61331
2163.05922
2163.61331
2164.75834
2163.61331
2163.70067
2163.61331
2166.58469
2163.61331
2164.22819
2163.61331
2165.21588
2163.61331
2162.85415
2163.61331
2168.80239
2163.61331
2168.68844
2163.61331
2164.99201
2163.61331
2165.17222
2163.61331
2160.65670
2163.61331
2164.53132
2163.61331
2163.86322
2163.61331
2161.41154
2163.61331
2167.99822
2163.61331
2167.49261
2163.61331
2163.43606
2163.61331
2163.74722
2163.61331
2164.58293
2163.61331
2164.69736
2163.61331
2167.25620
2163.61331
2165.05973
2163.61331
2164.75320
2163.61331
2162.93681
2163.61331
2163.17885
2163.61331
2161.30676
2163.61331
2163.06031
2163.61331
2163.58009
2163.61331
2162.70886
2163.61331
2162.69666
2163.61331
2163.58695
2163.61331
2161.73322
2163.61331
2159.83443
2163.61331
2163.21601
2163.61331
2162.41249
2163.61331
2160.98588
2163.61331
2161.79401
2163.61331
2161.32525
2163.61331
2162.24598
2163.61331
2161.67158
2163.61331
2162.00825
2163.61331
2162.70422
2163.61331
2165.45895
2163.61331
2164.34582
2163.61331
2169.27966
2163.61331
2162.76025
2163.61331
2164.32389
2163.61331
2161.03031
2163.61331
2164.96882
2163.61331
2163.50459
2163.61331
2159.48945
2163.61331
2161.28517
2163.61331
2164.63441
2163.61331
2166.11025
2163.61331
2166.05576
2163.61331
2164.64634
2163.61331
2160.84166
2163.61331
2165.09513
2163.61331
2166.63375
2163.61331
2164.70508
2163.61331
2165.70555
2163.61331
2161.53046
2163.61331
2164.89687
2163.61331
2166.59420
2163.61331
2163.18160
2163.61331
2164.58610
2163.61331
2163.28801
2163.61331
2167.40696
2163.61331
2165.81249
2163.61331
2165.22720
2163.61331
2160.39850
2163.61331
2164.40944
2163.61331
2161.88770
2163.61331
2164.37610
2163.61331
2163.37630
2163.61331
2163.01315
2163.61331
2165.28536
2163.61331
2168.16686
2163.61331
2165.17266
2163.61331
2161.86571
2163.61331
2162.89848
2163.61331
2165.40635
2163.61331
2167.57325
2163.61331
2162.08938
2163.61331
2162.61838
2163.61331
2162.74200
2163.61331
2164.44843
2163.61331
2162.04138
2163.61331
2163.38110
2163.61331
2163.50235
2163.61331
2171.11501
2163.61331
2168.25638
2163.61331
2164.53880
2163.61331
2163.76560
2163.61331
2161.59776
2163.61331
2166.14477
2163.61331
2164.64586
2163.61331
2162.88850
2163.61331
2168.80427
2163.61331
2161.35855
2163.61331
2166.59621
2163.61331
2165.42786
2163.61331
2160.08764
2163.61331
2161.78648
2163.61331
2162.60074
2163.61331
2163.37095
2163.61331
2163.45389
2163.61331
2164.44776
2163.61331
2162.68947
2163.61331
2167.09367
2163.61331
2167.08445
2163.61331
2163.87731
2163.61331
2159.33548
2163.61331
2164.74079
2163.61331
2164.35226
2163.61331
2163.12146
2163.61331
2164.10698
2163.61331
2161.54063
2163.61331
2165.02110
2163.61331
2165.24855
2163.61331
2169.00739
2163.61331
2164.57058
2163.61331
2164.68793
2163.61331
2163.62707
2163.61331
2161.82493
2163.61331
2164.25549
2163.61331
2163.09967
2163.61331
2163.98345
2163.61331
2166.97302
2163.61331
2161.27971
2163.61331
2164.14765
2163.61331
2164.53920
2163.61331
2162.35911
2163.61331
2162.49771
2163.61331
2162.27626
2163.61331
2164.86982
2163.61331
2164.76051
2163.61331
2164.56856
2163.61331
2162.82238
2163.61331
2161.89399
2163.61331
2165.18026
2163.61331
2160.09592
2163.61331
2165.40451
2163.61331
2163.76401
2163.61331
2162.83465
2163.61331
2165.27030
2163.61331
2165.90999
2163.61331
2170.96929
2163.61331
2163.13269
2163.61331
2162.97435
2163.61331
2161.09378
2163.61331
2162.16673
2163.61331
2163.59599
2163.61331
2163.68167
2163.61331
2160.63571
2163.61331
2164.21534
2163.61331
2163.90383
2163.61331
2164.98001
2163.61331
2160.82441
2163.61331
2164.08751
2163.61331
2163.41100
2163.61331
2163.29579
2163.61331
2165.01760
2163.61331
2164.17227
2163.61331
2163.91051
2163.61331
2165.56549
2163.61331
2162.07332
2163.61331
2161.00202
2163.61331
2165.36067
2163.61331
2164.07921
2163.61331
2162.75561
2163.61331
2156.04777
2173.88833
2161.62690
2179.02268
2173.92537
2217.05055
2161.02519
2135.76507
2164.76528
2132.68688
2199.85536
2305.50425
2155.59142
2286.97083
2171.47102
2237.45620
2173.19289
2153.56468
2149.14737
2157.12730
2150.42766
2152.28314
2189.97411
2251.55919
2181.37904
2254.49982
2161.24755
2295.42977
2165.85406
2170.69333
2152.60914
2124.47551
2133.33634
2164.36894
2173.58163
2200.02057
2145.24728
2062.55936
2178.86703
2222.73287
2160.12032
2244.22089
2172.04065
2247.45237
2169.51770
2261.31133
2175.78330
2230.55126
2162.94814
2095.79196
2180.09793
2102.96940
2165.70635
2101.21642
2144.92856
2109.40899
2159.85040
2210.34159
2157.96679
2075.20976
2162.13919
2244.37556
2153.76108
2097.26030
2166.57942
2260.71515
2180.36106
2139.13612
2132.18208
1959.85535
2160.04967
2227.87894
2168.49942
2200.43687
2154.68098
2189.55175
2148.37856
2187.67904
2164.96673
2154.16319
2133.32033
2076.40392
2138.63506
2128.74704
2141.12608
2123.97288
2171.65314
2225.71061
2166.03801
2249.41823
2162.45347
2165.03870
2174.61949
2295.79864
2133.90194
2103.79605
2172.45435
2207.82217
2158.22510
2141.52856
2160.96031
2248.37668
2172.98467
2195.96422
2142.55921
2130.74426
2185.20072
2243.47494
2166.09089
2219.36135
2143.20104
2101.79088
2131.43851
2192.66831
2130.76613
2090.55998
2150.69284
2175.28959
2180.35935
2159.16660
2176.85953
2278.67084
2155.26075
2157.07296
2148.90613
2192.02587
2179.53787
2313.51611
2149.16170
2059.09915
2162.07961
2190.69871
2147.31569
2099.56897
2152.53215
2131.53085
2181.83331
2160.15027
2182.40987
2221.46710
2193.60783
2231.49676
2194.86247
2322.01924
2186.20304
2254.52340
2192.12312
2288.12388
2166.59917
2206.82682
2151.03427
2188.36474
2160.43021
2134.66204
2154.73627
2088.95839
2175.04709
2319.08556
2199.34457
2215.69416
2176.41336
2227.44268
2176.14302
2175.09403
2192.57644
2230.17113
2184.10425
2257.63908
2153.14342
2107.98431
2168.16479
2184.79547
2172.84061
2258.68844
2164.51315
2105.69690
2193.28860
2249.50243
2163.40962
2194.98505
2140.42174
2109.53237
2174.74681
2243.12725
2174.27977
2153.20183
2147.28043
2113.02091
2162.86650
2263.97586
2180.52130
2229.59439
2173.73815
2215.87005
2171.58355
2229.25802
2157.80781
2091.75263
2140.42610
2126.34146
2161.89542
2052.61155
2142.46110
2044.85217
2157.01258
2250.54788
2167.70083
2126.68347
2161.95077
2194.67134
2186.26444
2089.80478
2164.95400
2248.77547
2154.47534
2168.45337
2181.73745
2081.78135
2154.06499
2129.68568
2166.31046
2090.30179
2135.59274
2086.35379
2158.00012
2099.89356
2166.13307
2224.30305
2167.02368
2188.24400
2168.43789
2234.45603
2167.35474
2181.28512
2175.92397
2311.64755
2158.73145
2145.84792
2170.32201
2291.70966
2186.16905
2143.22127
2169.41692
2127.39712
2164.72741
2138.24619
2161.90272
2281.42069
2162.24218
2237.04207
2147.46991
2051.28566
2146.13211
2155.28296
2167.96366
2251.07169
2194.78483
2305.91961
2177.65564
2224.16647
2164.57101
2146.98009
2148.18960
2163.44341
2167.70216
2128.76442
2150.70147
2249.27502
2152.36074
2129.07473
2172.26391
2197.52046
2161.59846
2183.61607
2188.28903
2230.58144
2168.00108
2259.44537
2178.88769
2275.38306
2154.51226
2202.79596
2153.62839
2117.27441
2155.45444
2036.58447
2171.24000
2171.91442
2171.38742
2324.15635
2165.97319
2206.05213
2170.04599
2103.47661
2170.53903
2300.24714
2153.73705
2237.06105
2149.26964
2147.28874
2145.43977
2055.15951
2146.76093
1980.74937
2163.21893
2275.07077
2160.33828
2140.98072
2174.82906
2227.65605
2149.94684
2156.77840
2152.84763
2148.16328
2192.21468
2191.08769
2166.95667
2190.44443
2177.77639
2157.03473
2210.49939
2289.19100
2177.50239
2211.62942
2149.76941
2124.63221
2161.39521
2256.30959
2183.65134
2284.46000
2141.04229
2090.07440
2159.49422
2162.82620
2176.63145
2204.22275
2143.55086
2033.74137
2148.92192
2080.10555
2136.80366
2100.67084
2137.83645
2087.31788
2150.34496
2108.95025
2179.54749
2176.28773
2164.87006
2135.85198
2161.73445
2121.81467
2151.18272
2258.25452
2154.34997
2188.42355
2173.66792
2068.49010
2193.94143
2289.97754
2159.71263
2126.53288
2167.96342
2216.79894
2173.63899
2222.99456
2169.02625
2170.41240
2157.74864
2138.29016
2177.90838
2163.75036
2166.09309
2190.18250
2146.30991
2203.82505
2180.43914
2178.41679
2146.57271
2051.79389
2187.52705
2223.85497
2158.77338
2210.92334
2157.14574
2130.86427
2187.35324
2164.32378
2171.85210
2192.83569
2158.23650
2148.02426
2177.87163
2201.79118
2176.40210
2152.87034
2164.57611
2094.18787
2189.98928
2266.21280
2167.19406
2321.34796
2139.19893
2194.22056
2155.98065
2297.77081
2160.11914
2177.05065
2142.11680
2032.88794
2227.00527
2414.19733
2128.52057
2145.30820
2140.97777
2416.51904
2162.07403
2338.99803
2167.46899
2141.43783
2198.12321
2696.18485
2175.02334
2414.27378
2153.47351
2416.45898
2150.98918
2161.17229
2204.17648
2701.43648
2187.53853
2485.55343
2180.22846
2127.68284
2224.18246
2414.54741
2164.57964
2269.45483
2175.46454
2350.37885
2176.97011
2337.25516
2168.62139
2154.10369
2193.35823
2326.59272
2200.02730
2183.94766
2211.55385
2366.72315
2212.77122
2453.63423
2142.16142
2167.15594
2168.28896
2253.91946
2205.37857
2338.32573
2148.39070
2353.68740
2188.88376
2249.68409
2161.88577
2327.79276
2187.69736
2619.94434
2157.91844
2294.42144
2190.46782
2464.32063
2152.50618
2239.73821
2178.05238
2315.72577
2163.56247
2256.08559
2191.44265
2328.13370
2128.44901
2182.07289
2160.00703
2483.49974
2205.10566
2518.70687
2152.94251
2175.51943
2222.00443
2367.47717
2178.30124
2361.44980
2211.30773
2473.89403
2168.16435
2409.80495
2114.69662
2216.21517
2170.48094
2250.99010
2188.80500
2400.56127
2202.74612
2535.51628
2196.35225
2101.87898
2202.55438
2277.13468
2205.98377
2353.09762
2152.54500
2432.09889
2149.81967
2155.54323
2213.02691
2456.31988
2153.45830
2313.60943
2119.04166
2118.95411
2148.32774
2200.67250
2248.15736
2618.50212
2209.60591
2411.45210
2216.56658
2387.57493
2154.17367
2381.34378
2149.28583
2321.26075
2197.33654
2308.81326
2136.79174
2072.37396
2214.53193
2661.13565
2183.11267
2698.53823
2199.21263
2479.41199
2148.15864
2139.25246
2191.14404
2505.82264
2161.21724
2157.16516
2165.00617
2174.91900
2210.73222
2195.08064
2154.54104
2164.27422
2186.40767
2417.65299
2160.31651
2263.83111
2150.86978
2299.67442
2247.87250
2419.34396
2159.80318
2355.18574
2228.21592
2397.76058
2174.69984
2255.03265
2164.13163
2211.01157
2176.65723
2406.82137
2176.99162
2519.18288
2150.25420
2018.36024
2177.03728
2081.33613
2160.67582
2164.48894
2193.18511
2322.49188
2142.03893
2041.29489
2156.58881
2283.69892
2161.28331
2247.81132
2187.17638
2460.98219
2133.87007
2176.16243
2209.01517
2512.13978
2206.92887
2678.61662
2157.19331
2343.10239
2195.15105
2164.13564
2101.56203
2255.15113
2188.01806
2292.25763
2125.59978
1941.55114
2215.69871
2378.21675
2168.15009
2569.04663
2191.19332
2195.00631
2141.02695
2225.24945
2153.37796
2130.12895
2125.45688
2283.59181
2186.52296
2191.48260
2174.62320
2236.09069
2205.01922
2493.29485
2155.01426
2031.46374
2162.12701
2243.86102
2225.45621
2563.45551
2194.21684
2197.47413
2205.71445
2392.09288
2197.70810
2392.01983
2154.55308
1964.34920
2139.20263
2098.83865
2101.93508
1949.78506
2202.54664
2586.32378
2170.42314
2203.81873
2177.99454
2279.91185
2188.25310
2214.62835
2173.58426
2491.64084
2168.20730
2311.35722
2149.18484
2328.40220
2194.07626
2380.11912
2201.02047
2439.95552
2204.68820
2476.63049
2225.82052
2549.16863
2223.07891
2738.19164
2186.84968
2201.39174
2164.87440
2113.48251
2170.01932
2320.22586
2188.93215
2287.30623
2144.64769
2131.55676
2174.95292
2190.03392
2158.22239
2172.76173
2142.19879
2249.99277
2171.09408
2611.52263
2188.29083
2194.22055
2132.00202
2290.73523
2098.55791
2053.68735
2124.30138
2225.05857
2140.50069
2065.86937
2148.46718
2428.20879
2163.99772
2370.53824
2153.95192
2214.76630
2205.11252
2408.22630
2133.64090
2342.71257
2194.79230
2344.34948
2157.31853
2294.45640
2188.80342
2123.10506
2176.42217
2134.39320
2134.04340
2177.00357
2208.13999
2450.60184
2165.81193
2283.46144
2175.42727
2205.42549
2214.93376
2249.06817
2146.05916
2021.46994
2206.07897
2452.74762
2127.61404
2422.73282
2187.03386
2273.39006
2178.40126
2216.19296
2133.14565
2219.43026
2151.92648
2219.77342
2227.75698
2382.56094
2174.45531
2391.11173
2136.55549
2034.70349
2187.66975
2601.07773
2255.33386
2419.18628
2192.77422
2138.15267
2137.43028
1930.67279
2146.85027
2216.73546
2115.10590
2113.20293
2175.83902
2353.19460
2250.83097
2538.48667
2160.55960
2266.97904
2191.44234
2368.57077
2148.68968
2517.62660
2150.31177
2334.95011
2171.56093
2288.76060
2206.22465
2438.50786
2194.77353
2611.87709
2123.40287
2021.55689
2174.93259
2180.65798
2208.32436
2414.75258
2190.60666
2371.74074
2189.87435
2409.87608
2167.36623
2306.57844
2169.82826
2145.85734
2161.22521
2185.17150
2157.92039
2566.42264
2194.54938
2281.37638
2232.17052
2281.90537
2173.81825
2305.62241
2214.32748
2378.35369
2158.73697
2224.10582
2145.66311
2026.80800
2243.04644
2253.87785
2151.98809
2078.37512
2170.95041
2479.34691
2215.12444
2934.44470
2176.01805
2473.94743
2136.79788
2448.56414
2179.21584
2249.63652
2194.50086
2901.53845
2166.43060
2664.46725
2249.59059
2594.27001
2222.19519
2328.19360
2281.38381
2663.36244
2171.84335
2286.42147
2055.15629
2352.08470
2155.53744
3294.61126
2162.66306
2297.99914
2188.49109
2359.48105
2139.35632
2104.42183
2182.06575
2410.92784
2210.24489
2586.66211
2174.27108
2067.56626
2139.69229
2235.71249
2198.53767
2763.94516
2238.29439
2755.89693
2257.08307
2411.12991
2202.49877
2639.33348
2097.28632
1929.33198
2224.99258
2377.63787
2216.05509
2418.05114
2247.10056
3020.58859
2239.81469
2377.76463
2227.73079
2527.13527
2154.75906
2053.94797
2219.65483
2731.47593
2181.93884
2951.11723
2231.59051
2466.26328
2236.55844
2722.75284
2187.87248
2054.56055
2170.97828
2199.45213
2195.58185
2358.16446
2159.35902
2436.75748
2272.91090
2707.86065
2180.86040
2006.32924
2163.32038
2285.42824
2200.15878
2420.06851
2214.27356
2306.27334
2286.49782
2515.41767
2215.98825
2565.77889
2180.90373
2421.91059
2186.66066
2258.85491
2201.88644
2136.34265
2130.53945
3025.07360
2165.72691
2459.56174
2207.46944
2631.04470
2270.89838
2667.65444
2118.76142
2484.68181
2244.84074
2739.96441
2231.71814
2751.23523
2181.70290
2952.23520
2232.43867
2565.75068
2120.59174
1984.61328
2170.65724
2060.72177
2231.28605
2201.20856
2228.60113
2850.64028
2173.09763
2453.84171
2187.94895
2651.01520
2162.20386
2241.90128
2224.03520
2535.79398
2278.65721
2950.41456
2189.46511
2823.61361
2186.22950
2012.67221
2207.75396
2741.73875
2128.64144
2432.63555
2136.35407
1851.32029
2225.39176
2888.42761
2214.45692
2728.11905
2209.66679
2515.98202
2259.22923
3038.30806
2154.30880
2424.98541
2186.10702
2425.99349
2109.51916
2114.29358
2171.52672
2210.06588
2151.66573
2231.17680
2158.86430
2954.58960
2146.71197
2629.26576
2161.13994
2422.13108
2207.80151
2677.07855
2168.04382
2508.93201
2161.96679
2746.34159
2143.22722
2269.29703
2224.67400
2640.99778
2166.06198
2384.29746
2087.22195
2431.88711
2267.23954
3327.09601
2180.87019
2323.49372
2135.75171
1997.42291
2217.12969
2657.38146
2234.52953
2509.93919
2150.56507
2225.83302
2145.59906
2162.06233
2140.85337
1792.91468
2193.24675
2802.60009
2191.34701
2076.80704
2192.04655
1928.84872
2204.79018
2459.49703
2167.40031
2404.35137
2159.17018
2245.46675
2217.23468
2183.82114
2160.20865
2107.84700
2222.93255
3193.48209
2196.42592
3068.15962
2218.14606
2615.88241
2123.93300
2206.95259
2115.45826
2168.61273
2310.74881
2693.82821
2205.45120
2690.36681
2172.92413
2646.56275
2148.68034
2340.69539
2180.93868
2597.68449
2196.23101
3011.74859
2164.82937
2307.27113
2225.20125
2602.50899
2167.67095
2444.20770
2220.41840
2285.87630
2196.94650
2607.65148
2152.31730
2633.38703
2213.82598
2424.33563
2142.40697
2442.98474
2223.52628
2580.23493
2147.91798
2317.46600
2176.33326
2945.01122
2221.05826
2403.75967
2275.51609
2435.28760
2162.88913
2460.90102
2194.40396
2465.41756
2236.74745
2543.35627
2134.04822
2225.70412
2091.39814
2678.35061
2244.70709
2755.06890
2209.57518
2735.92876
2175.83628
2255.99914
2190.19791
2261.35887
2139.83274
2166.67837
2206.05160
2877.44475
2294.26776
2596.14511
2187.01062
2680.71978
2181.01549
2571.50416
2095.35118
2283.01474
2173.08823
2657.71032
2280.82202
2631.68980
2080.78097
2297.46837
2143.73961
2800.37901
2126.66986
2230.29791
2248.30553
2424.25835
2206.33936
3019.07522
2140.90346
2498.90025
2270.32795
2849.57911
2147.98183
2774.40074
2219.16434
2316.13098
2148.74704
2571.49967
2084.37082
2123.15998
2184.76605
2527.57683
2123.79091
2036.57789
2120.67046
2533.71018
2161.08204
2926.02635
2183.74252
2135.75901
2137.37046
2800.41931
2150.46907
2892.65066
2172.68368
2237.99127
2218.28210
2698.20211
2134.19819
2029.79377
2212.88244
2566.91642
2153.97695
2209.52831
2183.39402
2890.85383
2183.09546
2355.80235
2123.33987
2005.98390
2209.14215
2820.11181
2248.43970
2521.68490
2226.25669
2615.07591
2111.18144
2288.27258
2215.75736
2672.84447
2133.35762
2254.46465
2218.74502
2881.33455
2266.38581
2843.26653
2207.88625
2727.62596
2246.41498
2871.18286
2237.83266
2689.63671
2111.76025
2235.92310
2110.48701
2007.83872
2174.66742
2099.52088
2130.75009
2295.94827
2072.42357
2306.11750
2196.51798
2500.40898
2191.02725
2358.98904
2205.75262
2504.09293
2058.89293
2596.10009
2158.15555
2346.37030
2215.13284
2172.67879
2177.66085
2760.09218
2105.95321
2152.01133
2180.73978
2249.67401
2169.32525
2279.22488
2194.45951
2604.72622
2164.40891
3409.53312
2171.29440
2127.00329
2160.29826
2633.08404
2232.72250
2408.51233
2118.93515
2168.31595
2259.70211
2952.07778
2216.27743
2867.82884
2239.31965
3075.73652
2120.96990
2333.40462
2263.38676
3775.89706
2242.12661
2369.34273
2153.19864
2451.95160
2097.39918
2543.85250
2105.95908
2461.74917
2280.84374
3011.39771
2185.19402
2503.46510
2176.67346
3061.91410
2121.02977
3115.98645
2327.58808
3920.21480
2264.70003
2580.18433
2218.63443
2542.47191
2223.55252
3327.32616
2158.99993
2529.94156
2153.77943
3141.90134
2236.68207
3464.10459
2162.51139
2805.81793
2209.15322
2857.83087
2093.41230
2335.85482
2257.90988
2669.98287
2265.83592
2890.62690
2208.22184
2864.76115
2135.66088
3010.18762
2182.78684
2769.93726
2137.22475
2877.16841
2133.50115
2470.51598
2137.12833
2039.39196
2220.31007
2932.18063
2194.94405
2936.42678
2169.66536
3579.57827
2157.73888
2578.60052
2040.37791
1948.55576
2178.99580
2853.41994
2140.96792
2567.66040
2163.28530
2361.64169
2200.10429
3270.33128
2100.21016
2501.26074
2219.21112
3146.16167
2226.64976
2624.19352
2058.77822
2517.40048
2216.89833
2823.62303
2150.94956
2242.64668
2268.80186
2852.50788
2042.57384
2057.66153
2065.59596
1922.83298
2242.73766
2409.18153
2068.07823
2041.87271
2163.44245
3467.99396
2234.57869
2768.45046
2158.14906
2020.08761
2128.20630
2625.99872
2021.90745
2515.04873
2274.03869
2812.47901
2226.45817
2785.19249
2111.41342
3131.09172
2128.72432
2195.78434
2255.51522
2691.77462
2097.92832
2740.86370
2225.47486
2474.19578
2170.97490
2416.20341
2076.46561
2132.04936
2245.28755
2179.65901
2055.60738
2996.62382
2260.05711
2573.00238
2214.33591
2736.74403
2233.07308
3169.46740
2115.29075
2672.90590
2151.15717
2533.28969
2108.48510
2116.28150
2258.43017
3774.83249
2173.68647
2372.36986
2172.82704
2436.20266
2296.19403
4793.36178
2225.46753
2760.19043
2245.76738
2909.62217
2277.74199
2267.32469
2186.73757
2383.74011
2122.98559
2086.30272
2242.32315
2960.03539
2300.47420
3667.66561
2125.05572
2088.12268
2163.47905
2829.09013
2316.03318
3914.49754
2220.28155
2668.44009
2116.65323
3307.02866
2168.23964
2831.88539
2199.07313
2637.31913
2135.20679
2019.19526
2156.26524
3469.54189
2267.43946
3175.47966
2213.26301
3502.74074
2129.25207
3140.79499
2297.43091
3045.37077
2218.69776
2537.61787
2116.61893
2480.38720
2166.17675
2785.44893
2145.71306
2879.06827
2153.61640
2990.00003
2153.61333
2474.88586
2128.69487
2820.66132
2245.76547
2938.15141
2108.86757
2154.11971
2119.35597
1943.88018
2122.56525
3224.61677
2170.18062
2960.07344
2178.32690
2140.70997
2210.12577
3189.62990
2138.58166
2733.49160
2099.41436
2251.12704
2252.31140
2316.53455
2196.01875
3259.66834
2190.93903
2301.28104
2152.89024
2080.72423
2227.28848
3205.35011
2170.52266
2958.60270
2174.28813
2673.94146
2244.77129
3250.02319
2235.38256
2497.55655
2169.59080
2341.64788
2199.84793
3183.76729
2281.25597
2661.98715
2076.25676
3021.06651
2194.57470
2589.56634
2207.25113
2874.20863
2279.26640
3178.11244
2221.37586
3281.96081
2106.55659
2332.01545
2199.04499
2951.05885
2137.48261
2627.88340
2242.77747
2421.92329
2032.44097
2392.71939
2242.48906
2347.77511
2162.83878
2256.72941
2227.40918
2375.39883
2255.03323
2380.35275
2142.62587
2265.96022
2271.46891
2743.77110
2221.10662
4314.54902
2093.04505
3520.32907
2195.30123
2024.91421
2242.44909
3052.85514
2306.22108
3331.03469
2206.00988
2559.85597
2275.39109
3461.36314
2233.51828
2110.44716
2093.30279
3502.11268
2116.41831
2592.69563
2208.74692
3130.43785
2222.40334
3628.22435
2125.17066
2198.49243
2319.01235
3194.62802
2198.55062
2864.23335
2141.33039
2279.10865
2191.22237
3730.45153
2166.23390
2375.26996
2239.40609
2572.58246
2288.26960
3704.26906
2140.01933
2514.30569
2150.97983
2246.28175
2226.90620
3231.19489
2302.82403
3905.33002
2307.64004
3201.69963
2326.71267
3223.42070
2212.48003
3685.49192
2157.59988
2122.46541
2151.39886
2455.84483
2072.95742
2035.70716
2171.49130
2625.54612
2099.34134
2023.25670
2278.06551
2741.87539
2241.78558
3104.99842
2213.76413
2430.30531
2378.61984
3935.99673
2253.57336
2650.26401
2225.97533
2955.18914
2362.55823
3487.00327
2314.05316
3169.54894
2191.34327
2202.80682
2220.00408
3136.08123
2117.89045
2088.22774
2260.39425
2983.52970
2221.14125
2459.20469
2194.74456
2417.74612
2096.88043
2523.74403
2235.88340
2932.56049
2249.57732
3016.28674
2155.13259
2153.97977
2307.84088
2619.30263
2274.39636
3312.28228
2021.14831
2037.52373
2241.93169
2327.26576
2196.03479
2826.05599
2163.74330
2609.63258
2234.10771
4064.25639
2090.34299
4022.44624
2213.79031
2201.49319
2158.13339
3176.26847
2127.56158
3207.80564
2180.54098
3592.45760
2164.60208
3766.80560
2311.76807
3795.83620
2160.01241
3750.12579
2332.67114
4183.02989
2395.65864
2623.34243
2215.66375
2454.05953
2177.54609
3785.47660
2100.80606
2313.98716
2009.29069
2829.93887
2259.13072
2571.78641
2245.70545
3834.59884
2150.89822
3405.53896
2114.99581
3195.66142
2146.46424
2585.67691
2199.40077
3473.51394
2146.00495
2016.23464
2215.05817
3937.36025
2094.40043
2019.53670
2158.89495
2694.76276
2320.57642
2924.73829
2249.71772
2249.15744
2246.41179
3499.00503
2121.56556
3392.66620
2230.91816
4714.97657
2060.37251
3785.13671
2299.34280
3106.11466
2291.48050
5073.06805
2175.20923
2771.84459
2331.92687
3469.03450
2494.31344
4239.33144
2180.06326
2440.65683
2173.41502
3732.54964
2235.81284
3869.24840
2219.74043
3613.22135
2178.91941
3603.41196
2313.56430
3523.85872
2145.19830
2773.83741
2149.27609
1851.07642
2247.75860
3067.00458
2301.48155
2668.23747
2201.78160
3610.57424
2104.87064
3952.82586
2356.50440
3168.46193
2078.98829
2758.57276
2281.49251
4224.09527
2043.01140
3096.96815
2244.45838
3586.84123
2160.68832
3144.75878
2330.68959
3341.12451
2231.66539
2817.54734
2215.96354
2296.91165
2305.42245
2981.69969
2019.58593
2606.43905
2143.98127
2154.34453
2175.49188
4042.21885
2256.22680
3227.19626
2186.74853
3994.88049
2214.43635
2648.57407
2266.55040
2654.71662
2078.82066
2638.97543
2137.56722
2762.07444
2131.65705
3077.68683
2160.79346
4279.08887
2073.72530
2695.04193
2348.99627
4163.45775
2168.04921
3118.44532
2256.55668
2604.39406
2254.76984
3431.36129
2121.92062
2912.95802
2301.08461
4015.54297
2211.25988
3078.33087
2214.36897
3376.21130
2103.67307
3482.33000
2085.78677
3188.66761
2104.68719
2912.84959
2172.87872
2721.27791
2207.34415
2287.05175
2194.69474
2754.55292
2056.81419
3178.16724
2459.46763
2714.00922
2262.35478
3564.04143
2182.76541
2621.70457
2156.54702
3647.74521
2224.71967
2765.28457
2218.09049
4116.12528
2166.21307
2065.03469
2164.91324
2316.53123
2219.51784
2495.52306
2194.95320
2660.67396
2205.16804
2377.30893
2256.83568
4318.20644
2113.45575
2464.43915
2265.60282
3615.11290
2025.85418
3357.75393
2398.63226
3442.33115
2457.13980
2798.76368
2163.84659
3358.63570
1950.48987
1901.32143
2185.50200
3050.08850
2188.44189
2112.80359
2398.98362
4141.96545
2204.91072
2751.35072
2259.32996
3533.95054
2106.07250
2532.88620
2144.52564
2878.77606
1997.19918
2423.87995
2270.41386
3346.19378
2112.38927
2247.54307
2235.12276
3843.17372
2347.97937
3640.73628
2395.11335
4192.63220
2347.08583
3377.85413
2276.59570
2205.10861
2066.82747
2989.40843
2343.27792
5122.53338
2270.36998
3902.91545
2017.63521
2033.03541
2107.33300
3405.63737
2143.24892
3301.62792
2107.12722
2856.98105
2169.35534
3132.06844
2066.87917
2280.35001
2117.68326
2004.64751
2202.81440
4494.50103
2179.94640
2307.10295
2177.48345
2226.75762
2180.59041
3748.28529
2304.75845
4221.27251
2440.50937
4241.31903
2236.01137
2826.78514
2143.23888
3158.11122
2250.36177
3241.82674
2464.27747
4812.47323
2106.85177
3312.45051
2213.97195
2370.64672
2271.27813
3625.96510
2175.48210
3484.89034
2194.45996
2580.51094
2234.37366
3367.93625
2359.85181
3947.45297
2102.41720
1967.60388
2240.31699
4295.92536
2329.43368
3877.86951
2230.51523
2878.01203
2225.36220
4078.17501
2183.35753
3338.48574
1969.80210
2615.96621
2264.33887
4378.80148
2277.50566
4993.19571
2352.94350
2951.32375
2213.78080
4942.72938
2373.45262
3110.14733
2298.17372
3433.76328
2147.06226
2594.47654
2222.50696
2723.28953
2252.96701
3225.54906
2160.22564
2955.67272
2075.29411
3530.98362
2244.10191
4275.80376
2194.13474
3563.95844
2211.76858
2056.36709
2294.99261
3447.55014
2189.10970
2255.74917
2257.58087
3171.40923
2155.36276
3445.62244
2374.20835
2533.69987
2362.49385
2872.26690
2203.44458
2629.48233
2272.27384
3763.09239
2191.00904
2941.97226
2317.13564
3576.80750
2207.07597
4016.27673
2318.95491
4455.40835
2151.74083
2980.06391
2291.48640
3476.91107
2086.11950
2690.90939
2151.07638
2780.23200
2214.33539
3079.48450
2138.60827
2326.57663
2180.58569
2557.74928
2511.70465
3349.20055
2143.83212
2914.93030
2230.87778
2515.00620
2051.96626
2412.07783
2097.59106
2111.93012
2183.36302
3635.09562
2144.11626
3996.24809
2209.57187
2131.63027
2111.17638
2224.48724
2368.56652
2392.07357
2459.36181
3793.82999
2196.05995
3371.22316
1917.91940
1952.91324
2264.33991
4634.50119
2239.26866
2796.84753
2258.51585
4648.55693
2183.43727
2743.63738
2299.51759
2886.79798
2455.24536
3853.51040
2271.94781
3487.77328
2043.27774
2287.07520
2299.18219
4006.72043
3427.62472
6348.52299
2363.08777
2829.80060
2175.41223
3006.96821
2353.85367
3222.55965
2268.01330
4346.09752
2236.44944
3563.30772
2067.44224
3389.07132
2207.29772
3799.49945
2260.16233
4006.42708
2071.13219
3444.16602
2500.69285
3540.21357
2347.17661
5199.58720
2192.78372
2279.57010
2082.19615
4012.29663
2222.36515
4093.88147
2195.86963
4572.93118
2314.69427
3536.07564
2158.09159
4926.29210
2371.22562
3060.93170
2207.61517
3983.05890
2260.37060
2447.20914
2356.90327
3797.25865
1942.83261
3973.52308
2244.82946
6337.20935
2273.85120
3328.79957
2173.07045
4564.21167
2052.21030
3019.03495
2186.41867
4477.45570
2422.47384
4239.73384
1942.78614
2884.68084
2270.82134
4251.81057
2320.00239
4431.06231
2237.63303
3464.04983
2327.93860
4348.06665
2392.06543
2832.66998
2124.02334
3126.93090
2386.59548
4468.77391
2378.91426
3069.97357
2240.83260
3069.89499
2196.49201
5049.14777
2175.34822
2789.43099
2441.17230
4370.16244
2257.14040
2851.79395
2226.05837
4002.34042
2270.48527
4159.95181
2101.31963
4090.00163
1998.61770
2983.77558
2208.19698
3589.13228
2132.11420
3357.19482
2203.27682
3747.98132
2055.66453
2971.60986
2100.61139
2827.30506
2449.99425
3954.02121
2107.84991
2429.27689
2271.71953
2365.37282
2235.18846
2189.55869
2049.39953
2491.17381
2210.48968
3899.60341
2408.24838
3698.22401
2256.01499
3380.50016
2222.76676
4513.56796
2159.25885
3547.87423
2399.78002
4293.82505
2432.80053
5284.36661
2181.50753
3273.67652
2213.48232
3147.61621
2093.94266
2875.77120
2397.21354
4190.09078
2161.72692
4125.20301
3315.12671
3183.06160
2160.96836
3306.52041
2303.07266
4302.19107
2261.79535
3500.59031
2193.48541
4738.73309
2328.66839
4162.88027
2930.03641
4104.58826
2124.47991
3637.25572
2229.90901
4195.23326
2272.61543
5223.14635
2290.98173
5325.64957
2147.14819
2741.50028
2410.81899
3974.91099
2721.48894
3480.85321
2157.92277
3448.36998
2490.40604
3368.93579
2370.89761
2825.77782
2278.21598
4242.58370
2292.16662
2973.18623
2244.69763
4467.65693
2297.74432
3911.40898
2158.44066
2966.13198
2063.02925
3103.46667
2217.30755
4801.86208
2326.27386
4038.78336
2079.13649
2734.81384
2578.51675
3007.34773
2307.38660
3353.02013
2515.02301
4673.75085
2340.51094
2768.01877
2431.44054
3522.37703
2012.74721
2300.33921
2409.04358
4254.59675
2049.84863
3073.17492
2266.90274
3281.22106
2245.70874
3372.19993
2167.46495
3359.14144
2137.04025
2860.45117
2208.51006
4157.94910
2277.87918
3531.01002
2031.85137
2348.27425
2345.98489
4534.80724
2130.50171
3940.86738
2360.32192
4604.92063
2228.19510
2209.14802
2353.15841
3936.08089
2504.83245
4965.98018
2100.22283
3304.91916
2381.87495
4958.30654
2206.85108
3336.58296
2360.47976
2962.62042
2188.00992
3029.69341
2137.47250
3339.72743
2301.43535
4777.24558
2182.77506
2876.98877
2381.20778
6242.51943
2021.02593
2167.63531
2253.76532
5287.23938
2182.46593
3587.60932
2053.66236
4896.08170
2147.54583
3182.34039
2175.28659
4755.11463
2113.20236
3428.83957
2156.20262
2124.58725
2367.38431
4710.89706
2297.95933
2963.67041
2390.38709
7341.69591
2086.41271
5414.66421
2117.68596
2291.01059
3388.64458
5032.44373
2326.06902
2213.74009
3471.48910
4859.65053
2022.63957
2422.70061
2247.55346
3072.89100
2284.82308
2790.45153
2203.01314
2348.97961
2106.35194
2752.09425
2388.54964
4626.50955
2117.06111
2772.41720
2299.53775
5542.42636
2146.08779
3651.24815
2201.80766
4344.77891
2175.96022
2503.31936
1968.49811
3003.90070
2183.89479
3381.10736
2373.67428
2822.40043
2167.86643
4073.14169
2269.27196
3298.86148
2151.35379
4064.40240
2113.18487
4579.04557
2340.81718
4662.08338
2375.07056
5926.08563
2006.06460
3106.10803
2268.91475
4754.17052
2190.54628
4075.38099
2515.00589
4332.89766
2141.98783
2523.58094
2194.11253
4517.38580
2171.36925
2563.86300
2144.05480
2597.23026
2273.37386
3627.12533
1995.15863
3114.16523
2129.19055
2595.31940
2451.21697
4889.73165
2138.29062
3248.75023
2170.09495
2843.35198
2379.97283
4548.71230
2163.23483
5769.15405
2237.65987
4660.61994
2220.92052
2499.66884
2246.58244
4018.23410
2111.57555
4016.60180
2523.18392
2864.34685
2443.85467
4224.27642
1998.89897
3214.32582
2176.28882
3662.06659
2344.57652
4722.96859
2486.65535
3195.08767
