141.99985499999997 2.842170943040401e-14 141.99985499999997 2.842170943040401e-14 0
144.873020414 0.4256451174476536 146.28903981 1.9836419303007042 5
153.700290896 1.6544077203339547 159.675137536 7.586051774697942 10
168.075820964 3.410819366755275 183.087796102 21.26514605556945 15
188.720230558 5.836426774429972 214.66058018400003 39.399516885510124 20
214.97629453800002 10.24293441371299 266.158648284 71.96137985066022 25
246.248171342 12.777928582465108 317.53525720799996 98.36285357907819 30
284.07048206400003 17.44832419249986 384.050966196 138.29792026464708 35
328.83865333999995 24.903770464819512 455.088139074 164.1415884761568 40
377.654683074 29.55604926611992 533.1055111700001 178.73743147395984 45
432.28232648000005 35.53235532407795 649.27858172 259.6535644814551 50
496.09806613000006 51.77120359212945 737.1162157719999 263.3781976218246 55
561.010777122 52.69257851877103 874.6285458300001 345.1926808130861 60
637.9525668520001 70.22918505985346 953.6840507799999 360.7586130601546 65
718.0176939660001 76.64105741687598 1113.41601019 389.68065465090547 70
802.032874668 88.3914714354843 1235.7383327520001 420.5701328217653 75
883.9178064839999 87.89663174673039 1327.714494128 468.9310440255806 80
984.602421666 108.02954574404149 1500.8641853780002 497.02208349949956 85
1083.421004456 126.45233014902426 1631.650298598 535.0017143577581 90
1234.3345477 710.4359986445503 1777.4110950399997 567.7339084594237 95
1323.9022229199998 152.10339757017954 1938.43071564 591.0535932864259 100
