-296. -160. 14.09 2.848 39.23 81.54 270.1 259.5 239.1 219.2 215.5 194.7 146.3 126.0 109.9 104.2 81.09 72.95 116.4 75.09 
-158. -80.1 34.08 101.2 -41.9 -44.6 -37.3 -34.4 -28.0 -33.0 -5.58 -17.6 62.46 66.17 71.02 100.1 96.33 93.25 66.45 104.1 
62.04 241.0 150.9 289.1 166.1 231.7 174.1 136.8 -32.9 -46.1 -34.3 -32.7 -39.7 -57.1 -50.1 -52.7 -37.1 -34.1 -32.3 -31.0 
7.527 198.3 -229. -89.8 -229. -226. -389. -285. -260. -269. -266. -243. -225. -222. -205. -253. -227. -214. -229. -214. 
57.97 -77.0 -25.1 98.43 74.52 60.95 89.08 122.3 111.9 76.22 65.60 62.95 47.70 27.64 -52.2 -29.4 -16.6 -2.32 3.831 -38.1 
-399. -292. -266. -273. -340. -292. -288. -144. -169. -191. -124. -120. -106. -37.6 -34.6 -52.2 -45.3 -38.5 -55.9 -77.7 
-37.8 22.82 135.7 78.83 114.0 157.6 144.0 251.7 236.6 206.7 194.0 171.0 200.6 205.6 272.5 232.7 221.7 267.6 303.6 284.5 
-435. -208. -82.9 -52.6 -28.6 161.2 113.8 154.0 133.5 110.9 99.02 97.43 82.83 75.88 29.32 33.87 18.76 35.58 -15.4 -81.8 
27.43 7.560 67.75 131.8 134.6 84.34 60.00 185.7 153.9 135.4 132.2 89.02 75.29 57.25 40.39 19.32 42.39 40.50 64.39 66.78 
-756. -149. -278. -208. -259. -155. -162. -149. -110. -88.7 -79.3 -88.5 -100. -94.3 -81.1 -53.4 -147. -136. -123. -111. 
-307. -83.3 47.65 36.44 10.57 44.93 -14.4 102.9 47.40 51.29 10.37 10.13 39.48 29.83 22.12 -25.7 -19.6 -12.3 -5.04 -8.32 
258.6 344.2 39.04 73.87 48.41 -19.1 -44.5 -5.02 -6.08 -4.69 46.82 35.74 51.87 42.23 17.81 33.89 33.38 20.44 -11.5 -6.38 
45.64 24.22 -17.8 380.1 306.5 231.6 230.0 223.8 173.8 158.5 148.7 156.0 142.3 166.9 167.3 155.8 146.2 118.0 111.4 93.39 
-434. -243. -327. -303. -252. -204. -189. -151. -131. -113. -76.6 -85.7 -79.2 -98.7 -84.3 -78.0 -68.5 -62.0 -97.3 -90.4 
-130. -58.9 -73.8 -117. -72.7 -62.1 -91.5 -92.0 -96.2 -119. -118. -116. -103. -107. -96.7 -74.0 -71.4 -71.1 -60.1 -36.7 
118.5 33.68 -14.5 -42.4 -27.7 -12.6 -43.5 -58.8 -39.9 -36.9 -75.7 -67.4 -106. -93.0 -83.3 -78.7 -99.5 -93.8 -128. -124. 
298.4 130.7 24.19 52.55 78.43 106.8 118.3 93.53 35.27 20.69 18.87 15.36 8.518 14.84 -16.8 -6.04 -31.2 -24.2 -32.6 -25.3 
271.8 238.3 188.2 152.5 126.2 105.9 84.14 83.76 14.35 11.77 11.45 10.20 -2.21 9.224 0.618 -35.5 -28.9 -31.5 -6.72 -21.9 
-2158 -1061 -707. -533. -457. -378. -306. -229. -220. -190. -168. -154. -130. -103. -90.2 -100. -89.6 -81.4 -89.2 -68.3 
65.88 -96.4 -65.7 -194. -138. -76.8 -51.3 -75.3 -76.5 -61.7 -59.2 -31.9 -48.8 -81.7 -28.0 -24.5 -12.7 -7.87 -7.21 -8.41 
-12.3 -10.7 -58.0 -67.2 -96.3 -83.8 -70.9 -69.3 -57.5 -84.6 -83.2 -74.2 -62.4 9.187 8.695 30.59 28.43 16.94 7.755 5.455 
-507. -124. -226. -171. -211. -215. -180. -207. -189. -173. -157. -145. -112. -105. -82.3 -72.1 -75.6 -42.1 -39.8 -15.0 
145.8 89.21 116.9 68.67 82.23 80.70 92.81 121.4 115.2 75.96 103.9 91.57 129.6 121.2 116.8 120.0 96.50 99.08 95.02 67.35 
4.126 -43.7 -50.2 -50.0 -38.3 -54.7 -10.0 -35.7 -64.8 -57.5 -58.7 -51.8 -44.5 -41.2 -46.3 -52.4 -49.1 -55.3 -54.2 -55.5 
-227. -117. -122. -90.2 -55.1 -30.6 -23.3 -65.0 -57.8 -45.1 -74.8 -53.9 -62.7 -46.0 -50.6 -47.3 -44.7 -48.2 -49.9 -72.4 
-25.7 -382. -278. -208. -166. -139. -100. -106. -94.9 -96.1 -93.2 -89.8 -89.4 -84.5 -79.7 -59.0 -60.1 -53.5 -61.5 -51.6 
311.4 361.9 318.4 232.9 189.6 170.8 146.3 155.5 137.9 119.8 109.8 100.5 82.08 73.53 59.21 45.75 38.48 -0.02 -3.06 -1.93 
203.6 152.6 92.54 99.76 109.2 80.27 54.55 71.59 40.08 37.46 52.83 32.11 17.17 54.86 39.26 52.35 61.43 52.31 46.57 53.73 
-242. -120. -65.0 6.763 7.885 6.493 11.96 -18.7 23.15 9.204 1.714 0.615 26.37 26.35 24.12 19.69 19.12 -0.49 -0.52 -9.01 
392.6 234.8 159.6 120.5 66.96 69.72 134.1 127.5 134.4 142.2 128.3 118.6 111.5 105.1 105.5 96.82 91.60 100.4 95.03 90.08 
139.2 76.69 51.96 37.84 25.65 16.71 26.73 32.78 29.29 24.38 24.14 22.07 13.60 32.85 37.29 34.85 27.65 12.62 11.38 12.74 
35.04 37.92 25.16 30.92 23.98 16.98 17.04 4.214 4.543 13.59 4.550 16.40 22.86 15.88 4.542 2.954 8.573 17.82 16.99 16.61 
7.825 17.39 38.53 77.43 61.49 47.88 97.86 92.45 100.6 96.45 106.0 88.57 82.33 75.51 71.67 66.52 61.97 58.30 62.61 58.12 
-35.4 -11.4 -3.56 2.921 -14.8 62.18 46.75 30.19 32.17 30.11 22.23 18.36 30.69 26.08 27.89 25.53 27.87 32.21 37.64 34.08 
9.482 6.083 -8.24 36.52 95.44 89.94 68.85 72.29 71.40 56.35 45.77 42.32 36.60 34.08 31.89 34.68 30.98 44.69 48.65 48.04 
185.0 93.09 78.58 49.60 49.54 21.00 17.10 -0.80 3.812 3.485 24.40 20.68 25.95 18.83 31.34 24.53 24.95 18.69 17.75 12.89 
45.82 17.69 -10.6 -5.50 -14.2 -61.5 -48.7 -45.8 -27.5 -1.45 -18.0 -4.55 -1.50 2.312 17.47 22.37 20.16 9.829 10.07 13.44 
85.09 56.02 40.76 20.57 67.65 81.13 62.57 66.07 69.82 64.47 78.75 72.20 74.95 65.52 51.05 45.46 33.64 38.45 36.31 36.05 
1.091 -84.5 -173. -129. -115. -80.2 -69.0 -45.5 -55.1 -51.4 -46.3 -40.7 -29.9 -28.0 -25.8 -35.7 -33.9 -33.9 -39.2 -39.2 
3.884 8.874 60.82 24.26 2.745 10.01 31.54 34.78 31.82 34.29 32.47 29.19 23.78 23.49 20.70 17.50 25.96 41.62 43.16 48.63 
-76.6 -109. -64.0 -71.8 -67.6 -85.2 -73.5 -64.2 -64.3 -62.5 -45.3 -47.4 -44.6 -41.3 -39.5 -36.8 -34.9 -32.3 -31.2 -29.3 
-0.59 17.28 17.74 -4.47 0.240 -1.74 1.477 1.466 4.104 8.508 4.908 3.903 -2.27 -3.89 -3.88 -2.38 -4.75 -4.37 -3.99 -0.79 
1.013 -16.6 10.07 -1.66 14.21 12.38 13.75 19.38 19.00 -32.7 -29.7 -30.3 -32.5 -31.1 -29.4 -40.1 -39.5 -37.7 -39.0 -36.6 
39.79 -27.3 -17.5 34.40 13.64 0.986 -1.54 -2.15 -12.1 -11.4 -9.96 -9.81 -11.7 -3.08 -8.41 -7.14 -14.2 -14.4 -13.7 -12.8 
-93.8 -83.0 -55.8 18.35 -0.19 9.279 8.080 -2.34 -2.22 -3.82 -4.65 11.85 12.75 7.039 19.24 21.87 22.95 22.38 21.10 20.48 
-58.9 -25.3 -25.9 -16.8 20.20 3.274 2.700 -0.07 2.085 11.66 5.313 9.455 12.06 13.06 11.88 9.031 11.24 11.00 9.934 6.088 
-69.2 -18.9 -16.8 -15.2 -11.3 -6.47 -13.3 -14.0 -1.63 -1.41 27.84 20.66 30.47 29.50 19.31 28.40 27.46 26.02 18.28 17.68 
105.2 50.69 34.09 36.46 32.77 26.32 23.19 28.38 25.62 43.93 39.88 37.89 34.56 26.32 18.12 18.97 14.09 13.02 12.44 12.67 
-34.5 -33.6 -30.0 -24.1 -12.9 -0.65 -0.83 -0.72 0.407 0.457 8.693 14.33 15.08 12.40 31.49 29.45 31.58 32.55 29.80 29.44 
9.482 -39.4 -28.0 -17.5 -22.7 -8.14 -32.4 -30.5 -31.7 -27.3 -27.9 -19.2 -16.7 -17.1 -17.2 -16.1 -23.2 -20.6 -11.8 -11.1 
-7.71 67.56 43.69 56.50 49.12 34.82 28.95 23.08 17.98 23.00 20.50 19.08 18.37 18.19 16.96 14.36 3.818 6.318 2.774 -3.37 
-25.4 -74.2 -53.9 -35.8 -24.9 -27.3 -21.5 -16.7 -25.9 -22.2 -22.1 -26.6 -21.7 -20.7 -25.7 -20.6 -19.4 -18.8 -18.2 -19.5 
5.088 37.38 19.83 14.19 11.51 7.162 8.724 -11.7 -17.9 -17.1 -11.3 -10.2 -10.8 -10.6 -11.6 -14.1 -12.0 -9.61 -2.99 -1.88 
66.29 15.04 -26.2 -28.3 -25.2 -22.1 -15.9 -34.7 -66.1 -61.4 -51.0 -46.0 -42.4 -40.0 -37.3 -33.8 -33.9 -34.2 -37.2 -36.4 
-175. -87.9 -59.4 -15.1 -12.5 8.795 7.408 9.158 7.803 3.858 7.053 11.52 12.32 11.54 9.680 3.968 5.452 5.763 6.237 1.540 
27.78 -10.7 -4.40 -4.91 5.711 -12.9 -11.1 -18.5 -15.9 -15.7 -15.3 -13.4 -12.3 -10.5 -9.78 -10.0 -12.8 -9.11 -7.72 -4.14 
2.275 1.095 17.60 12.79 8.171 10.04 -3.04 -1.81 -0.99 2.797 2.607 1.380 9.727 11.50 9.758 5.369 3.099 4.942 7.605 7.119 
4.818 -0.44 2.381 1.862 4.609 1.026 -3.31 -7.73 -0.22 4.161 3.432 4.526 4.567 4.240 2.506 2.733 1.572 1.067 -0.80 -0.90 
-34.1 -14.0 9.438 27.60 22.16 25.14 22.16 22.91 20.44 -4.23 -6.13 -11.6 -13.2 -10.9 -11.8 -10.7 -10.1 -11.4 -10.7 -14.2 
-32.4 -15.8 -15.2 -9.72 -12.2 -8.24 -5.36 -6.81 -9.73 -17.5 -17.3 -17.4 -29.8 -27.6 -35.2 -32.8 -30.6 -28.9 -34.8 -36.2 
14.06 23.53 16.86 11.21 6.607 20.58 41.73 36.45 32.17 29.78 26.96 22.41 36.29 33.48 30.89 31.24 29.45 27.81 26.41 25.04 
7.514 1.682 15.17 12.82 -19.2 -21.9 -18.2 -15.8 -16.7 -16.1 -10.7 -10.6 -10.3 -13.8 -14.1 -18.3 -16.2 -15.8 -14.2 -13.7 
-0.61 -0.30 -47.1 -48.6 -38.4 -34.6 -0.15 0.856 1.022 0.496 0.303 -0.70 6.595 6.422 5.990 5.490 3.903 3.908 4.276 4.081 
0.056 4.591 3.078 -0.26 4.520 37.32 28.70 20.98 19.91 17.54 13.09 15.42 14.01 13.07 12.03 11.57 13.04 12.07 12.23 11.35 
-141. -68.9 -43.7 -37.7 -31.4 -31.9 -36.6 -33.2 -30.3 -30.1 -31.8 -29.2 -19.1 -18.5 -16.8 -16.0 -14.8 -14.2 -13.5 -12.2 
51.09 14.73 10.35 5.212 4.156 11.10 8.396 5.916 4.810 4.436 -4.06 -6.41 -3.15 -4.42 -2.56 -4.23 -2.40 -3.30 -2.64 -2.48 
0.253 -0.50 -13.2 -0.72 0.321 5.902 8.979 7.444 3.986 4.113 4.640 4.475 4.495 3.723 3.422 3.088 3.170 3.883 7.633 7.098 
35.23 52.85 35.86 44.80 38.27 32.62 31.55 27.89 38.16 32.89 29.72 28.97 26.88 29.71 30.82 28.90 26.54 26.27 24.57 21.41 
-11.4 -87.2 -34.3 -27.0 -27.5 -23.6 -14.5 -20.0 -18.0 -15.2 -15.2 -15.2 -14.2 -10.6 -11.7 -11.8 -12.9 -13.3 -13.4 -12.1 
-0.06 33.74 16.58 10.46 6.158 7.329 9.898 9.789 8.653 6.983 7.096 7.079 7.630 7.301 5.902 -4.70 -4.42 -4.18 -3.94 -3.71 
35.44 20.43 -1.03 -3.38 -4.77 -3.50 -2.97 -0.18 -2.39 -1.88 -1.02 2.270 0.203 -4.05 -3.90 -3.39 -3.38 -2.25 -0.65 -5.58 
13.27 -21.2 5.128 18.40 22.65 16.54 12.36 9.743 9.124 8.214 7.716 6.218 6.146 3.241 3.991 -0.61 0.654 1.979 4.039 3.572 
72.81 42.25 33.76 7.622 -5.27 -3.37 -18.1 -16.1 -13.7 -10.4 -10.2 -11.5 -10.5 -9.22 -6.66 -7.96 -7.59 -7.29 -6.45 -1.77 
-99.4 -52.5 -13.2 -14.0 -9.44 -6.55 -24.0 -20.6 -20.5 -18.0 -15.4 -12.3 -18.8 -12.8 -14.0 -13.1 -11.3 -9.63 -8.69 -8.89 
2.148 -10.4 16.57 13.97 10.80 10.81 8.989 4.894 1.345 1.099 6.636 6.723 2.738 5.244 5.667 4.816 4.077 3.891 3.022 0.039 
-26.1 -13.2 -10.5 -3.98 -1.58 -1.43 -2.10 -4.44 2.635 8.172 6.114 6.260 5.751 1.754 3.526 -0.54 -0.08 1.872 1.108 -0.56 
-2.00 27.26 18.03 11.30 2.609 -3.89 -4.32 -4.88 -0.96 8.383 11.74 10.67 10.78 8.570 9.946 16.26 16.06 15.95 15.02 14.04 
0.322 14.14 6.625 4.353 5.973 4.454 6.833 7.096 4.656 3.159 2.085 2.535 4.765 4.758 4.439 6.739 8.634 6.473 6.153 5.434 
18.96 16.86 4.553 -16.4 -22.6 -20.0 -17.3 -15.8 -20.6 -27.8 -25.0 -15.1 -7.58 -7.34 -5.36 -5.91 -4.94 -4.63 -4.49 -5.39 
0.569 24.02 8.084 5.887 12.29 21.00 7.059 2.135 0.458 9.589 9.571 9.136 4.868 11.81 -1.41 -1.00 -0.90 -1.27 -1.50 -1.57 
-41.2 -13.1 -1.16 -6.46 -5.13 6.519 10.70 6.331 5.948 7.202 3.561 2.139 6.494 2.374 9.434 9.376 10.12 8.859 8.421 6.339 
-4.16 -4.37 6.488 1.943 -2.78 -4.63 -1.12 -0.40 0.160 -0.11 -1.23 -1.25 1.015 -2.21 -2.12 -1.85 -3.10 -3.13 -2.52 -4.17 
-52.0 -5.89 14.11 16.66 13.46 30.58 26.09 21.34 17.43 15.72 14.57 7.068 5.423 5.521 8.728 9.769 12.48 12.67 11.93 12.62 
42.99 56.57 53.12 30.33 11.52 12.61 11.04 6.915 6.118 10.81 11.96 10.36 7.060 6.968 5.984 4.837 4.552 5.207 4.402 4.174 
9.470 14.68 9.592 6.284 -2.71 -3.87 -7.54 -6.18 -14.5 -12.8 -6.57 -5.00 -2.23 -3.68 -5.04 -5.17 -3.43 -2.74 -4.95 -5.78 
26.60 23.73 27.79 21.56 32.00 29.32 15.88 10.54 13.26 11.73 17.04 20.22 17.09 10.33 12.79 8.559 6.662 6.182 5.465 4.870 
-14.3 13.03 8.492 -16.7 -12.9 -11.4 -9.09 -8.49 -7.51 -6.18 -5.89 -7.58 -3.38 2.571 1.726 3.484 2.532 2.349 0.958 2.347 
77.25 79.10 56.87 27.17 21.55 17.26 26.12 20.83 14.41 13.18 13.05 14.53 8.007 8.395 8.635 11.34 10.71 11.67 6.867 6.127 
-8.46 -15.1 -9.50 -6.05 -7.66 -6.08 -2.80 -2.54 -6.16 -10.2 -9.81 -9.24 -8.14 -7.57 -6.94 -7.45 -8.21 -7.59 -6.82 -5.97 
-10.9 5.062 -0.45 -2.08 -1.44 12.76 20.99 26.41 15.82 15.31 10.93 9.861 11.74 17.62 14.74 15.11 13.97 13.28 11.91 10.80 
33.55 15.61 17.10 12.65 10.33 8.108 14.84 6.554 5.902 5.350 11.22 10.42 8.541 8.730 8.399 6.195 4.235 1.339 1.908 1.888 
34.78 18.38 -7.67 21.63 11.95 16.45 15.44 13.85 12.37 10.44 9.588 7.863 3.380 -1.50 -2.38 -2.27 -2.17 -0.54 -3.43 -2.89 
17.12 4.125 9.718 5.280 4.081 6.996 -2.53 1.722 -3.51 -2.86 -4.89 -4.55 -4.73 -4.45 -3.96 0.038 -0.54 -0.13 -0.07 -0.73 
11.63 11.55 12.97 -5.08 -2.11 -2.52 4.294 3.707 3.580 5.435 5.270 5.344 3.201 3.235 3.450 5.999 5.723 0.357 -0.08 -0.60 
-63.8 -20.6 -25.8 -17.8 -18.3 7.003 8.229 9.471 8.848 7.965 6.332 3.633 6.836 0.453 0.114 -0.20 -0.99 -0.46 -0.26 -4.32 
44.35 45.95 29.59 21.59 12.90 12.58 19.64 15.75 13.69 12.52 9.519 7.885 7.360 1.061 -6.35 -6.53 -6.14 -6.80 -11.4 -11.0 
-0.98 -5.50 15.53 12.04 9.310 9.356 14.59 8.154 7.378 2.275 1.279 -0.64 -3.42 -3.19 -2.22 -2.68 -0.98 -0.90 -0.59 0.824 
28.33 10.98 -3.28 -13.6 -5.00 -13.8 -22.2 -18.9 -16.5 -15.2 -7.50 -2.13 -4.13 -3.98 -3.35 -2.55 -3.17 -0.04 3.472 1.688 
25.80 56.53 37.58 31.42 10.65 9.534 -0.53 -1.22 -1.06 -0.30 -0.74 -0.59 2.783 2.566 5.196 6.117 5.149 5.196 4.820 5.423 
-5.65 -10.7 -6.03 -5.67 -16.5 -13.4 -12.2 -14.1 -13.1 -15.2 -15.9 -7.08 -2.93 -2.76 -2.79 -7.86 -10.5 2.410 0.928 1.940 
11.94 2.447 1.489 -6.24 -4.88 -15.6 -13.4 -9.27 -5.55 -2.84 -3.24 -3.40 -3.28 -3.24 -5.78 -6.10 -6.32 -4.17 -3.77 -2.92 
-23.3 -9.94 -21.1 -14.0 5.080 3.866 3.878 4.967 3.733 3.518 3.571 3.882 5.356 5.276 9.196 8.430 7.236 7.055 6.271 -2.92 
-31.0 -21.5 -9.04 -2.50 -0.75 0.728 -0.35 -0.25 -6.31 -4.36 -1.36 -1.14 -1.37 -2.15 -2.65 -1.72 -1.34 -1.10 -1.39 -1.50 
-42.9 11.83 8.823 4.649 4.807 5.047 6.670 3.254 3.009 1.667 3.772 3.375 3.909 6.337 5.767 4.652 3.198 4.931 5.825 7.568 
-12.8 -8.66 -11.2 -8.99 -7.79 -12.8 -17.5 -13.3 -11.6 -6.63 -8.19 -7.24 -8.32 -7.79 -11.7 -11.5 -7.85 -6.20 -5.47 -4.88 
-21.0 32.01 14.29 -6.66 -5.56 -3.69 1.064 4.863 4.081 3.546 8.764 7.198 5.570 6.533 1.068 1.074 0.730 1.844 2.140 0.454 
-30.5 -17.0 -11.4 -9.58 -2.67 6.176 7.542 4.301 2.036 2.571 5.669 5.417 3.736 3.409 3.086 1.428 1.316 2.926 2.795 4.787 
-11.1 -0.91 -3.77 -2.93 16.14 12.22 9.974 -0.45 -0.40 -0.49 0.617 0.061 0.663 -1.45 -0.88 -0.77 0.014 -4.05 -3.84 -6.69 
-14.1 -9.63 -5.63 -3.99 -8.19 -6.33 -6.39 -8.02 -7.89 -4.78 -6.80 -5.08 -4.70 -4.22 -3.82 -2.49 -2.07 -7.20 -7.34 -7.54 
3.694 2.546 12.94 7.084 18.06 16.28 14.26 11.16 10.22 10.61 10.09 10.10 9.287 4.200 3.916 4.449 3.099 2.178 1.049 0.520 
51.99 25.68 3.292 -2.11 -0.98 -1.25 0.188 4.472 1.434 -1.66 -4.72 -1.51 -0.76 -0.86 2.874 0.086 0.594 0.445 0.561 1.012 
-19.8 8.624 8.276 -6.77 3.357 -1.52 -1.83 0.445 0.580 -0.70 -0.84 1.872 0.981 3.247 8.463 6.230 5.647 5.494 3.957 5.056 
0.626 1.146 1.490 -7.83 2.597 -4.66 -3.16 -5.11 -7.57 -9.84 -6.05 -5.52 -5.07 -6.01 -6.42 -5.26 -3.57 -3.43 -3.66 -6.33 
10.70 30.08 27.69 6.124 5.345 4.096 4.752 12.60 12.80 11.52 10.76 10.52 9.638 8.741 6.880 4.880 7.654 7.272 6.794 5.983 
-3.70 -1.56 -4.46 -5.42 -6.40 -7.31 -6.72 -3.91 -3.54 -0.43 2.132 1.411 1.619 4.664 3.410 2.628 3.073 3.962 4.554 4.375 
3.291 3.611 -15.0 -12.0 -5.76 -2.39 -2.00 -6.69 -7.39 -6.58 -16.5 -14.9 -12.8 -12.7 -13.1 -12.4 -11.4 -9.75 -9.19 -8.72 
-6.17 -2.50 -15.3 -3.40 -3.81 17.31 14.79 18.93 16.34 14.85 15.29 15.06 13.95 13.34 12.26 8.196 7.371 6.142 5.891 6.252 
23.56 9.349 27.43 20.91 17.87 14.51 11.18 12.43 10.19 7.590 4.200 4.262 5.496 4.620 0.518 0.226 -2.61 -1.01 -2.70 -4.75 
5.549 -9.63 -8.21 -9.96 -5.86 -6.45 -5.44 -5.09 -8.84 -7.91 -6.99 -6.70 -7.16 -7.02 -5.51 -6.13 -4.18 -3.13 -2.13 -1.33 
2.070 -1.96 1.159 2.279 -9.42 -17.5 -12.8 -2.10 -0.84 -1.27 0.401 0.788 -0.28 -2.21 -6.06 -5.60 -9.77 -9.61 -10.5 -8.93 
15.73 8.906 5.541 -2.19 1.739 2.580 2.286 3.765 4.558 6.125 9.104 6.955 9.746 8.585 7.994 7.678 7.693 8.020 8.891 9.169 
13.29 -1.71 39.02 26.24 21.17 16.66 17.19 23.79 28.03 27.73 23.17 20.47 18.74 15.04 11.47 11.13 10.04 9.000 9.087 8.414 
-1.14 3.694 -0.07 2.389 2.641 5.978 6.191 3.880 -2.37 -3.32 -3.74 -4.23 -2.67 -2.94 -4.34 -4.61 -4.29 -1.93 -1.75 -1.73 
0.222 -0.73 9.087 6.430 3.659 -2.99 -1.90 -0.66 -1.22 -0.72 -0.33 -0.04 0.057 0.457 1.001 0.836 -1.98 -2.28 -3.80 -3.59 
-9.74 -17.3 -13.0 -11.6 -10.7 -6.22 -6.29 -6.51 -5.07 -7.37 -4.59 -1.56 -1.37 -0.30 -0.55 0.214 2.133 1.476 2.398 2.417 
7.132 43.78 28.67 26.13 21.60 17.48 16.07 14.93 16.30 15.58 15.09 14.39 12.53 11.77 10.91 9.702 9.174 6.326 6.115 7.417 
2.305 -0.09 18.78 10.78 13.82 11.50 11.01 10.73 8.257 5.468 3.798 4.627 4.357 -0.89 -0.86 -0.81 -0.64 5.832 7.423 5.570 
3.529 1.940 6.193 3.561 2.091 2.807 2.645 1.108 0.347 -5.04 -5.79 -5.12 -4.79 -4.19 -4.61 -4.74 -4.19 -3.83 -3.72 -3.97 
-17.8 -11.1 -0.98 4.489 4.874 3.704 2.871 0.978 -1.62 -1.17 -1.16 -1.26 -1.46 -1.43 0.987 -0.67 -1.77 0.801 0.708 -1.84 
-2.24 9.024 2.543 -10.3 -7.76 -4.65 0.602 -3.36 -5.42 -4.62 -4.84 -2.72 -4.00 -4.21 -3.33 -4.20 -4.65 -4.24 -4.39 -4.15 
-0.29 0.611 17.23 13.32 12.77 13.86 8.539 4.659 5.470 6.216 3.660 3.861 4.887 4.864 7.368 5.827 5.678 5.113 4.990 3.537 
12.24 7.537 4.691 3.083 -2.24 -1.36 -3.53 -1.58 3.487 2.674 2.504 3.671 3.473 1.759 0.945 1.881 1.136 0.586 0.800 0.630 
0.907 35.73 21.22 13.21 12.64 11.35 10.76 12.96 9.708 8.673 8.177 7.464 6.724 3.563 3.554 3.533 1.664 1.397 0.331 0.297 
5.829 -5.18 -20.1 -14.3 -13.4 -11.1 -9.94 -8.91 -4.98 -2.59 -2.42 -2.46 -2.49 -1.85 -1.57 0.110 2.005 0.262 -1.39 -2.78 
11.29 15.66 9.422 -23.7 -21.5 -17.9 -12.9 -11.3 -10.0 -8.92 -8.88 -8.22 -6.89 -6.44 -5.85 -5.12 -4.77 -4.88 -3.69 -0.05 
4.540 8.551 -3.79 -3.98 1.765 2.321 2.080 -1.19 -0.81 -3.51 -5.78 -5.33 -5.86 -5.40 -5.07 -3.78 -3.65 -3.45 -1.76 -2.90 
-11.3 -11.2 -22.5 -25.6 -17.9 -15.3 -11.2 -11.0 -11.3 -10.1 -7.69 -7.13 -5.52 -6.27 -1.87 -2.23 -3.99 -5.59 -4.91 -4.63 
-15.2 1.803 0.547 -12.1 -12.3 -10.7 -2.81 0.788 0.288 4.571 7.188 6.496 5.333 4.996 5.056 6.001 11.38 11.08 10.46 10.97 
-17.2 -0.65 20.13 15.78 7.320 9.530 1.740 0.947 1.032 1.890 1.632 0.151 1.962 1.803 0.891 2.479 2.827 2.098 2.073 4.017 
0.523 16.58 10.57 7.587 3.505 1.210 -2.52 -6.27 -5.58 -9.25 -8.99 -10.3 -8.98 -8.31 -8.01 -8.05 -7.19 -5.91 -5.45 -6.21 
11.62 3.813 3.760 2.405 -0.57 4.550 3.744 7.730 6.449 5.490 5.200 5.939 6.350 9.812 9.064 9.671 9.076 7.211 6.873 6.751 
-1.40 -7.40 -4.95 -5.47 -0.78 -1.60 2.807 3.120 2.631 1.006 2.942 2.405 1.745 -2.81 -2.59 -2.91 -2.49 -2.79 -2.26 -3.43 
24.14 10.37 -1.69 -1.40 -2.87 -1.50 5.625 8.597 7.381 6.707 6.526 5.980 6.919 7.763 7.177 6.691 5.784 4.990 5.282 5.225 
14.99 5.485 7.314 5.434 3.485 3.278 -3.97 -3.68 -3.23 -1.98 -2.73 0.091 2.986 7.779 6.511 6.223 6.025 5.099 5.055 4.732 
-0.79 6.455 12.55 16.31 9.152 8.217 -1.57 -0.32 -0.13 -3.30 -3.63 -4.61 -1.97 -1.91 -1.69 -1.56 -1.66 -1.57 -2.57 -1.72 
19.03 10.41 6.028 5.794 11.12 7.517 7.839 9.097 5.792 1.059 -1.12 -0.26 0.217 0.102 -0.86 -1.14 -2.01 -0.88 -2.32 -0.14 
-26.8 -13.7 -8.04 -6.11 -14.4 -12.7 -11.9 -9.80 -12.0 -11.0 -10.3 -9.61 -10.7 -9.86 -10.2 -9.22 -8.51 -9.70 -7.92 -6.50 
9.491 1.195 2.881 0.285 0.773 2.022 -0.61 -0.10 -0.12 1.317 1.267 1.726 1.605 2.007 1.935 1.240 1.065 2.477 2.603 2.161 
11.88 5.049 4.428 3.752 2.205 -0.71 -3.87 -1.01 -1.59 -0.99 -1.16 -0.71 -2.73 -5.44 -5.11 -5.01 -4.70 -4.44 -5.22 -4.85 
6.519 31.27 19.33 16.49 8.900 9.258 11.09 9.539 7.986 3.511 1.746 2.002 2.288 1.996 1.305 1.567 2.086 2.132 1.935 2.523 
1.379 1.158 7.884 10.41 8.076 6.284 5.451 8.279 7.046 3.563 2.870 2.757 1.689 2.221 1.895 1.829 1.733 1.908 1.521 2.241 
0.378 -23.8 -12.0 -10.0 -7.84 -9.96 -8.98 -8.18 -6.36 -5.47 -4.99 -3.88 -4.52 -3.89 -3.67 -5.82 -4.60 -3.70 -4.31 -2.91 
-3.98 -2.37 -8.12 -6.86 -18.5 -11.8 -9.93 -9.28 -8.44 -8.63 -8.61 -7.03 -9.61 -11.4 -11.0 -10.3 -12.2 -11.9 -11.0 -9.71 
-10.2 -4.70 -20.0 -16.1 -11.9 -9.84 -6.97 -5.28 -7.70 -10.9 -9.94 -3.12 -3.11 -2.77 -2.99 -2.86 -2.44 -5.81 -5.41 -5.24 
-0.83 3.206 4.584 1.185 -4.19 -3.53 -0.39 -0.20 0.147 -0.83 -0.71 -0.81 -1.44 -2.50 -2.76 -3.12 -4.10 -3.26 -3.25 -3.45 
20.74 28.28 10.33 6.378 6.109 -0.62 -0.61 0.011 -4.88 -4.37 -3.73 -3.34 -1.61 1.683 2.992 3.868 4.413 4.790 4.870 4.117 
-1.32 17.90 11.22 -0.60 1.485 0.889 -3.80 -5.12 -7.56 -9.65 -7.32 -6.63 -6.97 -6.47 -2.27 -2.05 -2.59 -0.93 -1.81 -3.47 
0.287 0.988 1.884 1.928 -0.74 1.378 0.557 0.181 0.393 0.477 -0.10 1.184 3.846 2.556 1.641 1.511 2.325 2.991 2.914 2.237 
-9.95 -5.11 -2.11 -1.96 6.494 8.657 4.312 4.420 3.472 3.418 5.296 4.803 4.946 4.010 3.450 3.285 2.803 3.390 3.904 4.316 
-18.2 -4.83 -1.57 -0.97 -0.88 -1.07 -3.91 -4.23 6.615 4.692 6.184 0.371 1.258 1.139 1.680 3.191 2.141 2.098 3.261 3.022 
-4.72 -3.56 2.519 0.958 0.213 -0.57 -0.83 0.063 -4.61 -0.30 1.302 -0.35 0.040 0.198 1.298 0.906 -1.25 -2.26 -2.50 -2.26 
1.061 4.681 2.820 3.445 2.920 6.105 2.350 2.034 -4.54 -4.15 -2.88 -2.32 -2.18 -1.89 -1.12 -2.40 -2.85 -2.57 -2.72 -2.51 
-17.7 -8.58 -9.09 -7.11 -6.35 -4.37 -2.24 -2.47 -2.45 -1.99 -2.33 -2.21 -3.90 -1.86 -2.09 -5.17 -4.88 -4.20 -3.85 -3.44 
1.958 0.922 -1.37 -0.90 -3.09 -2.37 -0.99 -3.50 -6.39 -5.79 -4.95 -0.74 0.260 0.329 1.911 1.856 1.274 0.618 0.509 0.231 
1.355 8.534 9.153 7.055 6.434 3.115 -2.61 -2.52 -1.84 -0.24 -1.02 -1.03 -2.48 -3.01 -1.58 -1.57 -1.36 -1.08 -0.66 -2.61 
3.798 3.397 2.011 11.22 5.783 5.018 3.378 4.431 5.084 3.286 2.926 1.755 -1.68 -1.99 -2.75 -4.21 -3.91 -3.55 -3.53 -3.36 
70.20 39.88 24.96 18.07 14.12 12.31 8.623 6.609 8.205 7.194 7.464 8.764 7.826 7.067 4.592 4.248 4.379 4.407 4.319 5.139 
16.69 11.61 9.448 14.80 9.555 10.57 9.206 9.219 7.670 7.856 6.903 7.749 7.655 6.983 7.490 6.948 6.628 6.760 6.515 4.304 
-65.9 -32.9 -22.1 -15.3 -17.6 -14.1 -10.7 -9.64 -9.72 -9.00 -8.29 -4.47 -5.09 -4.47 -4.15 -1.86 -1.35 -2.36 -2.67 -2.29 
5.078 1.658 -1.93 4.613 3.646 -1.96 -6.19 -7.33 -5.97 -5.28 -4.80 -3.72 -3.52 -3.22 -1.13 -0.77 -1.59 -0.41 1.099 0.596 
-0.97 -8.12 -5.59 -8.68 0.983 1.941 2.999 0.463 0.147 0.113 0.464 -1.12 -0.96 -2.03 -1.37 -1.17 -1.10 -1.67 -1.61 -1.12 
-5.97 -16.0 -19.4 -14.3 -11.7 -12.0 -9.90 -5.00 -2.81 -4.78 -4.41 -3.95 -3.66 -3.49 -1.93 -2.59 -2.76 -0.86 -0.74 -0.68 
2.748 2.968 1.822 1.704 1.625 1.319 -0.29 -0.52 -1.06 0.012 2.241 2.365 -0.22 0.077 1.027 0.942 1.517 2.430 2.413 2.836 
-0.99 1.960 1.566 5.758 4.295 2.901 1.563 1.505 -0.22 -0.03 -1.51 -1.32 -1.31 -1.37 -1.08 -0.92 -1.88 -1.35 -1.96 -1.51 
-5.63 7.332 16.39 11.90 11.07 6.211 4.677 4.413 4.034 4.589 4.729 4.159 4.575 3.651 3.566 3.577 3.262 2.750 2.571 2.568 
-13.0 -28.0 -18.8 -14.1 -12.0 -10.5 -5.59 -5.18 -7.12 -6.40 -5.41 -5.50 -4.92 -4.04 -4.56 -4.26 -3.91 -6.67 -6.82 -6.88 
-1.89 -0.95 -0.14 -1.42 -0.38 -1.08 -0.77 -1.75 -1.49 -1.81 -1.62 -0.62 -0.97 -0.10 0.471 0.342 0.180 0.703 2.460 3.538 
10.77 8.240 6.085 4.826 4.286 2.854 1.584 1.588 1.914 3.744 3.737 3.500 2.641 2.328 2.008 2.256 2.483 0.661 0.688 -0.07 
0.133 -0.32 -11.6 -5.91 5.186 5.014 5.059 5.615 5.140 4.478 2.836 2.745 2.848 2.668 2.111 2.120 2.922 2.422 2.140 4.301 
-1.39 5.086 3.232 -2.61 -2.02 -1.02 -0.51 -0.56 1.425 -1.00 -1.74 -2.73 -2.63 -2.73 -1.67 -1.68 -1.40 -1.26 -2.66 -1.52 
13.72 7.210 3.526 5.378 5.011 4.379 5.739 4.609 3.924 3.909 4.014 1.437 1.349 1.778 2.963 3.761 4.145 4.369 4.728 4.298 
6.640 5.315 0.240 -0.16 2.574 0.312 -1.22 -1.92 -2.60 -2.29 -0.03 0.152 0.055 -0.57 -0.30 -1.34 -1.20 -1.14 -0.96 -0.78 
1.943 1.065 0.528 8.395 10.34 9.567 8.589 7.606 7.458 8.160 6.011 5.499 4.867 3.472 5.760 6.112 5.690 6.838 6.504 5.936 
5.997 -4.09 -2.64 -1.46 2.890 3.941 3.914 3.932 3.315 3.682 3.722 2.663 1.853 1.614 2.241 2.082 1.743 1.687 1.256 1.510 
8.028 -4.22 -1.48 -1.10 -4.35 -3.62 -4.85 -5.25 -5.22 -3.12 -2.22 -1.99 -1.65 -1.47 -1.38 -1.10 -1.25 -1.82 -1.65 -2.04 
23.19 10.24 4.299 3.788 3.728 0.488 -0.87 -0.80 0.740 4.013 3.420 2.881 2.415 2.566 2.836 2.656 2.352 1.130 0.874 0.882 
46.34 25.96 17.35 9.175 8.986 12.45 5.519 5.047 4.520 3.629 3.271 2.530 0.011 0.206 0.041 0.350 0.019 0.192 0.014 0.069 
9.631 5.845 6.228 4.796 3.850 3.527 3.022 3.331 4.534 3.593 6.777 4.875 4.778 4.412 5.227 4.448 4.113 3.606 3.428 3.132 
-1.25 -0.45 -0.05 -2.65 -3.31 -3.22 -2.23 -4.47 -4.24 -3.79 -4.03 -5.26 -4.72 -4.95 -4.83 -4.48 -3.71 -3.98 -3.59 -3.41 
-4.06 9.584 6.820 5.186 7.360 8.298 7.610 7.053 6.759 7.216 7.554 5.859 6.328 6.571 6.135 5.667 5.297 5.029 4.978 4.806 
-18.7 -7.79 -5.15 -3.82 -3.17 -4.36 -5.82 -3.97 -3.31 -3.41 -3.76 -3.46 -4.83 -4.51 -4.26 -5.15 -4.75 -4.19 -3.68 -2.76 
0.216 -16.9 -11.3 -0.22 3.023 3.235 2.978 2.805 1.873 1.702 1.468 1.002 2.755 2.773 2.407 2.223 2.131 2.104 1.887 1.815 
-15.1 -7.44 -9.92 -7.36 -3.97 -3.19 -6.64 -5.56 -4.62 -5.24 -4.37 -3.99 -2.86 -2.70 -3.18 -3.14 -2.98 -1.98 -2.05 -2.19 
20.99 12.17 6.288 4.536 5.371 3.771 2.387 2.233 1.780 0.773 1.066 2.840 2.662 -0.62 -0.52 -0.41 -0.15 -1.73 -1.92 -1.80 
-7.54 -6.10 -3.84 -6.33 -10.0 -8.61 -7.32 -8.57 -7.89 -5.85 -5.49 -5.88 -5.38 -5.34 -5.47 -4.80 -4.24 -4.00 -3.30 -3.23 
-17.8 -6.47 1.798 1.431 -6.58 -5.44 -4.93 -4.25 -2.01 -2.17 0.182 0.718 0.069 0.011 1.251 1.722 1.587 1.581 1.453 1.498 
8.223 8.087 -0.60 1.332 0.059 1.646 2.053 1.760 1.535 0.220 -0.26 -0.17 0.588 0.757 0.910 0.802 0.766 0.710 1.808 2.258 
0.678 -2.55 -1.71 13.95 10.71 8.361 7.133 5.067 4.507 3.686 3.512 3.752 1.502 1.973 2.018 1.850 1.675 2.034 2.023 2.331 
-9.84 -13.4 -2.59 -2.38 -1.39 -0.53 0.818 0.023 -4.00 -4.87 -4.30 -3.71 -3.23 -4.18 -3.91 -3.90 -3.44 -2.65 -2.70 -3.00 
-7.15 -3.99 -4.54 -3.43 -1.80 -2.84 -3.75 -3.49 -3.48 -3.86 -3.33 -2.96 -2.82 -2.51 -0.64 -0.47 -0.41 -0.36 -0.28 -0.87 
0.684 -3.50 -2.13 -1.93 -1.37 -0.08 -2.21 -3.09 -3.21 -3.43 -1.45 -0.72 -0.74 -0.72 -0.26 -0.16 0.228 0.210 -0.27 -0.27 
-2.24 -0.57 5.553 7.084 4.544 2.627 2.103 2.329 2.075 1.894 2.385 2.594 3.118 3.610 3.697 2.872 2.683 5.581 4.823 4.672 
-23.3 -12.1 -4.66 -3.62 -7.64 -6.58 -5.71 -4.24 -3.70 -4.28 -4.07 -3.24 -3.26 -3.53 -3.68 -3.40 -3.44 -3.15 -2.84 -2.63 
1.832 -0.50 1.205 3.845 2.835 2.492 2.934 2.545 2.439 3.257 0.449 -0.04 0.808 0.997 1.995 2.190 2.882 2.722 2.309 1.455 
-6.92 0.625 0.376 -0.16 0.011 -0.69 -0.68 1.429 0.914 0.827 0.632 1.077 0.488 0.283 0.523 0.480 0.402 0.484 0.850 0.967 
3.236 2.407 1.054 0.052 0.364 -1.15 -1.43 -1.73 -1.81 -2.34 -2.72 -2.65 -4.43 -4.18 -4.91 -5.17 -4.93 -5.66 -5.19 -6.18 
0.432 0.107 -0.06 -1.75 -4.08 -4.63 -3.96 -3.47 -4.21 -5.21 -4.67 -3.66 -3.77 -3.24 -2.93 -3.93 -3.90 -2.70 -2.84 -2.74 
-6.59 -14.7 -12.5 -11.2 -7.85 -7.76 -6.93 -5.27 -5.16 -3.68 -3.66 -3.32 -1.51 -1.43 -1.41 -1.12 -1.86 -1.58 -1.48 -1.38 
0.432 1.026 -2.17 -1.59 -2.00 -1.18 -0.79 0.459 0.406 -0.84 0.735 0.486 0.721 2.666 2.670 2.925 3.031 3.004 4.131 3.915 
-2.79 2.396 1.808 2.140 -1.81 -1.35 -1.22 -2.89 -1.26 -0.42 -0.39 -0.12 0.045 -2.35 -2.58 -2.42 -0.95 -1.23 -0.46 -0.52 
-7.11 -2.65 -1.77 -1.05 0.997 -0.53 -0.27 0.445 -0.19 1.001 1.392 1.100 1.828 1.601 1.821 1.576 2.235 2.464 2.223 2.152 
0.028 1.371 7.244 5.600 5.204 4.803 5.157 5.899 5.530 5.045 9.705 10.44 9.982 9.265 8.838 8.702 8.318 7.944 6.841 6.409 
0.150 5.731 1.379 -1.70 1.059 0.166 0.147 0.596 -0.01 -0.57 0.504 1.984 1.614 1.726 1.571 1.102 0.494 0.137 -0.25 -0.30 
1.594 -12.7 -8.49 -1.19 -0.68 -1.03 -0.98 -1.51 -1.30 -1.60 -2.00 -1.82 -2.64 -3.61 -4.57 -3.51 -3.33 -3.33 -3.50 -3.74 
3.052 -1.25 -4.06 -2.86 -1.93 -3.65 -3.13 -2.80 -2.94 -2.73 -1.42 -1.26 -1.56 -2.68 -2.56 -1.69 -1.51 -1.19 -1.00 -0.96 
-5.36 0.949 -0.28 0.066 0.127 0.660 0.217 -0.80 -1.04 -1.07 -1.29 -1.19 -1.13 -1.41 -1.78 -2.37 -2.21 -2.19 -1.44 -1.41 
-0.16 -2.08 0.146 0.978 1.555 3.029 4.060 5.189 4.586 3.768 3.499 3.047 2.762 2.568 2.316 2.057 1.218 1.717 1.529 1.397 
5.387 2.559 -5.50 -4.18 -4.78 -4.87 -3.84 -3.05 -2.75 -2.43 -1.46 -2.03 -1.68 -1.46 -1.38 -1.30 -1.72 -2.45 -2.22 -2.28 
-1.11 -1.53 -0.43 1.188 1.664 0.491 -0.21 -0.22 1.179 0.642 0.117 -0.53 -0.51 -0.76 -0.72 -1.99 -1.84 -1.60 -4.53 -4.76 
2.028 -0.40 -0.42 -2.09 -1.77 3.142 2.758 2.034 2.003 2.052 3.574 3.213 3.284 3.435 3.112 2.875 2.634 2.392 2.353 2.085 
-6.18 -3.64 -6.48 2.826 2.447 -0.48 -0.27 -0.24 -0.61 -0.57 -0.90 -0.93 -0.70 -0.78 -1.77 -1.14 0.065 -0.21 -0.10 -0.77 
1.796 0.641 -0.40 2.371 1.729 0.336 0.200 -0.31 -0.77 -0.88 -1.46 -1.72 -1.59 -1.47 0.120 0.193 0.839 0.845 0.954 1.143 
7.814 15.40 16.30 4.574 2.523 1.909 1.667 1.150 0.699 0.241 0.222 0.266 0.020 0.254 0.278 0.045 -0.37 -0.18 -0.28 -0.58 
12.26 24.65 17.12 12.36 11.31 9.126 3.588 3.468 3.057 2.755 2.401 2.666 4.150 5.762 5.122 5.208 4.466 4.189 3.981 3.926 
-3.15 -1.37 -0.85 -1.55 -0.40 -1.20 -2.16 -1.09 -0.67 0.119 0.944 1.156 1.662 1.197 2.286 2.131 1.962 1.906 1.874 2.310 
-9.93 -6.78 -6.15 -3.11 -4.35 -3.66 -1.20 -1.38 -2.14 0.199 0.459 0.352 -0.73 -0.97 -0.05 -0.09 0.195 0.984 0.928 0.360 
5.013 -2.55 0.305 0.368 0.154 -0.61 0.305 -0.10 0.149 1.090 1.415 -0.26 -0.07 0.818 0.635 0.529 0.329 0.260 0.238 -0.23 
-4.73 -2.37 -2.54 -1.91 -0.64 0.281 0.284 -0.04 -0.14 -0.05 -0.78 -0.15 -0.02 0.060 -1.34 -1.82 -1.54 -1.40 -1.26 -0.93 
1.694 1.559 0.806 0.209 1.255 2.194 1.959 1.581 0.965 1.537 2.046 1.920 1.576 1.344 -1.31 -1.23 -1.51 -1.51 -1.18 -0.93 
-1.10 -0.73 -3.21 -0.93 -0.53 0.064 -0.73 -0.51 -0.36 2.008 4.997 6.283 5.610 5.238 6.445 5.928 5.606 4.683 4.709 4.305 
0.664 -1.96 10.02 7.988 5.189 3.943 3.346 2.880 1.853 3.556 3.016 4.309 3.910 4.487 4.653 4.230 3.904 3.749 2.768 2.841 
6.079 9.150 5.286 2.772 3.361 1.723 1.313 2.130 1.690 1.400 0.294 0.197 0.222 0.846 0.848 1.322 1.940 1.771 2.230 2.014 
1.416 -0.60 8.237 2.259 3.671 3.125 2.737 2.302 3.787 3.262 3.158 3.010 2.795 0.918 -0.08 -0.44 -1.07 -0.96 -0.53 -0.51 
-1.32 -2.28 -2.85 -0.99 -0.70 -0.57 -1.71 -1.52 -0.52 -0.48 -0.64 -0.61 -0.59 -0.35 -0.60 -0.05 -0.15 0.280 0.361 0.132 
4.930 2.856 1.839 1.572 2.034 3.240 2.886 2.656 2.990 2.466 2.241 1.992 1.852 1.426 2.064 1.424 1.031 0.578 0.335 0.331 
-14.8 -5.45 -2.48 -2.34 -2.42 0.279 0.469 -1.20 -1.42 -1.33 -1.18 -1.11 -1.20 0.219 0.281 -0.08 -0.44 -0.38 0.144 -0.34 
-17.5 -9.80 -6.52 -2.65 -2.00 -1.76 -0.96 -0.89 -0.99 -1.46 -1.15 -0.80 -0.73 -1.16 -0.99 -0.79 -1.13 -1.07 -0.99 -2.47 
2.025 -0.69 1.375 1.817 1.504 0.673 -0.50 -0.43 0.239 -1.00 -0.91 -0.18 0.433 -0.16 -0.02 0.099 0.022 0.078 0.071 0.146 
0.058 2.451 2.684 1.183 0.447 0.134 -0.77 -0.62 -0.73 -0.69 -0.95 -1.20 -1.28 -1.50 -0.08 0.952 2.312 1.479 1.417 1.780 
1.962 2.367 2.075 1.731 0.394 0.384 4.067 4.105 3.472 2.783 2.603 2.099 1.929 1.309 1.190 0.769 0.926 0.288 0.248 0.223 
-5.99 -2.03 -3.08 -0.54 -0.87 -0.88 -0.79 -1.57 -1.52 -1.93 -1.14 -1.03 -1.16 -1.84 -2.01 -2.43 -2.13 -2.82 -3.02 -2.82 
3.334 -2.89 5.656 6.110 4.155 2.697 0.150 -0.44 -0.29 -0.23 -0.26 -0.27 -1.57 -1.52 -0.89 -0.86 -1.53 -2.27 -0.98 -0.94 
0.838 -1.07 -0.60 2.158 1.313 0.263 -0.36 -1.52 -1.91 -2.09 -1.73 -2.15 -2.00 -1.79 -1.57 -1.71 -1.12 -1.14 -0.94 -0.15 
13.67 4.101 2.623 3.071 2.296 1.614 0.105 -1.57 -1.37 -0.55 -0.53 -1.29 -1.77 -1.16 -1.25 -1.17 -1.05 -1.12 -1.36 -1.30 
30.91 15.33 5.845 3.004 2.400 0.048 -0.40 -0.48 -0.17 0.641 0.685 -0.32 -0.31 -0.65 -0.71 -0.52 -0.38 -0.38 -0.56 -0.33 
0.002 2.328 1.189 -3.04 -1.15 1.080 1.339 0.107 0.022 -0.36 0.009 -0.13 -0.44 -0.42 -0.21 -0.20 -0.18 -0.28 -0.11 -0.06 
-0.83 -2.47 -6.41 -4.57 -4.94 -4.40 -3.92 -2.35 -1.24 -1.38 -1.28 -1.34 -1.10 -1.04 -0.91 -0.90 -1.49 -1.52 -1.41 -1.37 
2.387 0.154 0.105 -2.75 -2.10 -2.10 -1.89 -1.54 -2.44 -2.14 -4.41 -3.98 -3.83 -3.31 -3.08 -2.87 -2.68 -2.30 -2.94 -2.66 
2.464 4.308 1.961 2.506 2.844 2.110 -0.40 0.728 0.781 0.402 -0.17 -0.15 -0.93 -0.81 -1.70 -1.56 -1.48 -2.08 -2.09 -2.00 
11.67 1.603 1.557 0.326 0.703 0.579 -0.07 -0.41 -0.73 -0.99 -0.76 -0.82 -0.13 -0.35 -0.28 -0.39 -0.93 -1.11 -0.91 -0.26 
-15.1 -6.52 -4.92 -2.08 -1.48 -0.88 -1.27 -0.58 -0.43 -0.89 -0.92 -1.00 -1.01 -1.13 -1.09 -0.36 -0.89 -1.09 -1.01 -0.90 
5.180 2.732 2.881 3.824 2.056 0.843 0.802 1.863 1.309 0.806 1.247 1.472 1.792 1.663 2.053 1.909 1.697 1.165 0.058 0.005 
0.232 2.551 3.933 0.202 3.112 1.559 2.561 0.846 0.796 1.062 1.006 0.171 -0.11 -0.34 -0.34 -0.45 -0.83 -0.78 -0.88 -1.30 
2.838 0.932 2.497 1.669 1.215 1.139 -0.36 0.686 0.361 -0.05 -0.28 0.062 0.031 0.064 -1.27 -1.58 -1.50 -1.49 -1.41 -2.12 
-6.00 -3.45 -2.29 1.277 3.343 2.470 2.473 2.263 1.434 1.182 1.049 1.205 -0.12 -0.28 -0.05 0.091 0.005 0.016 0.233 -0.10 
0.909 7.159 5.000 0.726 0.344 0.228 1.832 1.279 0.331 -0.04 -0.27 -0.20 -0.18 -0.21 -0.58 -0.40 -1.10 -0.67 -1.64 -1.66 
0.005 4.263 3.792 2.565 2.589 0.948 1.006 1.097 0.879 1.405 1.240 1.515 1.356 0.005 -0.00 -1.22 -1.14 -1.16 -1.19 -1.13 
2.554 2.268 -0.03 1.944 1.546 0.930 0.177 0.767 -0.02 -0.65 -0.28 -0.38 0.237 0.369 0.294 0.394 0.354 0.287 -0.13 -0.08 
-0.43 -2.23 -1.72 -3.21 -2.30 -2.75 -2.23 -3.26 -3.40 -2.60 -3.00 -2.77 -2.50 -2.35 -1.88 -2.01 -1.76 -1.83 -1.83 -1.41 
-1.89 0.029 -0.17 0.505 1.651 1.046 1.221 2.574 2.336 1.907 1.699 2.231 2.961 2.455 1.474 1.382 1.059 1.012 0.948 1.023 
1.517 1.734 3.671 3.756 2.932 2.582 2.341 1.637 1.679 2.180 2.099 1.915 1.673 1.436 1.330 1.317 1.433 0.314 -0.07 0.014 
-7.50 -5.98 -8.64 -6.76 -5.98 -4.88 -4.87 -3.50 -0.67 -0.80 -0.52 -0.23 -0.42 -0.20 0.000 0.077 0.144 0.168 0.551 0.084 
3.442 8.397 5.662 4.388 4.890 4.525 3.398 3.154 3.243 2.942 2.210 2.368 2.445 2.226 2.002 2.540 2.398 2.688 2.568 2.377 
-1.25 1.033 0.112 0.251 -0.82 1.709 -0.02 -0.88 -0.75 -2.09 -2.48 -3.15 -2.91 -2.75 -1.98 -1.94 -1.70 -1.76 -1.68 -1.64 
14.64 9.945 8.703 6.896 6.252 5.298 5.615 4.747 4.354 4.196 4.412 4.045 3.791 3.713 3.607 3.817 3.584 3.127 2.776 2.707 
-8.34 -6.15 -2.76 -2.03 -4.25 -4.79 -7.35 -6.45 -6.01 -7.83 -6.69 -5.92 -5.81 -5.29 -4.72 -4.20 -4.33 -3.99 -2.83 -2.85 
10.40 1.498 1.230 0.931 0.281 2.229 2.170 0.900 0.747 0.450 0.601 0.557 0.507 0.469 0.556 0.637 0.226 0.346 0.283 0.527 
-0.91 -2.63 -0.65 -0.39 1.230 0.737 1.890 1.830 2.144 1.426 1.463 1.452 1.343 1.148 0.839 0.196 -2.39 -2.37 -2.23 -2.13 
2.655 0.530 0.975 0.381 0.973 0.300 1.201 1.624 1.078 1.018 0.257 0.060 0.378 0.302 0.434 1.010 1.039 0.980 0.679 0.560 
-10.2 -5.26 -3.52 -0.72 -1.22 -0.73 -0.63 -0.94 -1.03 -1.44 -0.12 -0.35 -0.30 -0.23 -0.24 -0.04 -0.30 -0.26 -0.49 -0.51 
-0.53 2.698 2.057 2.204 1.830 1.761 0.353 -3.30 -2.77 -2.43 -1.32 -2.31 -2.03 -2.19 -1.93 -0.39 -0.42 -0.42 -0.28 -0.26 
3.126 -5.74 -4.10 -2.44 -3.48 -2.96 -2.65 -3.59 -3.11 -3.05 -3.04 -2.67 -2.16 -2.09 -1.99 -1.88 -1.74 -1.59 -1.50 -1.38 
-7.15 -5.25 -3.36 0.140 1.058 0.816 1.791 1.940 1.718 0.152 -0.01 0.328 0.454 1.014 1.189 1.072 1.225 1.115 1.091 0.257 
-12.5 -6.50 -3.10 -2.40 -5.23 -6.13 -3.76 -3.44 -3.28 -3.11 -2.65 -2.22 -1.89 -1.77 -1.82 -1.62 -1.16 -1.10 -1.21 -1.48 
-1.60 -0.05 -0.85 -5.01 -4.07 -3.43 -1.79 -1.86 -1.28 -1.08 -1.21 -1.37 -1.24 -1.99 -3.68 -3.03 -2.55 -2.52 -3.06 -2.42 
-5.40 -0.21 -1.75 -5.21 -5.39 -4.46 -5.24 -3.50 -3.30 -3.98 -3.61 -2.49 -2.33 -2.08 -1.68 -1.50 -1.75 -1.97 -1.96 -1.79 
0.052 -5.77 -3.73 -4.56 -3.99 -3.22 -3.07 -2.69 -2.18 -2.34 -2.31 -1.88 -2.42 -2.26 -1.96 -1.81 -1.70 -1.66 -1.59 -1.45 
-0.64 5.160 3.765 1.804 1.549 1.258 3.165 6.970 6.026 3.780 3.575 3.625 3.851 3.559 3.338 2.837 2.651 2.932 2.830 2.225 
-9.46 -4.71 -2.99 -2.90 -4.10 -2.96 -2.66 -3.32 -3.74 -2.68 -2.44 -2.11 -1.80 -1.52 -1.49 -1.40 -1.02 -1.09 -1.08 -0.89 
0.081 -17.7 -12.9 -9.37 -8.96 -6.49 -4.24 -3.93 -4.70 -3.15 -3.43 -3.25 -3.07 -3.38 -3.24 -3.20 -2.79 -2.75 -1.85 -1.70 
-16.4 -10.4 -5.75 -4.19 -6.04 -5.17 -4.42 -5.31 -4.70 -4.23 -4.00 -3.85 -3.86 -3.58 -3.46 -3.23 -3.24 -3.12 -2.86 -2.71 
-0.55 3.044 2.572 2.279 3.077 3.117 2.497 1.979 2.304 0.477 0.398 0.182 1.111 0.967 0.869 0.924 0.289 0.051 -0.14 -0.15 
12.88 5.820 3.959 2.986 3.603 1.809 2.105 2.573 2.338 2.097 2.041 2.068 0.847 1.154 1.281 0.680 0.731 0.644 0.644 0.777 
12.68 6.275 3.420 2.281 1.812 1.505 0.939 0.973 1.271 1.442 1.357 1.310 1.244 0.828 1.080 0.883 0.853 0.841 0.801 0.752 
-0.17 2.565 1.676 -1.09 -1.46 -1.39 -1.31 -1.69 -1.48 -2.52 -2.27 -2.23 -1.79 -2.02 -1.92 -1.46 -1.37 -1.24 -1.10 -1.33 
-11.3 -6.55 -4.37 -2.32 -1.70 0.049 -0.35 -0.09 1.373 1.313 0.643 0.506 0.259 -0.08 0.380 0.456 0.443 0.415 0.397 0.108 
-8.44 -4.78 -3.21 -1.88 1.083 1.479 1.020 1.377 1.341 1.204 1.660 0.895 0.746 0.046 -0.14 -0.17 -0.29 -0.74 -0.67 -0.62 
-0.19 0.210 -3.18 -2.34 -0.88 -0.96 -0.81 -1.04 -0.86 -0.66 -0.57 -0.26 -0.22 0.529 0.560 -0.22 -0.27 -1.02 -0.82 -0.63 
-0.04 -0.34 -0.89 -1.47 -1.45 -1.38 -1.18 -0.57 -0.43 -0.41 -0.30 -0.79 -0.92 -0.74 -0.37 0.319 0.295 0.331 -0.00 0.047 
3.914 1.975 1.153 1.146 0.824 2.693 2.021 1.688 1.578 1.396 1.994 1.652 1.589 1.485 1.188 -0.25 -0.67 -0.66 -0.67 -0.75 
-4.73 -2.96 -2.27 -2.71 -3.82 -3.40 -3.01 -1.96 -1.75 -1.98 -2.06 -0.62 -0.53 -0.50 -0.29 -0.35 -0.27 0.421 -0.30 -0.17 
4.660 1.904 1.466 0.939 3.341 3.209 4.211 2.438 1.954 1.764 1.687 1.065 0.836 1.011 1.261 1.406 1.323 1.011 0.604 0.276 
-1.06 -4.70 -3.83 -3.17 -1.68 -1.40 -1.08 -2.10 -2.00 -1.39 -0.98 -0.89 -0.90 -0.85 -1.57 -1.52 -1.18 -1.93 -2.09 -1.97 
-3.54 -1.59 -2.15 -3.55 -3.02 -2.30 -1.94 -2.01 -3.02 -1.92 -2.32 -1.00 -0.91 -0.04 -0.11 0.156 0.419 0.433 0.279 0.269 
-0.26 2.071 2.015 0.860 -2.10 0.032 0.294 -0.81 -0.46 -0.06 0.210 0.871 0.644 0.937 0.818 0.313 0.052 -0.01 -0.04 0.202 
-3.30 -1.76 -1.76 2.258 1.311 2.588 2.322 1.769 2.350 1.594 1.532 1.926 1.789 2.278 2.107 2.503 1.938 1.794 1.471 1.459 
0.007 0.539 -0.13 0.282 0.077 0.099 -0.51 -0.38 -0.37 -0.31 -0.49 -0.37 -0.38 -0.39 -0.45 -0.32 -0.53 -0.53 0.135 0.189 
-0.41 0.610 0.346 0.226 -0.56 -0.23 -0.46 -0.47 -0.51 -0.48 -0.42 -0.32 -0.20 -0.12 0.030 -0.28 -0.44 -0.75 -0.69 -0.20 
1.498 15.06 9.457 7.011 5.569 4.534 3.684 3.588 1.708 1.502 1.380 0.938 0.823 0.734 0.682 0.466 -0.07 -0.16 -0.18 0.020 
0.364 0.260 -0.32 0.182 -0.02 0.050 -0.00 -0.03 0.186 -2.37 -2.13 -1.89 -3.91 -3.82 -4.20 -3.91 -3.62 -3.37 -3.38 -2.24 
0.004 2.126 0.819 -0.05 0.289 2.184 2.331 1.986 1.967 1.140 -0.39 -0.75 -0.55 -0.74 -0.91 -0.38 -0.21 -0.06 0.007 0.300 
17.45 9.374 7.116 6.011 3.620 5.169 3.670 3.514 4.076 3.854 2.044 2.156 3.648 3.398 2.968 3.260 3.711 3.376 3.010 2.386 
-0.07 -13.4 -9.80 -7.04 -5.17 -2.98 -1.15 -1.15 -1.02 -3.02 -2.82 -2.70 -2.48 -2.32 -2.17 -1.93 -3.05 -2.45 -2.56 -2.32 
0.992 -3.07 -1.64 -1.14 -0.49 -0.63 0.249 0.053 0.562 0.489 0.388 0.321 0.374 1.415 1.098 1.161 1.443 1.385 1.172 1.263 
5.569 2.338 0.133 1.165 -4.17 -2.81 -2.36 -2.03 -1.97 -0.91 -0.63 -0.60 -0.46 -0.62 -0.58 -0.51 -0.48 -0.32 0.062 0.641 
-0.14 -0.55 0.149 -0.26 0.881 0.362 1.847 3.625 3.113 1.938 1.755 1.882 1.395 1.500 0.815 1.782 1.548 1.557 1.165 1.119 
0.894 1.011 0.156 -1.99 -3.07 -3.37 -2.63 -2.18 -1.14 -0.47 -0.24 -0.22 -0.07 -0.49 -0.18 -0.10 -0.06 -0.04 0.042 -0.19 
1.016 6.560 5.362 4.010 2.696 1.640 2.418 2.103 2.002 1.432 1.801 0.810 0.608 0.566 0.567 0.461 0.409 0.325 0.392 0.297 
5.608 2.828 2.393 1.581 4.382 2.852 3.238 2.751 2.434 1.998 1.944 2.498 2.356 1.790 1.810 1.918 2.246 2.117 1.628 1.809 
-2.24 -1.07 -1.20 -0.93 -0.77 -0.57 -0.82 -0.67 -0.23 -0.10 -0.18 -0.86 -0.73 -0.95 -1.37 -1.14 -0.94 -0.92 -0.86 -0.82 
-1.27 -4.41 -3.34 -4.09 -1.10 -0.62 -0.24 -0.24 -0.28 -0.26 -0.27 -0.26 0.571 -0.18 -1.20 -1.25 -0.96 -0.64 -0.73 -0.78 
1.188 7.472 2.479 2.451 1.943 2.557 2.124 4.173 3.684 3.758 3.541 2.360 2.628 3.220 2.616 2.385 2.143 2.203 2.164 1.830 
-5.41 -2.40 -2.82 -2.44 -2.44 0.412 0.260 0.098 -0.36 -0.33 -0.97 -0.83 -0.23 -0.17 0.344 -0.43 -0.27 -0.42 -0.44 -0.42 
-0.36 4.269 2.855 4.233 3.333 2.428 1.695 -2.55 -1.60 -1.40 -2.30 -2.11 -1.72 -1.17 -1.15 -0.95 -1.03 -0.96 -1.14 -0.94 
4.498 1.952 0.982 -4.98 -4.68 -2.52 -2.69 -2.49 -2.07 -1.62 -1.58 -2.21 -1.83 -1.69 -1.72 -1.93 -3.17 -3.14 -2.89 -2.74 
-2.78 -4.28 -3.13 -2.28 -2.23 -1.76 -1.49 -1.07 -1.65 -1.21 3.229 3.134 2.723 2.611 3.400 2.601 1.432 1.199 1.137 1.044 
-1.42 -0.49 0.546 0.317 0.192 -0.71 0.673 0.647 0.293 0.648 0.567 0.775 0.899 0.834 -1.08 -1.06 -1.14 -1.01 -1.13 -0.78 
-10.2 -5.64 -4.12 -2.97 -2.60 -2.39 -1.52 -1.33 -2.51 -2.40 -2.31 -2.81 -2.51 -1.27 -1.12 -1.04 -0.69 -1.10 -1.07 -1.18 
4.405 2.257 1.084 0.922 2.117 -0.56 -0.66 -0.53 -0.29 -2.06 -1.49 -1.47 -1.10 -1.52 -1.51 -1.52 -0.21 -0.58 -0.51 -0.58 
-3.41 0.471 -1.15 -1.66 -1.44 -0.86 -1.12 -0.63 -0.70 -0.58 -1.30 -1.75 -1.23 -1.14 -0.90 -1.34 -2.71 -2.42 -2.25 -2.13 
-2.25 1.534 1.269 0.247 -0.33 0.153 -0.37 -0.27 0.008 0.584 0.633 0.659 0.355 0.137 0.734 0.738 0.668 1.135 0.214 0.360 
1.842 -0.26 0.402 0.153 0.193 -0.25 -0.00 1.261 0.659 0.916 0.327 0.257 0.462 0.760 0.892 0.835 0.601 0.568 0.428 1.010 
2.901 -0.44 -0.29 -1.87 -1.34 0.951 0.764 1.387 1.265 1.768 2.265 2.239 1.873 1.847 3.239 3.625 4.518 4.241 3.816 3.640 
-1.75 -2.56 -0.99 0.188 1.195 3.072 2.049 1.823 1.609 1.286 1.004 0.133 0.222 -0.11 0.893 0.381 0.365 0.436 0.400 0.346 
0.943 0.684 0.746 2.804 0.652 0.114 -0.11 -0.58 -0.07 0.558 0.508 0.468 0.395 0.426 0.396 0.374 0.589 0.344 0.205 0.174 
-0.39 -1.66 -1.41 -1.50 1.442 1.737 0.032 0.021 -0.18 0.305 0.171 0.175 0.175 0.163 0.173 0.551 0.459 0.747 1.141 1.315 
4.074 2.101 1.451 0.764 0.431 -0.44 -0.68 -0.55 -0.41 -1.23 -1.69 -1.67 -1.47 -1.23 -1.15 -1.07 -1.02 -2.30 -2.15 -2.09 
0.983 0.549 0.044 0.623 0.455 2.106 1.955 2.009 0.508 0.411 0.260 -0.66 -0.74 -0.72 -0.73 -0.67 -0.74 -0.73 -0.90 -0.83 
-6.69 -4.25 -2.21 -0.22 0.007 -3.07 -2.58 -2.41 -2.27 -2.04 -0.84 -0.01 -0.14 -0.52 -0.49 -0.37 -0.52 -0.32 0.096 0.086 
-1.50 -0.33 1.455 0.763 0.283 0.311 -0.55 -0.39 -0.10 -0.03 0.308 0.275 1.077 0.960 0.949 0.778 0.753 0.638 0.944 0.825 
-0.85 -0.05 0.761 0.603 0.396 0.372 -0.20 -0.69 -0.94 -0.33 -0.56 -0.57 -0.52 -0.51 0.272 0.164 0.654 0.644 0.620 0.354 
-0.78 -0.58 -1.26 -0.67 -0.50 -0.67 -0.47 -0.52 -0.58 -0.92 -1.00 -0.52 -0.06 0.078 0.280 0.270 0.721 0.425 1.437 1.461 
-5.20 -4.31 -6.34 -3.37 -2.95 -3.39 -2.76 -2.52 -2.02 -1.96 -1.86 -1.82 -1.74 -1.57 -1.71 -1.59 -1.67 -1.47 -1.56 -2.01 
1.908 -1.81 -0.68 -0.24 -0.28 -1.39 -1.06 -0.48 -0.43 -0.63 -0.24 -0.06 0.354 0.608 0.526 0.421 0.895 0.648 0.961 1.137 
12.38 5.915 6.098 4.621 3.492 2.978 2.675 2.294 2.072 1.990 1.904 2.020 1.895 2.398 2.156 2.011 2.345 2.176 2.075 1.949 
-0.07 0.653 0.209 -0.06 -0.03 0.385 3.158 3.349 1.383 1.247 1.024 0.862 0.774 0.763 0.778 1.228 1.343 1.074 1.272 1.266 
3.047 0.387 0.662 1.788 1.447 0.123 0.080 0.101 -0.31 -1.10 -1.04 -1.22 -0.36 -0.22 -0.83 -0.76 0.219 0.206 0.186 -0.14 
-0.37 2.054 2.056 1.961 1.569 1.228 0.662 0.935 1.616 1.600 1.700 1.950 1.586 2.056 1.981 1.849 1.772 1.620 1.558 1.484 
1.780 1.156 0.675 -0.99 0.547 0.402 -0.17 -0.10 -0.69 -0.71 -0.59 -0.60 -0.93 -1.29 -1.22 -1.47 -1.39 -1.34 -1.24 -1.27 
-2.92 -1.53 -2.11 -1.30 -0.84 -0.68 -0.53 -0.98 -0.49 -0.23 0.605 0.040 0.074 -0.38 -0.48 -0.51 -0.62 -0.19 0.438 0.424 
-2.38 -0.45 -1.45 -4.18 -6.86 -5.20 -4.31 -6.47 -5.62 -4.62 -4.28 -3.80 -3.18 -3.62 -3.33 -3.12 -3.02 -3.04 -2.98 -2.73 
1.394 1.362 1.541 -0.42 -0.21 -0.65 -0.99 -0.91 0.390 0.354 0.151 0.266 0.299 0.353 0.325 0.302 0.282 -0.23 -0.15 -0.11 
6.265 1.040 -0.54 -0.45 -0.43 -0.40 -3.05 -2.72 -3.21 -2.60 -2.46 -2.56 -2.56 -2.34 -2.22 -2.17 -2.01 -1.92 -1.47 -1.36 
0.366 0.879 -0.53 -0.68 -0.03 -0.22 -1.64 -2.15 -2.14 -1.93 -1.61 -1.44 -1.46 -1.27 -1.24 -0.78 -0.87 -0.84 -0.72 -0.67 
0.531 1.573 1.571 0.799 0.976 0.338 0.279 0.304 -0.37 -0.34 -0.15 -0.00 0.004 0.046 0.060 -0.49 -0.12 -0.18 -0.15 -0.06 
0.223 1.479 0.973 0.051 -0.33 -0.24 -0.21 -0.06 -0.51 -0.46 -0.47 -0.61 -0.45 -0.55 -0.48 -0.43 -0.41 -0.39 0.017 0.059 
1.435 -0.33 -0.18 0.240 0.301 0.089 0.576 -0.65 -0.26 -0.12 -0.02 0.033 -0.08 -0.23 0.044 0.059 0.022 0.034 -0.51 -0.43 
0.238 -5.54 -3.39 -2.50 -2.02 -1.25 -0.67 -0.88 -0.95 -0.61 -0.06 -0.08 0.033 -0.59 -1.04 -0.32 -0.39 -0.30 -0.35 -0.42 
-5.67 -22.1 -16.6 -12.4 -10.0 -10.0 -9.46 -8.92 -8.40 -7.49 -6.95 -5.94 -5.54 -5.77 -5.59 -4.86 -4.61 -4.33 -4.42 -4.19 
1.050 2.853 0.482 0.388 0.144 0.181 0.408 0.897 -0.85 -0.48 -0.57 -0.47 0.944 0.877 0.815 0.912 0.730 0.627 0.584 0.305 
-0.13 -5.03 -3.61 -3.91 -3.37 -2.91 -2.44 -0.50 -0.45 -0.85 -0.70 -0.59 -0.15 -0.09 0.049 -0.02 -0.04 -0.61 -1.49 -1.41 
7.595 3.552 1.721 -0.21 -0.88 -0.91 -0.77 -0.78 -0.70 -0.64 0.418 0.326 0.499 0.340 -0.01 -0.11 -0.09 -0.19 -0.09 -0.14 
-0.44 -1.00 -0.80 0.534 0.269 0.207 0.121 0.751 1.253 0.262 -0.17 -0.55 -0.53 -0.29 -0.28 -0.30 -0.25 -0.07 -0.07 -0.12 
3.330 -0.23 -5.11 -3.55 -3.03 -2.50 -2.81 -2.54 -2.25 -1.58 -1.53 -1.15 -0.91 -0.98 -0.75 -0.25 -0.21 -0.22 -0.58 -0.59 
6.488 5.574 2.410 1.162 1.006 1.460 0.886 0.666 0.500 1.318 1.184 1.080 0.986 0.656 0.460 0.185 0.200 0.215 0.296 0.359 
-0.34 -6.83 -2.84 -4.83 -3.61 -3.62 -3.67 -3.20 -2.91 -3.02 -2.45 -1.59 -2.12 -1.87 -1.67 -1.62 -1.71 -1.51 -1.54 -1.43 
-0.01 -0.74 -0.62 -0.26 -0.72 1.399 0.872 0.670 0.673 -0.05 -0.00 -0.05 -0.04 0.403 0.319 0.318 0.264 0.306 0.275 0.254 
6.580 4.880 2.763 2.130 1.599 1.139 1.113 0.839 0.789 0.476 0.396 0.377 -0.54 -0.48 -0.43 -0.46 -0.41 -0.96 -0.97 -0.91 
0.032 1.156 0.777 0.930 0.898 0.633 0.420 0.354 1.275 1.129 1.006 0.919 0.839 0.895 0.085 0.081 0.110 -0.04 0.671 0.581 
0.433 -0.62 -3.10 -2.43 -2.40 -1.85 -1.52 -2.75 -3.09 -2.97 -2.87 -2.59 -2.54 -2.38 -2.24 -1.96 -1.93 -1.77 -1.79 -1.79 
-3.04 -1.37 -0.43 1.542 1.173 0.936 1.190 0.799 0.709 0.638 0.756 0.646 0.847 0.947 0.595 0.618 0.361 0.270 0.169 -0.19 
1.392 0.447 0.802 0.207 0.521 1.066 0.850 0.472 -0.70 -0.44 -0.31 -0.61 -1.03 -0.94 -0.88 -0.76 -0.72 -0.62 -0.61 -0.52 
-0.02 -0.34 0.716 1.729 1.484 1.167 1.082 0.543 0.565 1.065 0.901 2.293 2.266 2.151 2.312 2.155 1.792 1.990 1.874 1.744 
6.320 4.452 2.925 2.753 2.289 1.926 1.477 1.026 0.916 0.821 0.750 0.711 0.820 1.022 0.946 0.921 0.486 0.459 0.321 0.303 
-1.37 -0.68 -1.85 -2.30 -1.57 -1.25 -1.26 -0.30 -0.21 0.400 0.322 -0.00 -0.10 -0.09 -0.07 -0.07 -0.29 -0.37 -0.44 -0.41 
2.750 -1.27 -0.09 0.724 -1.42 -1.34 -1.04 -0.90 -0.93 0.458 0.691 0.650 0.713 0.674 0.392 0.340 0.154 0.235 0.349 0.310 
0.057 0.776 2.599 1.837 1.052 1.012 0.851 0.746 -0.17 0.168 -0.06 -0.39 -0.25 0.006 -0.00 0.059 -0.31 -0.29 -0.28 -0.18 
-1.40 -0.68 -0.45 -0.91 -0.67 -0.71 -0.63 -0.56 -0.49 -0.03 -0.80 -0.90 -0.76 -1.41 -1.29 -1.56 -1.47 -1.43 -1.70 -1.68 
-2.19 -1.04 -0.41 -0.26 -0.35 1.932 1.430 1.244 1.030 0.630 0.739 0.684 0.665 0.712 0.735 1.152 0.846 0.559 0.442 0.527 
-0.82 -1.82 -2.47 -1.10 -1.20 -1.03 -0.80 -0.77 -0.43 -0.39 -1.13 -0.80 -0.57 -0.53 0.313 0.217 0.194 0.252 0.479 0.420 
6.211 3.493 2.951 2.303 3.408 2.893 2.844 2.444 2.046 1.431 1.280 1.060 1.662 0.736 0.664 0.371 0.695 0.547 0.447 0.442 
2.099 -1.84 -1.46 0.094 -0.26 0.315 0.793 0.861 1.101 0.918 0.048 -1.09 -1.01 -1.09 -1.14 -1.09 -1.07 -1.03 -0.84 -0.85 
6.621 3.870 1.369 1.058 2.110 1.613 1.257 0.864 1.172 1.322 1.371 0.903 1.175 1.104 0.879 0.719 1.032 0.996 0.977 1.067 
2.971 3.944 2.604 1.466 1.297 1.005 0.189 -0.41 -0.34 -0.91 -0.84 -1.22 -1.85 -1.71 -1.80 -1.66 -1.83 -1.73 -1.64 -1.56 
-7.29 -5.68 -2.71 -2.45 -2.38 -2.20 -3.37 -2.09 -1.80 -2.20 -3.09 -2.82 -2.90 -2.59 -2.41 -2.25 -2.11 -2.06 -2.07 -2.00 
-0.03 -1.84 2.179 6.146 5.267 4.395 3.666 3.203 3.050 2.801 2.547 2.338 2.033 1.805 1.687 1.642 1.518 1.454 1.367 1.123 
7.788 0.895 0.262 0.472 -0.75 -0.68 0.241 0.195 0.023 0.021 -0.28 -0.13 -0.22 -0.76 -0.70 -0.60 -0.40 -0.36 -0.46 -0.44 
-0.38 -0.34 -1.77 -0.62 -0.82 -0.59 0.789 0.122 0.231 0.093 -0.03 0.397 0.343 0.295 0.295 0.241 -0.06 0.198 -0.06 -0.20 
-7.39 -4.08 -2.80 -1.48 -1.26 -1.53 -0.60 0.424 0.418 0.500 0.346 0.188 0.143 0.167 -0.04 0.049 0.004 0.015 0.014 0.451 
3.403 4.414 4.181 2.951 2.439 2.211 1.831 1.665 1.456 1.312 0.893 0.655 0.588 0.564 0.932 0.234 0.122 -0.33 -0.16 0.057 
3.414 3.098 3.092 2.585 2.163 1.792 -0.84 -0.71 -0.21 -0.10 -0.00 0.981 1.270 1.073 0.771 0.731 0.365 0.848 0.783 0.754 
2.397 0.366 -0.92 -0.71 -0.92 -1.11 -1.05 -1.02 -1.30 -1.22 -1.88 -1.57 -1.69 -1.61 -0.78 -1.90 -1.59 -1.33 -1.52 -1.60 
-0.94 0.643 -0.25 1.192 0.941 1.644 1.360 0.910 0.725 0.643 0.681 0.292 0.250 0.622 0.607 0.576 0.505 0.449 0.325 0.514 
-2.81 -1.41 -0.94 -0.57 -1.62 -1.38 -1.20 -0.43 -0.57 -0.92 -0.39 -0.20 -0.19 -0.35 -0.21 -0.17 -0.23 0.070 -0.33 -0.31 
1.519 -0.31 -0.17 -0.04 0.111 -0.52 -0.38 -0.33 -0.26 -0.04 -0.19 -0.12 0.204 0.194 0.439 0.399 0.390 0.473 0.438 0.404 
-0.65 -2.18 -1.61 -0.65 2.312 1.486 1.124 1.828 1.273 0.907 0.890 1.141 1.228 0.831 0.676 0.575 0.622 0.609 0.557 0.373 
-2.95 -0.44 -2.56 -1.68 -2.26 -2.08 -1.34 -1.24 -1.43 -1.31 -1.15 -1.31 -1.13 -1.14 -0.97 -0.94 -1.16 -1.04 -0.99 -0.59 
6.721 2.992 1.897 1.698 1.646 1.652 0.740 1.487 1.298 3.310 3.025 2.601 2.360 2.152 2.220 2.090 1.919 1.868 1.779 1.698 
-0.08 0.820 1.169 0.989 0.836 0.772 0.650 0.580 0.069 -0.00 0.500 0.302 0.237 0.294 0.250 0.249 0.113 0.028 0.082 -0.21 
-0.81 -0.50 -0.13 -0.22 -0.78 -0.80 -0.61 0.069 0.182 0.166 0.390 0.821 0.935 1.455 1.314 1.279 1.208 1.168 1.067 1.057 
-2.59 -1.46 -0.55 -0.00 0.658 0.664 0.366 -0.00 0.186 0.047 -0.00 0.152 0.040 -0.04 -0.04 -0.38 -0.36 -0.46 -0.45 -0.45 
3.533 1.217 0.848 0.561 0.343 0.515 0.416 0.264 0.337 0.145 -0.11 0.002 -0.12 -0.12 0.062 -0.77 -0.73 -0.68 -0.75 -0.71 
3.082 3.814 2.352 0.818 0.265 0.467 0.242 0.129 -0.14 -0.12 -0.04 -0.32 -0.36 -0.49 -0.22 -0.22 -0.20 -0.18 -0.29 -0.27 
-0.70 -0.49 1.021 0.366 0.002 0.593 0.700 0.045 -0.08 0.220 0.130 0.057 -0.00 -0.20 -0.17 0.236 0.241 0.236 0.779 0.759 
-0.15 -0.44 -0.20 0.307 -0.10 -0.08 0.089 -0.01 -0.26 -0.24 0.141 0.693 0.220 0.168 0.106 0.257 0.489 0.215 0.313 0.191 
0.503 0.381 1.012 0.870 2.499 2.051 2.200 1.945 1.753 1.452 1.423 0.884 1.180 0.908 1.216 1.338 1.323 1.392 1.308 0.927 
2.401 1.940 0.978 -0.69 -0.07 -0.06 -0.06 0.128 0.325 -0.03 -0.06 -0.06 -0.05 0.120 0.159 0.045 0.015 -0.09 -0.24 -0.30 
0.052 0.112 1.667 1.247 0.907 0.673 -0.08 -0.29 -0.38 -0.35 -0.32 -0.36 -0.44 -0.40 -0.34 -0.26 -0.18 0.081 0.148 -0.28 
-0.30 -1.31 -1.08 -0.35 -0.42 0.199 0.170 0.349 0.336 0.263 0.151 0.316 0.340 0.191 0.246 0.437 0.376 0.320 0.263 0.250 
-5.62 -3.48 -2.29 -2.13 -1.57 -1.05 -1.01 -0.89 -0.78 -0.69 -0.63 -0.30 -0.25 -0.17 -0.24 -0.19 -0.11 -0.12 -0.09 -0.22 
-0.73 -0.76 -0.59 -0.92 -0.71 0.688 0.084 -0.57 -0.78 -0.83 -0.81 -0.45 -0.20 -0.36 -0.22 -0.22 -0.14 -0.18 -0.16 -0.36 
2.205 1.566 1.051 0.360 2.392 2.004 1.599 1.536 1.536 1.484 1.124 1.044 0.956 0.585 0.353 0.240 0.185 0.199 0.201 0.223 
-0.27 1.142 0.340 -0.09 0.014 -0.42 -0.46 -0.66 -0.33 -0.32 -0.26 -0.31 -0.59 -0.51 -0.76 -1.27 -1.05 -0.90 -0.84 -1.00 
3.333 0.557 -0.51 0.187 1.159 0.748 0.106 0.246 0.172 -0.00 -0.02 0.156 0.153 0.135 0.124 0.130 0.042 -0.00 -0.03 -0.23 
3.099 2.851 1.695 0.338 0.485 0.551 0.835 0.692 0.524 0.450 0.352 0.343 0.276 0.343 0.314 0.311 0.412 0.157 0.323 0.476 
-0.09 -0.25 1.444 0.850 0.798 0.556 0.520 -0.18 0.080 -0.50 -0.65 -0.59 -0.46 -0.95 -0.87 -0.78 -0.80 -0.66 -0.43 -0.30 
-2.79 -1.40 -0.17 -0.65 -0.88 -0.21 -0.55 -0.90 -0.91 -0.52 -0.65 -0.40 -0.39 -0.47 -0.53 -0.46 0.161 0.113 0.039 0.016 
-0.82 -2.66 -2.47 -2.46 -2.15 -2.09 -2.48 -1.94 -1.22 -0.03 -0.07 -0.23 -0.31 -0.49 -0.44 -0.24 -0.45 -0.68 -0.68 -0.76 
-3.40 -3.12 -0.98 -0.65 -0.59 -0.56 -0.48 -0.41 -0.29 -0.25 0.242 -0.66 -0.49 -0.76 -0.56 -0.75 -0.71 -0.68 -0.51 -0.48 
1.103 0.252 -0.06 -0.34 -0.85 -1.10 -0.97 -0.78 -0.61 -0.38 0.059 0.155 0.372 0.396 0.333 0.313 0.117 0.122 0.002 0.062 
1.267 1.165 0.338 1.196 1.179 0.901 0.770 0.649 1.631 1.033 0.641 0.659 0.256 -0.22 -0.09 -0.10 -0.35 -0.28 -0.40 -0.11 
6.446 3.180 1.142 -0.15 -0.13 -0.87 -1.42 -1.52 -1.07 -1.99 -1.75 -1.70 -1.57 -1.49 -1.37 -0.87 -0.73 -0.57 -0.78 -0.75 
-1.44 -0.67 -2.44 -2.22 -1.86 -1.91 -1.12 -1.19 -1.32 -1.26 -0.96 -1.02 -1.03 -0.95 -1.40 -1.97 -1.78 -1.63 -1.54 -1.27 
1.239 0.704 -0.56 0.189 -0.04 -0.17 0.050 -0.36 -0.29 -0.13 -0.08 -0.12 -0.11 -0.14 -0.31 -0.34 -0.56 -0.53 -0.52 -0.39 
-6.68 -4.02 -2.61 -2.73 -2.30 -1.89 -1.94 -1.56 -1.24 -1.05 -0.94 -1.16 -0.97 -0.85 -0.92 -0.83 -0.89 -0.85 -0.76 -0.73 
3.645 -1.32 -0.20 0.057 0.081 0.535 0.739 0.674 0.529 0.543 0.328 0.109 -0.19 -0.36 -0.25 -0.16 -0.18 -0.45 -0.42 -0.36 
0.405 1.622 1.309 -0.30 -0.20 -0.99 -0.97 -1.10 -1.21 -0.93 -0.74 0.099 0.030 0.039 0.036 0.205 0.630 0.506 0.575 0.404 
0.017 1.628 0.332 1.105 0.956 1.568 1.325 1.053 0.535 0.887 0.921 1.161 0.802 1.052 1.112 0.228 0.221 0.239 0.317 0.361 
-1.32 -2.28 -1.43 -0.94 -3.85 -3.36 -2.49 -1.66 -1.41 -0.89 -0.84 -0.92 -0.32 -0.34 -0.33 -0.00 0.038 0.123 0.223 0.173 
-2.12 -3.95 -2.61 -1.97 -1.75 -1.50 -1.18 -1.02 -0.79 0.453 0.152 0.193 0.137 0.044 -0.00 -0.00 0.019 0.040 0.001 0.079 
-0.92 0.001 -0.23 -1.09 -0.91 -0.77 -1.36 -1.21 -1.00 -1.02 -0.55 -1.08 -0.95 -1.00 -0.98 -0.75 -0.71 -1.04 -1.12 -0.59 
0.216 0.602 0.015 0.202 0.310 0.244 0.688 0.585 0.428 0.484 0.435 0.475 0.539 0.524 0.561 0.519 0.513 0.507 0.531 0.533 
0.069 0.732 2.397 1.742 1.290 0.904 0.900 0.694 0.602 0.625 0.533 0.593 0.527 0.458 -0.16 -0.06 -0.13 -0.12 -0.09 -0.33 
-0.20 -1.14 -1.43 -1.08 -0.28 -0.08 -0.06 -0.06 -0.47 -0.64 -0.56 -0.09 0.122 0.080 0.200 0.161 0.015 0.060 0.320 0.067 
-1.19 -0.99 -0.60 -0.50 -1.52 -1.40 -0.63 -0.60 -0.80 -0.72 -0.35 -0.65 -0.19 -0.15 -0.07 0.022 0.402 0.368 0.265 0.639 
-0.04 -0.76 -1.86 0.658 -0.14 -0.28 0.125 0.371 0.294 0.209 0.354 0.500 0.542 0.408 0.528 0.484 0.357 0.094 0.091 0.195 
-0.72 0.455 0.253 0.203 0.230 0.032 0.035 0.047 0.118 -0.09 0.054 0.122 0.249 0.210 0.247 0.419 0.430 0.651 0.480 0.137 
-0.84 -0.86 -1.51 -0.25 0.146 0.001 0.441 0.782 0.815 0.682 0.647 0.531 0.450 0.514 0.652 0.367 0.348 0.363 0.427 0.467 
-0.69 -0.36 -0.92 -0.85 -0.44 -0.32 0.150 0.494 0.563 0.038 0.010 -0.52 -0.27 -0.19 -0.21 -0.14 -0.03 0.033 -0.05 -0.12 
-3.85 -5.32 -3.74 -2.85 -1.83 -1.10 -0.17 -2.32 -2.27 -2.27 -2.08 -1.69 -1.46 -1.11 -1.10 -0.90 -0.74 -0.48 -0.56 -0.38 
-1.82 -3.47 -3.11 -2.11 -1.63 -1.90 -1.61 -1.31 -1.69 -0.03 -0.25 -0.32 -0.35 -0.46 -0.47 -0.92 -0.55 -0.89 -0.85 -0.84 
1.997 1.070 0.250 -0.36 -0.33 -0.41 -0.35 -0.53 -1.17 -1.65 -1.71 -1.47 -1.39 -1.44 -1.53 -1.47 -1.39 -1.20 -1.17 -0.88 
0.049 0.027 -0.45 -0.70 -0.78 -0.64 -0.33 -0.35 -0.46 -0.58 -0.32 0.109 0.189 0.173 0.158 0.146 0.126 0.158 0.202 0.287 
0.470 0.226 0.384 0.422 0.621 0.080 0.177 0.334 -0.20 -0.15 -0.56 -0.62 -0.56 -0.56 -0.48 -0.48 -0.67 -0.69 -0.64 -0.59 
2.024 -1.06 -0.87 -0.66 -0.10 -1.33 -1.26 -1.15 -0.41 -0.23 -0.24 -0.18 0.029 -0.00 -0.15 -0.23 -0.36 -0.47 -0.46 -0.47 
1.150 0.792 0.581 -0.19 -0.40 -0.75 -1.81 -1.52 -0.95 -1.21 -1.08 -1.09 -0.82 -0.54 -0.62 -0.30 -0.25 -0.30 -0.66 -0.66 
0.241 -1.45 -1.34 -0.94 -0.42 0.059 0.231 -0.23 -0.22 -0.93 -0.83 -0.73 -0.47 -0.52 -0.48 -0.44 -0.43 -0.44 -0.62 -0.37 
-0.22 0.313 0.078 0.070 -0.03 -0.51 -0.21 -0.13 0.007 0.006 0.007 0.091 0.150 0.119 0.161 -0.31 -0.25 -0.20 -0.22 -0.20 
-3.80 -1.95 -1.16 -1.03 -0.77 -1.39 -0.87 -0.78 -0.53 -0.48 -0.44 -0.47 -0.74 -0.74 -0.69 -0.65 -0.59 -1.15 -0.91 -0.84 
-2.16 -0.92 -0.73 -0.59 1.609 1.007 0.773 0.638 0.587 0.545 0.574 0.380 0.440 0.412 0.379 0.294 0.318 0.424 0.599 0.606 
2.116 0.814 -2.93 -2.41 -1.98 -2.36 -2.02 -1.79 -1.64 -1.48 -1.21 -1.17 -1.10 -1.01 -0.98 -0.90 -0.78 -0.73 -0.70 -0.56 
0.893 1.021 0.759 -1.61 -0.81 -0.15 -0.16 -0.30 -0.13 0.007 0.171 0.181 0.036 -0.27 -0.38 -0.20 -0.18 -0.07 -0.03 -0.02 
-0.35 -0.25 0.090 -0.03 -1.29 -1.05 -0.99 -0.89 -2.00 -1.99 -1.68 -1.53 -1.50 -1.03 -0.78 -0.56 -0.40 -0.38 -0.36 -0.33 
-13.7 -7.95 -4.13 -2.74 -1.93 -1.46 -1.35 -1.15 -1.03 -0.61 -0.56 -0.29 -0.26 0.277 0.211 -0.29 -0.26 -0.57 -0.58 -0.57 
0.912 -3.91 -2.67 -0.60 -0.78 -0.60 0.275 0.190 -0.07 -0.32 -0.36 -0.42 -0.44 -0.27 -0.21 -0.07 -0.13 -0.05 -0.30 -0.28 
0.525 0.397 -2.83 -2.17 -1.95 -0.92 -1.80 -1.53 -1.15 -0.94 -0.95 -0.89 -0.80 -0.74 -0.64 -0.53 -0.52 -0.58 -0.39 -0.50 
-0.06 -1.39 -0.90 1.614 0.823 2.279 2.185 2.000 1.776 1.693 1.447 1.341 1.404 1.278 1.235 1.170 1.050 0.891 0.882 0.383 
0.364 4.803 3.456 3.645 2.951 2.385 0.572 0.263 -0.17 -0.20 -0.18 -0.08 0.385 0.430 0.363 0.289 -0.11 -0.15 -0.23 -0.20 
-0.64 1.653 1.611 1.261 1.377 1.191 1.118 0.989 0.926 1.154 0.989 1.355 1.279 1.193 1.709 1.685 1.464 1.441 1.185 1.117 
-2.56 -1.56 -1.03 -0.48 -0.46 0.303 0.497 0.592 0.567 0.588 0.367 0.591 0.572 0.586 0.519 0.421 0.275 0.114 0.413 0.461 
1.310 0.663 0.024 0.232 1.187 0.739 0.940 0.931 0.129 0.881 0.885 0.513 0.313 0.223 0.243 0.449 0.279 0.223 0.277 0.318 
-2.17 -0.11 -0.06 -0.13 -0.19 -0.17 0.681 -0.09 -0.05 -0.05 -0.07 -0.05 -0.07 0.118 0.173 -0.09 -0.00 -0.80 -0.77 -0.66 
1.874 -1.70 -1.22 -0.66 -0.42 -1.47 -1.35 -1.13 -1.34 -0.86 -0.76 -0.73 -1.15 -1.24 -1.36 -1.14 -0.75 -0.74 -0.68 -0.64 
-0.07 -0.00 1.038 0.470 0.194 0.221 0.164 0.078 -0.25 -0.23 -0.14 -0.20 -0.09 0.025 0.044 0.216 0.205 0.145 0.203 0.244 
0.994 0.055 0.657 0.458 0.057 0.173 0.262 0.213 0.146 0.145 0.105 -0.00 -0.09 -0.10 -0.20 -0.19 -0.33 -0.34 -0.36 -0.42 
-0.02 -0.23 -0.91 -1.43 -1.29 0.819 0.703 0.705 0.606 0.562 0.359 0.311 0.431 0.588 0.465 0.496 0.488 0.395 0.422 0.313 
-0.37 0.153 -0.48 -0.97 -0.70 -0.50 -0.31 -0.17 -0.19 -0.12 -0.03 0.041 0.029 -0.04 -0.04 -0.21 -0.17 -0.08 -0.03 -0.02 
0.108 0.290 0.798 1.007 0.844 0.228 0.315 0.630 0.650 1.647 1.407 1.335 1.500 1.394 1.300 1.207 0.940 0.835 0.315 0.201 
3.010 3.294 2.459 2.348 1.216 1.521 1.252 1.059 0.951 0.848 0.620 0.507 0.441 0.541 0.561 0.697 0.693 0.711 0.834 0.802 
-0.20 4.583 4.823 4.137 3.593 3.046 2.520 2.929 2.107 1.339 1.125 1.256 0.767 0.608 0.504 0.586 0.458 0.291 0.070 0.137 
0.240 0.044 0.743 -0.36 -0.80 -0.93 -1.28 -1.07 -1.08 -1.05 -0.99 -0.86 -0.86 -0.85 -0.77 -1.05 -1.15 -0.91 -0.81 -0.76 
0.057 1.998 1.395 1.641 1.545 1.412 1.227 1.534 1.473 1.461 1.249 1.190 0.981 0.971 0.924 0.934 0.875 0.627 0.595 0.545 
0.346 0.157 0.036 0.526 1.820 1.495 3.036 2.977 2.309 1.861 1.493 1.467 1.280 1.247 0.907 0.878 0.787 0.841 0.765 0.720 
-0.75 -0.27 -0.13 0.081 -0.02 -0.02 -0.21 0.051 -0.43 -0.35 -0.28 -0.49 -0.30 -0.16 -0.18 -0.24 -0.51 -0.51 -0.54 -0.52 
5.546 0.589 0.725 0.414 0.877 0.634 0.513 1.375 0.492 0.384 0.350 0.177 0.302 0.270 0.118 0.246 1.100 1.048 0.933 0.889 
0.228 1.317 0.859 -0.56 -0.87 -0.45 -0.71 -0.65 0.669 0.784 0.582 1.218 1.408 1.322 1.501 1.424 1.252 1.155 1.276 1.223 
-1.11 -0.27 0.754 0.857 1.438 1.789 2.357 1.945 1.033 1.024 0.916 0.871 0.788 0.717 0.660 0.564 0.563 0.533 0.371 0.351 
0.641 1.059 1.560 1.015 1.784 1.931 1.598 1.201 1.115 0.547 0.338 0.080 0.064 0.058 -0.30 -0.21 -0.12 -0.15 -0.12 -0.27 
1.200 0.448 1.192 2.043 1.439 1.596 1.674 0.665 0.590 0.932 0.956 0.847 0.773 0.468 0.426 0.404 0.395 0.313 0.208 0.199 
-4.90 -0.70 -0.52 -2.53 -1.75 -1.24 -1.25 -0.63 -0.62 -0.63 -0.55 -0.29 -0.32 -0.07 -0.24 -0.09 -0.09 0.003 0.065 0.051 
-0.40 -0.32 -0.15 0.503 0.394 0.170 0.152 0.540 0.513 0.305 0.243 0.432 0.582 0.547 0.522 0.567 0.531 0.514 0.575 0.550 
0.610 0.100 0.077 -0.26 -1.23 -1.33 -1.77 -1.55 -1.75 -1.93 -1.81 -1.43 -1.08 -1.27 -1.43 -1.43 -1.35 -1.29 -1.04 -0.99 
0.458 4.179 2.385 1.128 0.416 1.851 1.590 1.460 1.385 1.357 1.369 1.449 1.255 1.172 1.212 1.144 0.811 0.751 0.702 0.649 
-1.95 -4.26 -1.75 -1.89 -1.41 -0.02 -0.12 0.051 0.227 0.351 0.261 0.187 0.457 0.107 0.430 0.415 0.421 0.351 0.337 0.151 
0.970 0.688 0.295 0.190 -0.43 -0.57 -0.85 -0.49 -0.46 -1.40 -1.28 -1.20 -1.08 -1.21 -1.17 -1.31 -1.22 -1.21 -1.06 -1.11 
-2.09 -2.21 -1.53 -1.20 -0.72 -0.81 0.061 -0.27 -0.43 -0.48 -0.40 0.089 0.109 -0.00 -0.02 -0.07 -0.27 -0.26 -0.66 -0.45 
0.495 0.325 0.019 -1.94 -1.51 -1.28 -1.26 0.095 -0.00 -0.00 -0.19 -0.12 -0.29 -0.28 -0.11 0.176 0.894 1.005 0.893 0.719 
6.907 3.451 3.211 1.644 2.344 1.970 0.432 0.699 0.752 0.737 0.659 0.540 0.500 0.528 0.366 0.424 0.442 0.426 0.081 0.663 
0.959 0.017 -0.54 -0.76 -0.53 0.418 0.228 0.127 -0.42 -0.35 -0.57 -0.78 -0.75 -0.70 -0.67 -0.50 -0.47 -0.25 -0.20 -0.28 
0.094 -0.77 -0.18 -0.54 -0.45 -0.01 -0.03 -0.14 -0.00 0.149 -0.16 -0.41 -0.35 -0.39 -0.30 -0.29 -0.49 -0.42 -0.43 -0.34 
1.196 0.395 -0.17 -0.31 -0.05 -0.29 -0.52 -0.63 0.038 0.253 0.237 0.267 0.352 0.312 0.306 -0.16 -0.13 -0.00 0.042 0.009 
2.500 1.370 0.995 1.026 0.511 0.578 0.361 0.492 0.369 0.334 1.218 1.203 1.043 0.798 0.206 -0.04 -0.07 -0.75 -0.70 -0.66 
1.487 2.088 2.896 2.135 3.074 3.483 3.302 2.993 2.630 2.390 2.332 2.080 1.971 1.599 1.502 1.049 0.929 0.981 1.170 1.123 
0.660 0.693 0.508 0.712 0.660 1.168 2.806 3.958 3.469 3.119 2.835 2.449 2.470 2.168 2.235 2.039 2.125 1.988 1.945 1.893 
1.291 0.777 0.061 -0.18 -0.20 -0.22 -0.72 -0.20 -0.18 -0.23 -0.36 -0.48 -0.57 -0.40 -0.35 -0.13 -0.11 -0.07 -0.18 -0.18 
-2.15 -1.36 -0.22 -1.19 0.702 0.391 0.726 0.732 0.243 0.232 0.229 0.274 0.292 0.275 0.182 0.271 0.205 0.127 -0.02 -0.21 
1.322 1.569 0.892 0.506 0.734 0.609 0.255 0.045 0.099 0.062 0.054 -0.06 -0.02 -0.04 -0.04 0.119 0.309 0.344 0.349 0.320 
0.037 -0.57 -0.33 0.612 0.366 0.673 0.608 0.493 0.406 0.799 0.864 0.936 0.032 0.112 0.063 -0.43 0.196 0.305 0.181 0.164 
-1.90 -1.67 -0.36 0.569 1.208 0.616 0.596 0.512 -2.02 -1.93 -1.94 -1.64 -1.67 -1.58 -1.34 -1.19 -1.20 -1.13 -1.08 -0.99 
1.075 1.682 0.623 1.066 0.523 0.433 0.261 0.270 0.234 0.118 0.087 0.089 -0.15 -0.11 0.427 0.390 0.340 0.392 0.377 0.332 
-1.12 -2.38 -3.32 -2.31 -1.88 -1.29 -0.03 -0.03 0.073 0.216 0.433 0.244 0.199 0.380 0.192 0.043 0.097 0.059 0.127 0.132 
-2.07 -0.77 -0.33 -0.75 0.269 0.077 0.649 0.571 0.453 0.695 0.602 0.569 0.418 0.389 0.479 0.370 0.260 0.198 -0.01 -0.00 
0.092 1.153 0.962 -0.02 0.578 0.363 0.334 0.293 0.221 0.196 0.504 0.462 0.725 0.678 1.111 0.955 0.575 0.550 0.510 0.421 
0.697 -0.01 -0.05 0.103 -0.08 -0.78 -0.76 -0.68 -0.65 -0.57 -0.70 -0.57 -0.49 -0.41 -0.36 -0.51 -0.48 -0.47 -0.43 -0.47 
2.060 1.748 0.844 0.581 0.498 0.182 0.404 0.593 0.696 0.503 0.419 0.354 0.332 0.165 0.511 0.514 0.415 0.409 0.564 0.483 
0.193 0.516 1.507 1.022 0.763 0.781 1.194 1.205 1.235 1.101 0.950 0.932 0.738 0.686 0.657 0.815 0.753 0.873 0.701 0.639 
0.005 -0.29 -0.25 -0.15 -0.36 -0.38 -0.85 -0.74 -0.53 -0.51 -0.49 -0.22 -0.22 -0.18 -0.23 -0.25 -0.18 -0.41 -0.39 -0.37 
0.801 2.882 2.371 1.629 1.486 1.100 0.926 0.328 0.228 0.234 -0.13 -0.15 -0.11 0.126 -0.04 -0.03 -0.04 -0.12 -0.09 -0.09 
-0.68 -2.27 -1.27 -1.04 -0.94 -0.83 -0.19 0.144 -0.43 -0.35 -0.49 -0.59 -0.50 -0.46 -0.51 -0.45 -0.37 -0.03 0.221 0.272 
0.949 0.278 2.980 2.540 2.082 1.789 1.804 1.915 1.819 1.610 1.465 1.294 1.296 1.148 1.525 1.517 1.429 1.350 1.292 1.185 
-0.00 4.003 3.254 2.386 2.265 1.884 1.876 1.589 1.585 1.700 1.526 1.447 1.316 1.275 1.093 0.752 0.914 0.791 0.796 0.743 
-2.70 -1.00 0.338 0.611 0.635 1.023 0.823 0.958 1.134 0.995 1.627 1.526 1.506 1.172 1.175 1.084 0.993 0.778 0.730 0.743 
1.311 0.378 0.482 0.791 0.379 0.546 0.523 0.224 -0.74 -0.67 -0.53 -0.45 -0.35 -0.23 -0.21 -0.07 -0.06 -0.07 -0.03 -0.04 
1.043 0.253 0.036 0.204 0.144 0.362 0.202 0.062 0.113 0.234 -0.18 -0.21 -0.22 -0.08 -0.07 -0.15 -0.41 -0.29 -0.28 -0.35 
0.434 0.486 1.200 0.038 0.384 0.346 0.282 -0.08 -0.02 0.093 -0.39 -0.08 -0.26 -0.34 -0.32 -0.07 -0.11 -0.10 -0.10 0.024 
0.294 0.259 1.150 0.865 0.856 0.135 0.097 -0.16 -0.15 -0.30 -0.20 0.021 -0.18 -0.19 -0.15 -0.10 -0.25 -0.17 -0.28 -0.25 
0.076 -0.83 -1.95 -1.56 -1.04 -0.36 -0.27 -0.17 -0.15 -0.20 -0.40 -0.28 -0.29 -0.14 -0.48 -0.65 -0.26 -0.29 -0.09 -0.11 
0.872 0.385 -0.60 -0.29 -0.40 -0.41 -0.89 -0.84 -0.68 -0.47 -0.49 -0.35 -0.27 -0.27 -0.25 -0.34 -0.30 -0.51 -0.50 -0.58 
1.051 0.479 -0.23 2.069 1.646 1.367 1.210 1.157 0.934 0.830 0.717 0.593 0.564 0.217 0.466 0.295 0.269 0.373 0.366 0.483 
1.818 0.250 0.459 -0.26 -0.22 -0.53 -0.45 0.220 0.226 0.232 0.258 0.054 0.038 0.024 0.176 0.175 0.226 0.228 0.107 0.031 
-0.72 -1.13 -0.68 -0.20 0.314 0.650 0.597 0.808 0.553 0.804 0.684 -0.19 -0.12 -0.04 0.196 0.193 0.191 0.107 0.163 0.192 
-0.66 -0.11 0.011 -0.82 -0.88 -0.27 -0.14 -0.13 -0.13 -0.09 -0.14 -0.56 -0.47 -0.31 -0.27 -0.25 -0.39 -0.36 -0.26 -0.26 
0.668 0.347 0.260 0.178 -0.12 -0.09 0.369 0.328 0.280 0.529 0.233 0.164 -0.04 0.021 0.401 0.413 0.380 0.476 0.453 0.601 
1.208 -1.09 -0.44 0.466 0.372 0.281 0.211 -0.24 -0.26 -0.20 -0.19 -0.07 0.046 0.152 0.165 0.076 -0.26 -0.25 -0.20 -0.11 
0.198 0.350 0.214 0.197 0.264 0.255 0.417 0.688 0.585 0.545 0.968 0.869 0.718 0.445 0.384 0.443 0.322 0.349 0.393 0.385 
2.148 0.807 0.589 -0.19 -0.15 -0.77 -0.68 -0.25 -0.11 -0.12 -0.09 -0.07 -0.05 -0.01 -0.01 -0.06 -0.05 0.141 0.399 0.353 
0.333 0.973 0.708 -1.14 -0.97 -0.62 -0.43 -0.36 0.261 0.216 0.198 -0.12 -0.22 -0.19 -0.11 -0.05 0.403 0.378 0.432 0.405 
-0.06 -0.63 -1.21 -0.94 -0.71 -0.88 -0.77 -0.97 -1.17 -1.03 -0.93 -0.87 -0.81 -0.71 -0.66 -0.62 -0.54 -0.54 -0.54 -0.56 
0.275 -0.26 -2.94 -2.41 -1.93 -1.86 -1.41 -1.17 -1.03 -0.93 -1.47 -1.35 -1.19 -1.03 -0.81 -0.69 -0.75 -0.68 -0.79 -0.82 
0.628 0.452 1.307 0.982 0.702 0.736 0.632 0.722 0.672 0.477 0.361 0.478 0.136 0.150 0.219 0.333 0.260 0.105 0.108 0.285 
-4.01 -1.49 -3.11 -2.60 -1.85 -1.26 -0.96 -0.80 -0.28 -0.22 0.045 0.091 -0.00 -0.02 -0.15 -0.37 -0.34 -0.31 -0.35 -0.38 
0.750 2.133 2.201 1.120 0.886 0.891 0.777 0.276 0.359 0.394 0.481 0.444 0.301 0.272 0.079 0.093 0.007 0.124 0.160 -0.01 
-4.29 -0.70 -0.16 -0.11 -0.53 -0.41 -0.48 -0.45 -0.50 -0.72 -0.65 -0.31 -0.11 -0.27 -0.25 -0.10 -0.26 -0.30 -0.35 -0.44 
-1.04 -0.94 -0.40 1.221 1.042 0.835 0.768 0.445 0.264 -0.16 -0.14 -0.04 -0.59 -0.05 -0.07 -0.12 -0.11 -0.05 0.114 0.179 
0.008 1.059 0.640 0.192 -0.36 -0.15 -0.47 -0.18 -0.18 -0.16 -0.36 -0.51 -0.47 -0.39 -0.61 -0.49 -0.26 -0.05 0.239 0.326 
0.312 0.150 -0.06 0.939 1.015 0.847 0.759 0.639 1.198 0.910 1.164 1.175 1.110 1.071 0.641 0.622 0.523 0.493 0.474 0.395 
1.261 0.728 1.273 0.617 0.491 0.263 -0.28 0.978 0.130 0.207 0.373 0.343 0.257 0.239 0.207 0.219 0.071 0.024 -0.14 -0.13 
0.544 -1.38 -1.18 -0.61 -0.45 -1.82 -1.53 -1.32 -1.01 -0.87 -0.81 -0.75 -0.68 -0.77 -0.73 -0.66 -0.60 -0.60 -0.57 -0.50 
0.073 1.417 1.116 1.446 2.041 1.088 0.973 0.165 0.347 0.350 -0.58 -0.41 -0.44 -0.39 -0.34 -0.31 0.287 0.262 0.235 0.218 
0.977 4.332 2.904 1.801 1.579 1.289 1.093 1.124 0.927 1.171 1.343 1.221 1.123 1.056 0.972 0.960 0.912 0.835 0.833 0.746 
-0.54 -0.14 -0.10 0.050 0.245 -0.06 0.148 0.140 0.153 0.258 0.258 0.238 0.200 0.171 0.318 0.268 0.375 0.295 0.059 -0.00 
3.929 1.289 0.577 -0.42 -0.29 -0.46 -0.48 -0.37 -0.33 -0.26 -0.40 -0.35 -0.29 -0.40 -0.25 -0.28 -0.17 -0.12 -0.11 -0.28 
2.665 1.226 1.123 0.177 0.062 -0.23 -0.66 -0.58 -0.53 -0.31 -0.08 -0.45 -0.14 -0.18 -0.04 0.011 0.078 -0.06 -0.04 -0.13 
0.126 -0.34 0.659 0.614 0.603 0.614 0.507 1.200 1.074 0.904 0.607 0.578 0.595 0.555 0.506 0.129 0.119 0.199 0.096 -0.00 
-2.85 -1.71 -0.24 0.055 -0.07 -0.74 -0.56 -0.79 -0.70 -0.75 -0.35 -0.35 -0.38 -0.63 -0.57 -0.50 -0.64 -0.53 -0.79 -0.72 
-1.74 -0.19 1.932 1.431 1.060 0.888 0.642 0.504 0.431 0.433 0.551 0.512 0.572 0.274 0.216 0.194 0.297 0.216 0.235 0.221 
-0.03 -2.72 -0.67 -0.49 -0.62 -0.49 -0.45 -0.05 -0.10 -0.11 0.031 0.036 0.016 -0.15 -0.06 -0.11 -0.10 -0.09 -0.03 -0.03 
6.873 1.865 1.448 1.566 1.217 1.047 0.420 0.513 1.015 0.907 0.537 0.653 0.605 0.567 0.762 0.801 0.696 0.382 0.250 0.208 
3.099 -0.77 -0.78 -0.60 -0.13 0.493 0.410 0.282 0.187 0.184 0.285 -0.60 -0.24 -0.30 -0.50 -0.46 -0.52 -0.49 -0.45 -0.45 
-0.95 -0.54 -0.10 0.049 -0.05 0.260 0.055 -0.17 -0.06 -0.17 -0.09 -0.21 -0.18 -0.20 0.308 0.351 0.256 0.231 0.108 0.104 
0.934 0.633 0.579 -0.20 -0.58 -0.75 -0.65 -0.63 -0.58 -0.53 -0.62 -0.56 -0.52 -0.48 -0.44 -0.49 -0.12 -0.05 0.028 0.012 
-0.33 3.224 2.015 2.001 1.856 1.444 1.147 1.078 1.494 1.422 1.506 0.493 0.506 0.573 0.988 0.945 0.680 0.664 0.601 0.650 
0.855 1.833 1.169 0.859 0.679 0.611 0.121 0.351 0.557 0.469 0.431 0.218 0.038 0.289 0.244 0.235 0.235 0.198 0.158 0.148 
-1.45 -1.00 1.669 0.975 0.741 1.284 1.118 1.537 1.331 1.174 1.150 1.067 1.022 1.000 0.904 0.839 0.608 0.529 0.465 0.540 
-2.69 -1.09 -0.40 0.085 -0.43 -0.54 -0.28 -0.27 -0.25 0.032 0.025 0.006 -0.03 -0.00 -0.01 0.102 0.072 0.005 -0.05 -0.30 
-0.21 -0.26 -0.38 -0.18 -0.20 -0.10 -0.37 -0.99 -1.15 -1.16 -1.06 -1.13 -0.99 -0.94 -0.83 -0.78 -0.90 -0.89 -0.91 -0.86 
-0.39 0.238 0.217 0.113 0.315 0.385 0.375 0.120 0.132 0.128 0.107 0.127 0.156 0.085 0.189 0.159 -0.02 -0.15 -0.05 -0.23 
-1.62 -1.97 -0.16 -0.05 -0.21 0.405 0.343 1.173 1.071 0.735 0.752 0.707 0.966 0.946 1.181 1.098 1.070 0.949 0.898 0.864 
-2.41 -8.78 -5.81 -4.30 -3.53 -2.82 -2.40 -2.34 -2.12 -1.94 -1.71 -1.77 -1.41 -1.29 -1.14 -0.98 -0.92 -0.93 -0.86 -0.81 
-3.39 -1.91 -1.00 -0.62 -0.21 0.071 0.043 0.085 0.258 0.136 0.566 0.625 1.118 1.037 1.104 1.081 0.972 0.911 0.864 0.834 
-3.46 -1.71 -0.96 -0.42 0.168 0.359 0.224 0.275 -0.56 -0.50 -0.46 -0.39 -0.41 -0.37 -0.48 -0.40 -0.43 -0.41 -0.30 -0.54 
1.103 0.722 0.026 1.646 1.216 0.936 0.787 0.827 1.093 0.921 1.054 0.974 1.074 0.969 0.928 0.875 0.891 1.139 1.153 1.226 
-3.04 -1.77 -1.28 -0.68 -0.61 -0.19 0.072 0.052 -0.00 0.065 -0.04 -0.02 -0.10 -0.08 -0.13 -0.13 -0.16 -0.47 -0.70 -0.67 
0.190 -2.18 -1.30 -1.24 -0.97 -0.68 0.516 0.588 0.488 0.395 0.333 0.263 0.179 0.079 0.098 0.177 0.210 0.105 0.124 0.086 
-1.63 -0.81 -0.91 -0.71 -0.83 -0.69 -0.78 -0.29 -0.16 -0.13 -0.03 -0.04 -0.07 0.241 0.396 0.372 0.228 0.182 0.148 0.209 
-0.04 0.876 0.251 0.261 0.641 0.530 0.434 0.362 0.355 0.223 0.123 0.129 0.109 0.193 0.403 0.560 0.457 0.594 0.649 0.604 
-1.81 -1.46 0.650 1.096 0.764 0.204 0.200 -0.17 -0.31 -0.25 -0.27 -0.20 -0.52 -0.40 -0.38 -0.15 -0.12 -0.08 -0.02 -0.02 
0.325 0.387 -0.58 -0.32 -0.13 0.440 0.430 0.388 0.335 0.406 0.302 0.186 -0.16 -0.15 -0.14 -0.13 -0.01 -0.03 -0.03 -0.01 
-1.89 -0.90 0.247 -0.00 -0.09 -0.09 -0.37 -0.24 -0.08 -0.25 -0.03 -0.05 0.120 0.013 0.022 0.197 0.170 0.394 0.319 0.310 
0.231 0.156 -0.14 -0.18 -0.09 -0.14 0.051 0.070 -0.16 -0.07 -0.06 -0.29 -0.24 -0.60 -0.49 -0.46 -0.33 -0.69 -0.59 -0.55 
0.603 2.215 1.609 1.513 1.347 1.366 1.103 0.902 0.819 0.578 0.546 0.453 0.456 0.452 0.429 0.641 0.549 0.432 0.316 0.306 
1.253 2.063 0.384 0.421 0.853 0.821 0.615 0.578 0.183 0.250 0.399 0.288 0.266 0.343 0.840 0.783 0.721 0.668 0.593 0.495 
1.472 0.714 0.767 0.747 0.517 0.644 0.613 0.537 0.430 0.408 0.136 0.009 0.049 0.061 0.208 0.142 0.094 0.182 0.256 0.311 
-0.19 0.665 0.422 2.356 2.638 2.141 1.793 1.611 1.423 1.152 1.014 0.975 0.934 0.871 0.796 0.933 0.379 0.339 0.419 0.396 
-0.54 -2.43 -0.81 -0.27 -0.03 -0.33 -0.28 -0.04 0.078 0.154 0.144 0.274 0.271 0.219 0.256 0.268 0.574 0.601 0.520 0.479 
-1.93 -1.76 -0.64 0.081 0.027 -0.02 0.001 -0.01 -0.04 -0.02 -0.09 -0.14 -0.33 -0.28 -0.21 -0.25 -0.25 -0.21 -0.24 0.075 
-1.19 -1.39 -0.54 -0.09 0.121 0.378 0.626 0.441 0.065 0.258 0.592 0.537 0.490 0.332 0.150 0.142 0.122 0.203 0.206 0.246 
-1.13 -2.92 -2.19 -2.87 -3.35 -2.55 -2.23 -2.89 -2.16 -1.99 -1.89 -1.86 -1.65 -1.62 -1.47 -1.38 -1.31 -1.21 -1.15 -1.11 
-0.92 0.658 -0.13 -0.05 0.037 0.266 0.241 0.116 -0.25 0.038 0.177 0.153 -0.11 -0.19 -0.15 0.183 0.126 0.134 0.180 0.247 
1.394 0.958 0.537 0.269 0.213 0.682 0.585 0.396 0.201 0.171 0.014 0.053 -0.18 -0.15 -0.18 -0.17 -0.09 -0.01 0.043 -0.01 
-0.51 0.590 0.380 0.527 0.376 0.505 0.095 -0.11 -0.05 -0.03 0.065 -0.08 -0.01 0.031 0.038 0.049 0.047 0.099 0.136 0.281 
0.583 2.077 0.718 0.486 2.377 1.987 1.677 1.415 1.240 1.235 1.179 0.962 0.857 0.543 0.652 0.634 1.034 0.949 0.862 0.801 
-1.46 -2.04 -0.30 -0.76 -0.46 -0.32 -0.19 -0.13 -0.09 0.273 0.013 0.063 -0.28 -0.31 -0.34 -0.30 -0.24 -0.25 -0.25 -0.31 
-4.23 -2.03 -1.28 -0.88 -0.97 -1.03 -0.30 -0.27 -0.30 -0.27 -0.26 -0.27 0.012 0.033 0.033 0.094 0.072 0.105 0.036 0.346 
-1.77 -4.09 -2.51 -1.86 -1.58 -1.24 -1.13 -0.89 -0.64 -0.56 -0.49 -0.73 -0.77 -0.78 -0.71 -0.65 -0.70 -0.57 -0.47 -0.47 
-0.03 0.102 -0.04 0.092 0.403 0.412 0.031 0.620 0.585 0.360 0.297 0.276 0.334 0.381 0.305 0.230 0.130 0.140 -0.01 -0.02 
-0.36 -1.06 -1.57 -1.72 -0.96 -0.56 -0.51 -0.44 -0.68 -0.59 -0.59 -0.54 -0.68 -0.61 -0.37 -0.25 -0.28 -0.28 -0.11 -0.06 
-0.79 -0.70 -0.45 -0.24 -0.13 -0.26 -0.01 0.019 0.186 0.369 0.220 0.200 0.206 0.817 0.828 0.788 0.734 0.648 0.563 0.615 
-1.66 -1.52 -0.57 -0.23 -0.78 -0.34 -0.31 -0.38 -0.36 -0.44 -0.39 -0.23 -0.34 -0.54 -0.48 -0.43 -0.39 -0.18 -0.16 -0.10 
0.191 0.056 0.033 0.025 0.344 0.259 0.424 0.316 0.235 0.162 0.245 0.341 0.886 0.804 0.755 0.920 0.871 0.822 0.748 0.550 
-1.33 -0.68 -1.53 -0.48 -0.44 -0.39 -1.10 -0.90 -1.34 -1.34 -1.20 -1.24 -1.10 -1.04 -0.97 -0.87 -0.83 -1.09 -1.05 -0.75 
0.099 0.185 0.178 0.401 0.769 0.742 0.748 0.683 0.723 0.626 0.440 0.476 0.340 0.299 0.269 0.187 0.152 0.226 0.068 0.036 
-0.03 0.475 2.967 2.337 2.330 1.734 1.510 1.175 1.100 1.244 1.015 0.771 0.768 0.683 0.706 0.580 0.544 0.474 0.427 0.456 
-0.47 -0.19 -0.14 0.657 1.150 0.793 0.692 1.130 1.187 1.194 1.065 1.029 1.014 0.788 0.823 0.617 0.474 0.320 0.286 0.324 
-0.56 0.691 -0.19 -0.16 -0.12 -0.05 -0.03 0.016 0.196 0.183 0.231 0.300 0.415 0.335 0.332 0.229 0.281 0.204 0.087 -0.12 
0.195 0.091 1.552 0.788 0.731 0.565 0.725 0.592 0.450 0.404 0.110 0.119 0.154 0.123 -0.23 -0.63 -0.69 -0.67 -0.64 -0.65 
0.986 0.509 0.312 0.393 0.096 -0.06 -0.02 0.483 0.409 0.387 0.347 0.217 -0.00 -0.12 -0.12 -0.21 -0.19 -0.21 -0.17 -0.04 
0.107 -0.54 -0.78 -0.90 -1.29 -1.16 -1.00 -0.70 -0.56 -0.61 -0.52 -0.54 -0.49 -0.37 -0.47 -0.32 -0.33 -0.30 -0.31 -0.29 
0.654 0.776 0.651 0.418 0.181 0.290 0.242 0.628 0.572 0.542 0.554 0.501 0.192 0.185 0.160 0.238 0.286 0.321 0.299 0.285 
0.365 0.679 0.441 2.327 1.843 1.527 1.357 1.136 0.905 1.047 0.897 1.021 0.945 1.433 1.233 1.135 1.070 0.837 0.649 0.628 
0.279 0.032 0.037 -0.44 -0.45 -0.38 -0.43 -0.06 0.086 0.050 0.194 0.414 0.314 0.317 0.363 0.360 0.139 0.129 0.121 0.091 
-1.46 -0.42 -0.06 -0.04 0.045 0.048 0.021 0.082 0.081 0.033 0.023 0.035 0.036 0.078 0.114 0.190 0.361 0.215 0.220 0.216 
0.116 0.574 0.127 0.081 0.321 0.453 0.500 1.441 1.424 1.177 0.994 0.909 0.914 0.841 0.730 0.685 0.764 0.766 0.720 0.676 
-0.43 -0.14 1.276 2.968 2.667 2.373 2.047 1.843 1.581 1.476 1.285 1.232 1.111 1.033 0.952 1.131 1.114 1.122 1.065 0.951 
1.660 0.406 -0.11 -0.00 -0.54 -0.51 0.525 -0.07 -0.13 -0.24 -0.33 -0.07 -0.00 -0.00 -0.41 -0.47 -0.65 -0.60 -0.57 -0.53 
0.082 0.002 0.210 -0.12 -0.21 -0.44 -0.34 -0.28 -0.53 -0.48 -0.35 -0.32 -0.52 -0.37 -0.51 -0.44 -0.47 -0.26 -0.42 -0.47 
0.081 0.785 0.576 0.445 0.381 -0.34 -0.33 -0.35 -0.36 -0.28 -0.13 -0.37 -0.26 -0.19 -0.44 -0.41 -0.34 -0.39 -0.42 -0.41 
2.179 0.203 0.093 0.157 -0.08 0.014 -0.04 0.013 0.014 -0.01 -0.04 0.039 0.005 -0.12 0.065 0.070 -0.04 -0.05 -0.04 -0.05 
0.372 -0.64 0.493 0.081 0.109 0.116 0.196 0.334 0.293 0.103 -0.16 -0.52 -0.53 -0.44 -0.45 -0.47 -0.41 -0.39 -0.32 -0.26 
0.133 -0.01 -0.07 -0.28 -0.07 0.597 0.485 0.883 1.033 1.050 1.106 1.217 1.127 0.672 0.566 0.563 0.509 0.456 0.420 0.405 
