438.999345
391.082209
409.932106
388.854845
401.132084
393.583354
400.497063
391.852700
399.448901
388.971944
418.631829
390.582354
408.658482
393.971098
412.311994
391.675338
431.109759
388.319996
390.941429
393.556431
401.808240
390.553010
400.872663
389.611826
389.433882
390.806178
386.741404
389.014824
406.800257
392.667097
398.639366
394.018572
415.137312
391.508360
418.758367
393.395678
419.853889
391.899864
425.645365
392.236792
433.015430
391.989421
400.374588
391.286353
426.652564
392.636182
414.897333
392.191078
390.019989
394.237904
398.954108
394.961162
396.523149
393.201659
402.105902
389.187777
395.954398
390.776852
403.771492
391.738999
405.327706
391.552077
407.342527
390.734385
435.370612
392.950046
434.755199
391.466345
394.560459
389.536802
399.034278
391.386278
407.316717
393.473146
450.400934
392.547636
399.859428
392.105984
394.221252
388.386161
431.796085
388.420327
391.479972
391.346693
393.263007
391.853932
425.486319
390.588890
428.745018
393.117376
405.231290
392.956957
409.119622
393.556964
390.461156
393.823540
391.289024
391.693731
383.956145
388.364136
393.419306
390.367266
396.534630
390.800953
406.957718
388.925983
391.789196
391.735455
404.819848
390.867948
411.805933
390.825398
388.063328
389.751553
385.908330
386.091034
389.180023
392.736536
394.492851
389.730259
404.804536
391.537693
403.595647
392.553876
413.704411
391.739814
409.073495
391.795499
397.942955
395.853096
401.998230
390.541507
385.922293
392.838695
391.342104
390.493151
412.015585
388.421057
397.706752
387.979977
402.615353
394.302012
422.355451
391.043699
387.720497
389.154236
398.402260
387.703254
384.937888
392.715936
430.274136
389.196551
401.358582
393.297739
388.369668
393.224591
404.434896
390.091548
412.817312
391.866503
401.705442
394.169714
388.350005
388.250282
428.621353
390.560923
443.416674
393.244794
496.467707
391.400668
391.066368
389.357251
413.282308
391.999552
389.860281
388.174028
403.785283
394.832144
400.016493
389.175898
385.823627
390.117074
410.552817
391.207650
395.454609
389.894000
395.270170
393.297528
400.138864
392.403142
419.485677
392.796772
383.773060
395.150449
442.938540
391.812773
436.964907
393.043191
407.111727
393.802519
377.237595
392.570591
393.026966
391.839564
396.073239
388.881706
386.736515
388.291855
419.636064
389.878795
396.838934
388.644686
389.284624
388.453511
392.581011
388.807346
401.823077
391.797897
397.645393
393.397210
427.266380
389.712726
381.221577
391.643464
389.722937
386.838678
387.233776
388.053313
391.075686
387.207927
402.081195
388.221606
389.118656
392.252227
392.061033
391.659966
426.855672
394.286172
400.087099
389.333194
401.002555
390.279561
399.668829
390.043160
400.569822
389.435463
426.897109
389.053919
425.941737
388.684658
470.238211
393.729134
391.338217
390.433497
405.612723
389.537639
410.217544
390.093429
384.117034
392.331025
388.054750
392.791558
400.657346
387.940372
384.793967
391.595931
402.017742
390.191416
380.743512
389.503212
392.833215
391.189953
410.973597
390.850902
395.055810
391.695261
387.838638
390.049585
389.072868
389.631664
395.556456
389.469152
387.615024
391.099786
399.684705
392.104549
419.043079
389.689226
392.651820
389.101927
397.895323
390.529739
418.094429
393.082269
407.758332
391.088773
436.200780
392.760057
410.865967
388.136585
430.944185
391.230597
416.023745
391.647804
384.034623
389.461910
400.012941
389.974892
409.691626
390.159034
395.389257
389.388602
393.841882
392.818456
392.462249
388.438768
390.478548
388.538666
386.787181
390.162926
396.235857
389.608917
402.908717
389.129364
460.568668
391.277304
418.846371
389.153414
401.012861
390.392898
439.611600
393.825111
407.881795
389.294075
405.516599
392.769279
400.235928
390.301441
405.475613
392.412760
408.301230
392.387695
394.919969
389.948437
434.302136
395.902643
414.683670
393.945316
394.237697
388.872698
388.615812
387.985050
393.222421
389.913185
377.163480
386.046417
386.082162
390.617204
391.794301
387.017081
398.133434
391.679737
386.277562
390.442645
383.016529
389.657841
399.634511
390.669240
392.554042
387.703101
391.373035
392.086331
393.721203
390.030026
387.451908
390.369773
403.521043
389.635459
388.863123
389.249140
403.861365
387.817962
415.967809
393.043061
402.945979
391.370118
433.192176
393.151114
385.304458
390.482420
400.942232
390.192314
381.893617
392.556774
383.107896
394.914886
403.682811
390.111696
411.955265
389.112984
404.498191
391.823878
418.674407
395.061260
394.011066
388.118008
400.982517
387.584881
401.875016
389.791092
393.509779
390.677824
419.362544
392.009723
404.206802
393.496767
386.041445
389.827008
402.125058
388.419026
402.226623
391.592814
436.370783
393.708428
379.802523
388.406294
431.993898
389.840022
395.494074
388.514032
412.654307
394.120490
397.093635
389.672529
408.489181
391.535239
402.869447
391.037056
389.417882
391.511277
383.599521
392.893899
397.062513
388.427766
428.477635
390.939968
405.915964
389.865824
384.439749
390.449398
394.088861
390.048882
407.372007
391.114574
397.068964
392.355126
414.382643
391.176320
393.087637
389.852123
420.439507
390.535369
396.217379
395.240065
410.787461
392.543065
395.624943
393.510494
403.714411
389.865646
416.417757
392.087451
392.980006
390.479830
390.305230
390.733883
384.999048
391.125034
436.331381
393.276358
379.097470
390.714027
402.992693
390.894340
396.081395
390.904240
391.314772
390.003047
408.903066
388.247544
384.582754
392.475051
430.204854
394.299368
481.259170
393.677062
408.944316
388.291112
415.894966
391.569761
402.969991
389.938528
425.762810
391.517596
427.326953
391.510902
398.443234
392.177812
387.426411
390.568833
390.228220
389.859551
389.173250
390.325116
410.571822
393.004268
419.083016
391.459290
405.270255
389.455022
390.352898
390.615052
394.914792
390.398445
397.001307
391.451415
384.788106
387.917396
439.154199
393.313341
396.491168
390.441643
389.079404
391.436043
382.931107
387.622517
408.157216
392.381804
427.523329
396.127542
404.970387
393.788331
406.893681
389.698232
391.160090
388.370760
398.778027
391.679258
384.446410
390.400391
427.514277
393.316638
436.177400
391.244753
402.069285
391.214193
394.767387
389.973103
403.415899
390.555630
393.493396
391.470203
399.171920
389.509716
428.887476
391.473540
382.200856
390.506584
405.288698
391.232381
394.651996
390.835677
397.919198
390.773589
396.258195
390.970573
391.428710
388.731295
407.944574
392.688201
441.844261
391.030705
387.795215
389.825213
393.698113
390.276639
433.623422
392.274481
417.300768
393.081995
415.169539
393.533378
410.019639
392.111505
385.972375
389.821485
396.594843
391.615480
418.735942
392.058924
406.980705
388.648819
419.946185
388.532580
389.043507
387.098809
446.265423
390.735243
411.749977
389.082941
409.040852
393.613307
407.218586
391.697736
399.573987
391.525008
386.862043
388.902906
384.500895
391.836510
379.360601
388.458243
390.281513
391.132432
398.772022
388.572048
377.504684
389.586088
392.412230
389.398582
389.090264
392.089318
402.581952
391.438435
427.430625
389.933072
394.275636
390.532184
420.155510
390.675222
440.819853
393.846407
391.841226
389.514668
392.264247
390.759175
413.328953
391.368858
404.194463
391.338322
397.991460
388.348151
406.275133
391.060674
403.781615
388.720232
430.580919
393.153628
401.113830
389.746579
421.554945
390.178570
403.801742
390.183350
417.240609
392.377621
433.739422
392.007611
403.958769
390.436127
389.132922
390.969657
386.979141
392.640949
394.369820
393.340817
423.385926
391.859954
388.458545
393.834214
409.913634
392.761843
460.498387
392.870003
381.991278
387.977396
392.264558
391.713547
407.234543
390.932685
400.523665
391.369652
400.135496
388.196185
408.304190
391.024995
390.806659
390.438571
387.514828
392.024464
392.562360
393.097021
382.120936
388.761929
403.357886
392.547861
425.907971
393.281778
387.526023
388.188426
404.792213
393.477295
386.731984
387.926308
387.381321
388.411809
420.482598
393.250660
392.550779
389.105794
419.542970
393.290358
400.280151
395.254431
386.852933
390.606649
384.531306
392.692789
398.651416
390.370158
397.578524
390.959731
400.834413
389.138930
403.735453
393.921353
401.244823
388.373998
402.689465
387.572000
400.878099
391.144850
380.188819
388.972568
422.878802
390.846576
407.078287
389.488355
412.901921
388.351818
397.284221
390.557363
429.732054
390.465929
417.054449
394.047151
419.863640
389.585415
418.158168
392.306324
411.954330
389.938521
400.889816
393.477683
402.586626
390.853011
426.746703
390.731534
387.808576
392.212005
405.545857
393.669989
387.949665
390.638989
427.212002
391.504828
381.213830
388.466034
386.456363
388.614053
434.249802
392.857587
397.950891
389.845357
393.526882
390.218798
413.144544
392.701871
415.171657
391.018428
400.824778
390.090098
415.105299
391.489231
451.313638
391.214128
400.720696
388.203207
404.715939
391.272957
393.670471
387.959938
398.012928
387.057227
395.669729
386.532602
411.330011
392.471363
449.817649
391.590827
389.770801
388.187335
404.018802
391.768469
418.776053
390.493106
383.906782
389.432957
411.418090
390.341132
377.683340
389.535389
406.286808
390.071979
387.213563
389.256842
398.538900
387.029352
393.664062
389.652816
412.890277
384.925239
399.681215
389.614295
384.085173
386.472482
399.457669
390.466023
431.569119
389.334669
405.899600
386.884000
402.467785
393.532261
399.427756
392.864890
386.191051
390.070477
395.568016
391.039420
402.701001
391.659967
404.483198
396.791548
427.552472
393.980992
412.069020
392.575568
407.243917
388.950875
411.343347
387.944971
399.451996
391.904139
382.243239
387.044465
399.481456
389.245396
397.780942
388.419055
389.144988
390.413165
410.724573
386.510815
399.775392
385.033236
410.824026
394.190428
420.243144
393.091038
384.742645
387.603923
413.526946
387.195466
388.598460
387.901366
389.733055
393.704624
388.292166
385.287081
411.998145
388.479630
409.725919
388.616198
401.141865
389.187225
396.073188
389.975820
435.416047
391.121942
405.215881
392.086261
443.929054
389.266986
381.790655
389.233234
390.145106
388.268939
390.584596
389.402516
427.329483
385.360891
394.578338
388.392927
389.726937
389.171260
402.651342
388.452371
401.691608
391.392796
413.813356
390.496277
389.427888
390.698996
390.261571
388.571327
396.834702
388.173175
393.600873
388.260842
399.561847
390.481606
388.985604
390.863883
392.283830
390.900158
405.283377
389.242333
390.256507
387.772550
406.311216
391.312516
397.658308
390.723371
388.548116
390.952288
390.786699
382.906047
396.015427
387.331366
397.261573
389.283196
416.085247
389.457775
407.834939
390.302746
388.060070
387.581472
395.606178
387.472708
387.491910
390.182086
383.235021
385.504369
406.086404
389.030322
390.103517
385.987230
424.873799
393.035634
396.653464
387.857844
401.121019
391.659793
386.341244
384.582022
393.192666
388.804980
467.313432
392.276193
420.664697
396.074000
401.524463
389.912290
422.555092
387.325110
401.427483
389.636765
408.161594
395.542656
383.971301
386.854732
437.821487
393.290366
390.291835
392.608608
396.820607
390.023315
390.656967
389.055841
389.378780
391.505364
429.314477
392.134715
386.115959
388.327764
411.994368
388.918324
410.115849
392.119468
407.911874
389.584720
398.848112
391.675524
411.520623
389.902132
416.254096
390.603566
415.224198
390.048918
394.597405
392.031882
422.653267
387.502428
405.261801
386.085691
394.272271
387.631667
395.019076
391.999362
398.028598
390.141462
390.655593
386.947921
382.889443
390.708186
411.609725
392.740147
398.923469
389.522036
401.591015
387.037746
411.519931
388.367833
409.169641
390.228514
409.456483
392.241616
382.951764
390.855975
454.683376
394.317973
391.420238
388.181676
399.975538
389.763152
439.404191
388.221478
396.059278
386.440234
412.260541
390.666326
385.631721
389.387265
408.857897
389.305605
391.262831
385.802816
419.398232
389.526207
450.199561
393.599847
421.152961
392.006929
385.322445
391.814615
428.610407
386.575388
413.221978
397.350950
426.151446
393.654303
411.977040
388.179928
400.943162
392.294854
416.669589
392.061157
394.995524
387.386824
420.332914
390.678607
453.061890
395.933887
416.093647
391.542367
382.007721
389.463809
418.410678
393.643848
392.719409
385.625803
461.080307
389.683848
391.649586
391.327588
396.245648
386.106908
397.754862
390.852613
418.939533
387.263882
393.882129
394.147643
420.182675
390.824421
428.688079
395.629412
403.231051
389.208964
396.050179
391.945322
411.198857
390.959449
389.684900
387.219889
390.430396
392.024766
391.799424
390.394328
395.286735
388.859427
442.934525
392.854831
426.118466
392.247069
422.252332
396.280168
399.461849
393.292979
381.478646
390.955422
437.658117
392.298868
388.407591
384.017237
399.902204
386.126577
413.556138
393.567421
392.954735
389.811138
411.676136
388.926521
391.589382
391.954568
388.596238
391.368933
399.150855
392.065120
387.136429
388.405680
388.394461
390.678824
409.261285
384.340271
378.516403
384.810773
396.021806
388.066858
399.010164
388.692764
400.686142
388.347305
426.897509
391.568836
395.709383
391.543279
400.433322
389.217167
426.582454
386.639507
392.499835
390.936636
421.345617
393.401418
398.255944
389.473983
386.478062
386.380756
454.483587
392.104075
393.088814
390.925088
418.791687
391.520057
432.959334
391.825451
406.330277
388.333107
384.563762
392.753699
401.514429
393.862807
392.494575
392.694707
399.291666
386.463627
386.683523
391.757460
401.548731
389.670770
394.266258
389.570542
402.465705
393.320987
389.470088
394.467117
391.425583
388.670445
392.648903
392.704984
392.266586
388.143863
397.293959
390.626972
398.667683
392.990031
389.514921
390.722683
393.953175
389.818002
378.292288
390.779916
428.450282
387.404526
410.346502
386.715774
387.386961
393.277311
410.622119
388.520354
448.404390
388.218985
410.870522
391.801826
379.117557
390.022995
414.132979
389.012046
426.776966
390.448751
395.142950
388.717797
400.701669
390.100084
412.969900
392.048947
393.959640
396.455626
400.820923
388.803520
400.364087
387.009980
469.746614
395.738799
414.746834
392.214289
410.605534
388.015352
411.319461
391.495492
406.766340
389.083740
412.511437
395.224799
396.318881
389.112407
425.879841
396.399246
391.292699
389.978831
400.763396
394.385869
402.131793
388.772651
396.569789
387.649127
415.949934
390.742095
397.040545
393.005640
418.706678
386.188738
397.531112
392.837172
418.401897
390.678871
394.043279
386.861210
380.322329
393.726253
379.721360
390.335320
401.687271
388.911829
402.180100
394.530276
392.954036
385.121745
388.131496
390.667952
437.553990
390.034567
389.653619
389.140612
418.156833
388.140068
394.112312
386.806148
391.870880
388.881250
448.297304
395.952327
397.139311
394.381611
396.675914
388.060286
444.804263
392.009697
398.011531
392.593703
395.380757
387.581664
437.981640
388.506019
441.323886
390.070662
413.149352
386.265080
409.887645
387.661602
390.194501
388.232394
424.262090
391.412413
416.441059
395.489155
444.591469
395.104986
388.178834
389.007796
396.379913
389.733464
390.691073
385.224281
435.632001
391.612921
392.578482
385.078120
408.798101
385.683078
417.827432
390.140192
411.456403
392.977525
436.548180
391.092548
413.747874
385.994844
404.671851
392.116925
390.515368
388.058549
407.353659
388.194710
393.285945
391.663097
402.001187
389.736214
411.999610
389.593708
407.573205
389.115967
383.939241
390.952034
424.470519
390.849206
390.910553
387.689903
416.984373
383.919794
395.125638
392.277996
396.591030
388.998628
471.115655
391.445577
402.913456
387.406370
396.163531
392.387097
398.734701
394.318874
399.694568
389.294465
405.764859
389.298074
396.432306
390.617286
455.909734
391.706759
386.594398
388.559220
391.515036
388.824410
414.232841
388.266854
393.385692
386.653335
423.931800
390.626430
422.960281
391.841578
416.518627
395.328416
401.162737
389.923439
397.630121
388.059557
384.495298
387.272969
406.721435
389.972460
393.223218
390.396424
402.010869
386.224569
402.283882
388.775538
376.817785
386.432514
446.451361
394.357632
425.014611
391.396378
408.162481
394.896236
432.576208
388.993071
394.181546
391.683858
408.499716
390.992764
401.573574
392.012062
378.557176
386.535855
389.116150
388.515100
393.466555
388.518826
400.490890
388.511600
387.145501
386.615568
385.725499
390.852677
403.010925
389.056905
406.637369
389.896284
399.599774
392.192147
388.225482
385.353602
399.031259
385.899268
387.993868
388.059451
395.182645
388.602233
386.058700
389.024918
437.503195
392.136770
390.771581
387.710724
388.363648
388.686644
388.364134
391.401162
380.028336
388.444791
389.034514
387.958273
398.386328
392.109430
393.759366
390.249975
398.729997
390.874279
395.835656
394.568190
392.612143
393.159151
396.119614
387.914507
384.938508
387.348587
419.562536
391.132011
413.486991
389.839707
424.098750
394.099918
401.007834
389.658035
410.538531
390.364433
383.866405
387.803975
427.527281
387.620938
412.346766
390.942051
398.236884
390.217647
400.225465
391.724118
396.746206
391.472232
398.732273
389.598545
390.241408
386.231837
418.223575
391.667705
394.240730
385.732948
419.837307
391.472941
406.915926
394.365804
403.207459
391.059296
411.708431
388.025615
389.094533
389.706894
424.612876
389.846660
388.726776
387.199393
414.903107
392.123343
393.613785
386.364099
412.966410
389.315518
445.666848
392.413733
403.847227
386.737843
392.278153
388.083164
402.211259
389.334938
419.619906
392.973671
404.088264
389.647901
384.369174
386.827515
395.098893
387.699624
394.723406
388.657206
402.321758
386.107373
406.747329
393.192757
412.449083
395.102434
414.700634
390.256886
393.488919
386.338652
409.974670
388.795123
387.886394
388.843665
404.764001
386.587322
427.611681
395.261163
393.534161
387.577626
422.257896
393.714923
411.364732
379.999856
379.446615
384.946411
421.903043
385.364336
411.712648
385.263687
405.117501
390.590163
388.432250
390.076789
404.754840
385.847583
434.185491
384.945773
391.555659
386.335270
403.480736
386.578224
393.910129
395.116361
387.759028
395.913256
408.986649
390.083907
412.720885
393.033202
407.911655
388.986678
385.000817
391.590369
381.772357
388.270199
403.932562
390.607313
377.043048
382.018260
397.740235
385.982977
417.353439
382.271770
411.654573
386.959625
383.971242
383.658727
394.034077
390.799723
383.670356
388.485149
444.114254
390.812563
463.332937
388.741533
390.427839
383.519894
390.956716
383.273045
380.579409
385.542043
395.872054
394.345805
400.041686
386.187220
428.172935
385.909808
394.596606
383.768217
403.636139
385.079559
414.921957
383.555474
389.212009
391.514088
399.148041
380.919426
439.132122
391.912012
400.125783
385.816397
399.289831
385.214626
396.440584
387.891346
394.410654
385.351873
404.464961
387.569491
413.282723
396.496941
388.988831
386.494815
418.789961
394.221423
401.253900
387.225000
409.710238
385.339221
453.185546
390.214466
390.542871
387.972682
395.552250
385.170870
390.293773
388.154898
403.673231
385.729493
402.046645
387.017009
406.427988
387.556696
390.711648
385.720469
402.495269
381.173963
413.706348
384.173447
474.984702
386.432749
399.556172
389.524873
399.474122
388.730551
446.645995
383.812488
416.582915
387.199419
392.091921
385.401746
429.974149
390.699752
384.928293
388.966016
410.145191
385.384537
405.627950
387.144919
394.784862
385.852441
447.097450
387.414732
394.467609
385.758347
423.621407
384.911914
405.574028
390.215893
405.362422
386.828758
394.883955
385.186295
425.092385
390.614340
399.376497
383.084140
396.135195
387.863542
393.614193
387.116502
405.018403
381.327053
408.606858
381.444247
397.221310
383.971442
399.727226
384.961924
385.214023
385.781496
395.931263
389.774983
411.485932
384.521366
401.925341
385.015312
379.309925
387.464918
395.344090
390.633859
402.879577
385.477822
392.118990
393.335837
430.091727
386.534873
416.566456
384.421677
393.741079
387.242450
441.331557
390.278908
387.171260
385.834711
410.649081
389.262870
392.887531
55627246.7
387.654980
385.390754
394.821839
389.051111
386.681587
392.351116
389.921630
390.702440
421.573731
385.558198
431.953699
386.056114
411.630264
392.782483
387.516397
385.247588
389.501095
392.551276
430.078987
388.745097
385.801254
385.988756
393.135096
389.254600
392.549651
386.017246
408.276541
380.378388
417.656463
388.087343
428.402062
386.602371
418.306974
385.342600
378.468789
383.851956
410.575934
390.774973
386.267248
387.507546
419.571147
382.099990
383.543871
382.633158
396.308582
379.973820
392.679506
383.866779
405.244668
383.764775
408.491182
388.369132
440.677933
381.657678
439.337951
388.379697
409.467170
392.811004
389.547357
384.404893
391.578772
385.988717
395.367139
386.430304
389.955582
382.097066
440.097689
381.553092
394.693864
385.686471
418.074547
386.285611
413.032426
390.396396
389.085743
387.229120
394.555045
388.436140
396.725897
389.474082
393.089303
386.730894
409.212945
387.468171
405.976612
396.420033
418.184365
382.991038
399.192264
380.316614
392.832611
387.041115
405.887028
383.682686
392.270226
386.885420
385.211163
381.547362
426.735466
387.202129
442.132185
383.527707
412.603236
381.405047
387.226093
388.798735
420.064706
386.155003
391.367173
387.095173
409.673158
385.405031
392.281614
387.102808
382.225754
387.403818
406.771416
384.702820
387.483405
385.610041
482.464062
388.784363
391.977355
388.786462
455.621348
390.578243
383.990225
395.762897
412.638173
388.499672
396.380056
386.484250
408.338564
392.971310
401.565793
393.014831
389.503291
381.189814
410.930518
391.375001
395.425645
388.936730
389.819043
387.761587
402.354102
386.869114
434.956181
384.455576
409.718290
388.046412
392.880906
390.796621
403.621752
395.758147
397.454234
383.849864
398.252160
390.464799
389.540742
384.878709
391.710716
396.334374
435.939836
388.627828
392.183506
383.502334
421.301943
383.374381
423.473072
390.322349
394.952894
387.566486
384.640392
388.643152
390.287532
389.525541
403.966520
385.120092
394.604710
381.858473
418.182090
399.747494
406.789993
384.652131
389.117452
385.739224
385.637279
385.437367
398.276447
386.666296
402.319411
383.884255
406.383254
385.733049
406.756046
389.749957
410.201758
391.024264
410.788783
387.759897
410.255501
386.210967
399.111087
384.357761
408.393000
385.706176
402.997353
384.237446
397.301867
386.609018
388.781323
383.114520
394.328240
384.713071
402.197191
390.481486
414.925667
391.926318
407.495583
383.807428
392.387938
388.118900
404.393641
386.647730
406.578058
390.773483
446.093002
391.585662
403.671810
386.081060
446.640962
384.088728
431.690894
392.815922
406.827629
386.157512
387.636574
384.258679
434.228407
388.536427
405.369898
384.100658
405.075150
382.675988
427.991586
384.343219
394.758820
386.958092
407.953628
387.766886
417.031399
387.983885
444.393305
385.104531
411.804411
391.696437
384.339443
383.542401
399.757614
389.352593
405.301349
387.145692
425.951254
384.307495
422.448706
384.271069
401.886168
385.262915
404.386411
386.572835
424.179389
390.843391
470.096289
390.052725
407.101258
387.704204
393.424754
384.492148
402.276597
389.262427
415.157647
389.382513
390.890499
385.807790
392.014439
383.447889
388.314003
391.752219
383.583743
384.020281
423.543454
392.864974
414.601999
383.127437
454.197022
394.272792
423.691689
382.940448
429.045385
382.831994
380.787910
385.508076
394.170111
383.303043
404.958804
389.428010
442.590406
389.000191
392.104176
385.102193
419.508694
384.841589
392.234184
390.104774
390.921394
386.608757
389.264212
385.893786
391.520726
397.394815
424.164676
390.419766
420.193868
393.241665
384.141749
389.088354
402.777620
389.077186
432.221569
389.636866
409.597653
384.996905
407.730604
389.542453
407.422326
396.127739
412.856901
390.290908
400.289645
392.384162
402.684653
388.609245
416.297672
389.172721
397.283568
388.803065
405.704149
389.143407
405.750264
385.216147
408.572204
387.411883
400.022890
389.271639
407.147984
399.126254
393.682602
386.082488
393.168443
389.758157
391.224477
386.641109
429.977507
391.436110
395.232631
386.208381
401.509345
388.119114
422.746319
383.373306
387.819227
383.755246
406.073009
383.784599
425.669546
395.256721
404.723671
385.979248
397.855756
390.642707
393.022337
387.014941
398.127499
387.190804
419.545477
379.406311
382.326521
389.477440
388.668891
386.277538
414.034442
389.093084
430.057764
386.885988
392.678238
401.843038
394.644086
380.349637
454.567866
387.939125
403.958853
388.487246
415.541867
389.032545
384.766226
387.687422
390.201153
385.673496
398.729974
396.613436
396.032894
386.250333
398.394684
390.740899
397.919930
380.427024
393.050974
383.912636
402.357946
383.560994
388.303603
389.922513
428.529936
389.292113
473.109861
387.836418
411.752569
385.094280
401.860774
392.063859
407.229800
384.087303
426.318343
387.663772
400.309098
388.078654
382.434228
386.756624
382.523961
385.542929
390.677307
391.941292
405.039777
384.892841
403.526155
382.051095
408.810251
379.186635
387.885371
388.380818
402.041160
387.266742
418.306521
382.858929
393.057665
384.402776
401.173513
386.965684
403.078491
390.267635
403.305413
383.264036
397.582825
387.225513
386.202731
382.528402
395.400983
385.327519
392.004077
388.955368
446.406560
385.547327
416.387675
387.000658
397.905343
394.524203
394.975844
386.853962
400.199224
384.296879
385.235080
390.785509
397.580524
389.380055
425.777693
386.743963
389.292103
384.455366
414.167485
387.545180
394.760473
385.807280
408.371757
386.746210
383.928242
383.275101
408.283200
387.481384
392.195362
381.603830
431.974923
396.623060
387.165418
390.871176
398.409294
380.953414
410.094858
392.145702
404.647737
387.189604
388.582015
381.530308
423.960568
395.749332
388.632709
392.982645
396.626334
384.465641
398.315737
385.232255
399.936926
385.236522
411.036035
381.579586
395.911780
382.623527
404.937722
384.896298
392.310089
381.274528
465.207567
383.562849
430.992544
381.122943
416.588842
392.638851
468.391174
384.225244
396.708931
383.057842
387.388191
384.351359
392.190927
384.131725
384.139800
387.878462
430.352868
384.905484
394.420082
385.217965
386.504070
387.371640
390.861052
388.504366
409.138723
390.092444
435.013361
389.521221
400.418540
390.972041
391.341049
381.891399
385.734502
386.214433
411.237616
386.436890
424.143757
383.939824
415.207236
383.937633
382.186659
394.961920
415.529688
382.850202
415.969793
386.228958
432.755536
385.235461
395.127120
392.756043
392.643672
385.925563
416.954700
384.644930
383.680640
385.258241
413.751712
386.422643
413.760265
388.461899
434.362981
391.442739
447.865776
395.043120
394.447798
381.159573
405.875437
384.398425
387.043826
387.723253
401.276589
397.556600
406.218447
377.190083
388.256460
385.337269
411.128144
379.929864
389.024328
378.289672
394.838896
383.035584
398.125443
392.554258
392.891156
381.121001
395.348013
386.544817
406.710956
384.656369
420.651256
380.613169
430.712805
386.085843
399.482987
392.269640
413.003554
381.964480
393.371632
379.623925
397.677589
54888678.8
404.283697
387.726476
389.245526
379.235799
393.777868
382.338945
385.743963
384.337912
428.938298
380.758933
396.881157
380.950125
384.193182
380.450310
393.179946
383.393250
427.625300
384.962436
414.846004
388.086205
391.719983
378.369890
400.765322
55543810.1
418.645904
382.126385
394.474764
391.504595
383.278732
381.986319
392.458029
377.891232
396.507120
377.452359
415.449791
392.589432
383.251052
378.804209
421.294045
389.130169
398.133405
391.239098
403.412727
377.477024
391.990573
377.419241
387.197275
383.059303
391.523764
386.539489
393.939040
384.548511
386.496221
384.292795
389.067879
384.240607
440.082577
383.937641
416.539578
383.654265
388.122806
391.132023
404.938648
376.620334
405.155018
381.885060
396.859387
378.542650
391.667961
376.463359
413.020765
379.154807
399.420286
379.603970
422.497980
386.692712
383.012402
383.419481
389.662982
378.852977
407.864857
380.582176
457.891037
389.251646
426.484602
385.789459
396.621931
383.976054
395.856715
381.731562
395.705186
386.679259
416.940055
380.382720
421.767966
386.514654
392.829813
373.298279
414.513973
379.874240
385.700410
383.606762
452.941524
384.305362
407.029345
390.676197
430.669299
384.103863
420.593200
54881078.7
387.422851
376.052473
399.864087
377.171595
385.618519
386.095014
386.794147
380.839703
417.079293
380.035490
414.160063
383.666067
409.823653
389.594481
402.172914
374.616330
445.258648
382.531083
404.510758
377.847912
400.943846
385.549635
392.787640
387.699905
390.994991
375.032471
398.390332
375.676257
388.826441
380.376349
391.522766
383.505531
442.234402
373.815006
415.466145
388.270068
394.794799
379.580899
385.966987
392.467449
410.617685
379.537093
440.677229
388.057253
387.023178
382.107205
406.216102
376.769711
403.504813
378.033944
428.084787
383.274971
393.577978
378.429511
418.466701
393.061368
396.289354
381.351278
410.818975
380.829216
392.985870
380.855130
380.129154
380.462771
475.568141
387.425087
383.962552
378.798963
407.620557
380.570361
436.854568
382.389645
389.742321
381.066783
410.909720
384.394606
400.825113
381.741984
389.193284
384.793986
422.089456
376.301817
389.057576
380.023444
400.006944
375.923426
430.903090
379.946354
397.588954
388.855180
390.542626
382.228810
385.094257
380.616588
412.674548
388.181223
404.788403
386.863214
411.461039
379.385314
392.805704
382.126344
422.907844
385.640174
388.888521
379.663708
484.822479
385.528064
415.070818
381.753531
410.123933
382.723652
432.038485
388.362655
399.882132
375.439824
396.497810
374.873631
394.119798
377.055278
410.668298
399.630359
439.077475
387.154796
405.234214
381.336559
387.672034
387.828191
390.592329
374.633440
395.926872
383.557356
409.184217
378.035652
402.255773
384.631757
415.523861
380.812096
388.864893
383.580980
402.052401
385.724877
399.598600
385.134813
388.443768
384.532007
415.670958
384.477448
381.774676
377.427749
396.694456
55555682.2
401.935885
57672849.1
394.879090
380.045483
394.154472
386.358292
390.837823
381.679587
445.351502
383.053015
394.729274
380.868600
387.969388
374.919542
397.356579
377.437012
445.407063
383.584353
404.076591
379.885011
381.151203
375.348047
398.730955
393.621269
404.792271
384.021828
439.115283
387.927900
415.934154
387.103075
389.193284
390.327365
410.897013
392.816319
393.681133
380.697089
397.897499
388.098904
398.969374
382.902386
390.741452
382.333159
416.803295
387.298201
408.236664
387.612271
395.967025
389.710518
414.693124
376.225486
393.108032
386.456464
395.974314
382.119759
386.718890
387.784820
396.052819
385.383237
401.184623
396.350303
422.562073
374.656548
421.254222
388.482073
400.921999
385.572339
399.812564
387.749407
415.022214
383.841159
399.535635
381.903712
412.983513
380.370390
398.664347
380.166053
416.523448
383.940170
394.577207
382.736993
388.835452
380.210146
389.650609
381.188166
409.537878
382.229711
425.774209
385.138079
382.277319
386.709842
396.298130
381.154612
399.331001
383.962080
445.989509
396.041970
421.806028
388.752648
440.595423
390.917983
393.063592
377.852723
412.602803
387.465767
421.038725
382.598302
428.807082
373.740976
424.338450
404.901064
421.024276
390.096743
430.959137
384.868282
436.136486
385.304192
387.524008
378.807108
394.924952
388.488827
383.672641
383.949311
412.387851
378.995958
389.746091
381.536516
415.577219
385.708447
393.536228
392.880483
404.920343
387.493059
410.258504
381.248588
445.995614
387.064052
403.523622
385.920450
414.713504
386.639372
406.805073
380.348129
397.063019
397.849618
392.677855
384.687237
389.602874
380.673733
417.180853
387.410776
384.399164
385.164123
428.253413
382.730138
384.325439
388.569379
413.277044
395.125037
395.393495
385.767117
392.556512
376.992772
424.924366
388.301294
393.534800
383.424122
408.712140
384.596833
387.534245
388.717419
422.976784
383.156383
394.626928
383.851644
381.801031
382.776139
408.594344
378.775919
415.186551
382.440780
413.612976
386.973061
384.790549
380.385363
408.423565
379.150648
387.965718
387.300502
445.932918
397.828731
432.630196
57930834.7
398.355595
381.465892
401.264921
378.578441
381.801630
386.811224
416.619170
377.527427
394.518451
387.519825
396.145136
383.854003
439.883619
382.870428
388.095496
386.091438
382.757927
380.285144
399.437996
392.731391
384.588141
384.979760
392.709668
385.516888
388.851354
379.135384
391.667386
374.098530
399.735039
388.914241
391.692228
389.507620
385.331511
376.664256
420.501121
376.272927
387.785451
379.610282
394.661077
379.881808
397.827503
390.577617
397.427458
384.107314
394.170486
384.524590
395.345826
375.067325
386.152262
384.734287
404.684113
387.203735
390.667702
380.242584
389.685110
379.935491
389.968671
389.005129
417.560924
384.753833
409.092168
390.819665
389.358802
387.174999
405.729578
393.087594
398.696341
386.809606
384.321679
389.023063
419.318959
385.357119
380.558142
389.540472
403.779120
382.962996
407.712860
388.709065
401.096336
386.635065
406.405764
376.297997
405.520050
378.873708
420.763302
375.753625
392.355847
378.410342
401.810683
375.906351
441.314042
381.878304
421.752419
384.710098
422.942834
384.981990
397.005286
377.282787
427.151498
376.279178
410.700504
379.022246
395.034046
388.320389
401.319407
386.057278
403.082216
383.419229
403.667377
385.058145
389.092922
390.733679
427.462291
57998806.1
427.374876
377.340294
393.221148
386.987414
382.085141
378.299169
410.689552
387.384627
388.853553
379.535138
388.449937
374.919653
390.415924
385.799293
383.505957
384.101959
414.726421
393.839424
434.205263
377.452327
391.471827
383.993765
431.314891
378.551983
424.836365
383.104304
393.477258
387.281627
404.891207
380.072002
441.288889
378.849765
425.738451
383.443693
398.356748
382.049359
385.674557
393.259653
398.158382
377.516320
396.215525
382.335697
398.319974
381.962904
389.236745
378.285511
437.697449
375.007978
406.375942
379.370480
403.568501
387.496895
413.412853
380.893878
394.055283
379.812003
394.242419
57875329.0
396.524512
381.105349
414.891343
380.292633
395.744357
384.146879
440.604589
389.874500
413.477155
388.310259
386.735160
379.909347
404.790699
385.632984
464.595230
389.175644
391.187639
381.425548
434.801151
390.604929
394.721372
385.345497
420.992683
380.701087
400.897603
376.390519
423.324719
377.345216
413.196529
373.785266
388.958944
380.472774
417.184275
389.579877
395.202708
374.812816
388.490487
376.693319
389.819554
374.383729
394.484570
389.610640
403.852963
373.555248
426.657588
387.078590
404.166444
391.243145
417.231521
381.520238
437.037590
378.904027
401.641750
386.115142
412.849188
382.634469
386.136877
377.656222
408.110006
388.146198
382.067505
376.573933
413.603357
377.413118
392.827316
382.675271
399.909557
386.929205
408.404899
378.117274
414.848125
386.046870
398.443918
373.894237
395.495668
379.944262
415.735533
379.078808
398.262642
391.139800
392.211134
57927237.9
402.904930
384.877991
383.808755
378.436309
390.858935
377.606084
405.606132
398.756306
390.842610
387.923939
406.527509
382.760733
406.507169
389.177292
390.766051
385.500754
401.097141
383.569882
437.794855
384.380956
389.012111
381.955394
438.799372
380.673808
440.728346
384.158958
417.255130
380.755588
411.551987
377.250558
404.197357
375.895679
407.208242
379.582407
402.292062
377.059445
392.384638
378.736426
395.537619
378.205094
393.920430
379.227470
409.169328
378.974387
415.261798
383.076577
404.103987
380.197093
410.806144
55562965.9
392.246995
372.224130
447.183880
383.752501
413.938287
382.885820
398.239928
382.539816
387.140275
385.897098
395.791532
375.977824
399.943855
417.006872
423.359919
380.102699
388.237015
374.595040
403.249067
380.825837
399.315050
57282154.3
383.788450
57962858.5
418.630551
376.977377
429.240102
379.595945
396.544041
377.367050
380.129921
372.494063
415.934248
387.594454
400.109681
372.393595
417.201145
390.362001
399.726240
396.317111
400.288601
387.314614
415.647670
386.256037
383.498852
370.543956
394.066554
371.680263
398.886896
375.644056
395.540938
369.501106
429.774036
378.449324
391.853772
378.029885
386.710299
57740345.8
397.723675
382.546393
405.365360
389.906074
411.120024
386.460100
416.212788
55529732.0
394.550666
386.020472
429.665382
372.954666
391.608595
373.789176
387.384268
380.135353
377.620029
385.872197
385.197400
377.562945
403.776342
374.072537
389.358253
375.719155
402.623318
389.419428
398.308678
385.144855
392.487611
57533369.6
419.457731
387.896434
407.716438
381.548675
395.768932
395.368946
394.709910
389.249114
461.243154
372.373785
407.283762
376.350946
407.027479
377.179674
415.412099
377.256119
386.359497
58247311.8
411.363759
374.031139
394.556611
55583753.3
411.427023
268662.680
424.056053
390.045137
417.786862
57418904.1
413.071737
376.673347
399.306214
388.597810
402.821021
378.378677
401.716259
395.432936
399.688100
370.573727
390.063709
370.894671
394.088295
405.031787
388.650964
378.167899
387.516012
378.587833
402.229435
58136851.1
425.233864
380.423961
404.562317
377.826873
410.381230
384.667488
389.336444
380.854735
384.785726
381.798131
389.478871
375.741513
387.875304
373.829466
395.545791
374.889122
394.821821
370.437246
423.852424
372.023450
388.518958
374.841805
396.814798
373.254403
395.436769
372.880063
395.834167
57687484.4
396.950814
379.032518
396.556035
376.825051
398.307787
376.069591
466.450528
379.938605
401.220660
57426687.2
388.656879
381.413667
424.023511
55568669.1
387.758911
395.615865
408.854909
395.287187
386.700188
58830275.7
435.109846
381.976346
393.155708
373.633111
404.282472
377.291241
442.190491
55635993.8
478.296436
379.885015
395.105439
375.388299
399.938543
380.381258
405.024912
377.392721
380.730969
380.039068
389.627456
386.219794
411.345764
375.314182
401.826943
368.973043
392.882732
393.275493
451.750175
56014292.1
383.892824
390.217003
412.641496
380.910948
391.015860
382.107916
407.725187
373.575050
449.563915
372.047796
396.073074
58238815.9
406.068992
375.098572
403.417907
381.175309
442.080174
384.983113
451.008550
375.127601
409.661493
375.933335
421.505220
375.242086
412.216592
375.080284
396.813430
382.020263
390.545060
395.003203
387.750319
375.627579
420.654406
376.026967
398.973269
377.636890
383.965017
389.587073
384.933192
377.790610
440.206166
381.205370
394.952124
376.967135
384.642776
383.165767
390.654608
391.015050
418.320246
377.616657
391.131874
381.284115
377.382186
376.543558
400.663531
392.234509
385.542241
377.330856
453.534337
375.315806
388.359798
373.846106
413.349893
375.039585
399.189558
399.795188
386.542814
372.730916
387.772646
371.631407
385.918321
376.057659
390.983090
367.999093
413.043018
380.121125
414.136207
381.559603
417.300402
378.733677
402.853082
372.118846
381.960090
377.369876
398.393223
57895608.6
388.904781
384.354741
400.862472
381.278716
389.037628
374.072969
396.061613
376.192552
380.884415
55549477.8
436.043410
383.041558
394.811517
391.439839
383.624317
58056803.3
400.308246
374.951794
407.651277
370.982650
400.841717
383.266266
410.869653
379.955852
408.319823
382.912644
392.624188
388.268592
380.251400
376.945649
401.395399
376.542237
398.703330
373.719249
430.284277
58086467.7
394.769295
379.288403
434.863638
394.489422
386.163624
382.196900
401.164410
372.181041
384.401915
379.703768
419.404802
380.200666
404.216268
371.297457
390.509296
394.904446
423.890018
376.429799
402.988364
26193333.2
396.286513
377.021332
406.986971
376.413867
391.702150
58075731.7
412.921518
384.764522
415.219445
379.441075
401.846994
54474682.0
410.037721
380.773169
394.310784
370.370222
419.110460
378.682936
386.396748
371.720379
392.109343
392.146031
407.827679
384.357541
421.448831
377.357015
403.646428
371.250667
386.710421
57949121.1
400.103395
378.427494
406.636831
370.887248
387.410921
376.932743
400.347939
1414.20058
393.732878
378.098252
443.629365
374.364836
399.825707
378.347784
391.325693
381.351226
402.088829
375.985948
392.134326
387.671031
389.123053
394.456258
436.280675
376.793088
449.505656
57593615.9
395.919556
379.103893
405.975440
368.621293
404.467355
385.316953
381.713119
378.264198
393.833782
384.290769
392.065124
374.231647
406.605519
380.958043
427.860886
380.271406
395.394356
381.856892
384.721725
373.367657
390.011444
372.419292
387.016109
372.477579
394.419720
378.000013
388.020526
371.239963
435.644942
57495318.0
421.724941
57945750.1
394.173152
382.694136
429.887807
370.889938
397.543278
381.787735
461.627888
384.334971
409.580796
381.028176
392.640769
379.786902
384.040067
376.564926
397.494962
370.805739
392.652114
370.072795
383.819454
373.875353
412.779973
377.390131
428.089340
380.844595
409.285554
383.813525
397.806706
383.513919
399.785068
55667333.6
408.345319
371.865856
404.552646
379.872918
400.608697
54799.9705
394.360794
57740115.0
393.483463
376.386859
387.592923
381.016779
422.134169
380.762270
386.228783
372.223643
399.487993
376.277603
384.310036
386.383427
401.282897
38101393.4
388.522181
387.161110
396.014221
376.949754
416.889354
381.254763
386.628773
399.486216
396.477438
394.874737
427.688784
378.698350
391.501183
382.026690
379.854268
377.685461
390.112403
380.557715
415.553613
383.705853
419.202530
379.427385
473.719067
382.509984
407.382460
57916351.4
401.324854
57561485.2
382.879386
378.018105
384.840605
375.217490
398.332451
374.501856
386.210007
379.125559
428.522825
390.412151
425.596141
58308054.1
397.429438
379.462212
402.628521
382.726340
382.801999
57697630.5
392.403229
381.708115
406.429271
378.398790
419.733114
31304.4778
393.607006
372.953974
456.859961
383.655077
413.502558
371.638252
414.864583
375.537548
410.806953
376.177139
407.091334
370.368642
400.763057
380.122798
413.317472
55586426.0
402.147218
377.956026
438.516091
381.763232
400.992928
383.584157
387.924300
57768069.0
415.605509
382.631370
396.643334
377.037011
414.816198
58090474.2
421.289709
379.457501
385.480981
387.795555
410.633480
386.169618
443.320261
378.958709
399.670844
376.643517
401.283463
38111347.0
409.425995
375.430643
400.666185
379.192721
396.864390
394.179853
407.035993
791.579705
415.569533
377.566006
396.777754
383.245947
403.584544
58742790.4
378.925705
379.083942
406.834632
57969173.0
381.820954
57878429.8
389.706747
370.499620
392.150098
380.218107
423.994628
371.149670
400.722367
379.716222
396.239748
379.707917
413.961882
58017792.1
411.565319
381.824866
388.738496
379.656695
446.842240
369.762152
381.863428
378.079204
410.348308
382.699740
398.831744
370.051057
399.648293
382.747175
407.614450
388.812598
392.680144
379.043446
397.268593
380.837012
384.069568
385.353189
436.608069
374.333672
419.484882
141589.786
398.275016
376.310756
414.014109
377.156183
389.640980
373.727551
390.773875
396.388362
398.933627
375.229241
402.723417
379.892380
390.512384
386.063120
384.392331
384.668668
407.972816
381.043432
430.992180
385.562939
396.432338
383.026370
413.410522
378.098255
420.084324
291872515.
416.485198
383.675779
383.736540
372.046773
403.048368
379.447285
396.541876
376.410652
392.564458
376.546242
401.330148
375.661688
409.645161
389.279849
417.374773
378.703465
417.749161
366.950743
386.210072
374.529170
420.066029
385.676616
404.321624
377.816993
405.733874
373.194230
395.032747
376.573294
423.319621
374.229150
387.756410
372.624533
405.327316
377.240517
396.714185
388.394822
396.988318
367.111165
395.732119
380.894768
396.354594
377.589012
417.233844
38083612.2
392.161644
376.245321
419.762377
377.816146
386.394080
373.145401
377.683782
371.358726
386.716951
57859198.8
420.086568
370.425531
399.438901
375.969047
396.235390
374.779764
418.849735
372.827106
379.784797
388.034234
386.774810
374.200139
480.027808
388.355538
417.339466
379.719248
419.625659
383.537457
395.391919
374.543241
409.499297
54932141.7
388.385697
377.093724
404.956573
388.021003
399.190206
372.497782
401.096252
385.279449
409.442512
57981864.9
401.258546
397.892664
421.931927
375.132470
409.126465
385.442800
417.973102
371.647051
406.431866
382.761410
384.872382
54866732.0
390.068929
57855019.0
423.969888
399.275253
398.897037
384.705205
430.394043
418.242033
399.935385
374.894252
402.143631
379.999904
401.422776
366.966217
393.216028
375.384365
384.294878
378.528166
409.956112
390.794915
390.402013
372.445951
394.909503
373.663558
419.155988
371.202094
397.620391
378.075632
412.713724
377.575004
392.447630
383.335013
410.657756
379.856533
399.677085
369.930241
400.257510
393.403853
389.067294
57557378.3
397.288338
385.874562
407.758787
364.212717
404.686717
374.544754
393.580384
390.698305
384.632656
362.862143
395.138867
396.576217
430.832451
379.682733
407.614795
377.513891
411.090031
367.967052
382.114808
372.594224
404.112441
370.246043
398.366139
38379246.6
387.267000
372.650211
400.987493
361.535997
386.171493
364.321393
389.050322
371.934315
404.852831
369.762544
395.129416
390.495904
405.095642
378.467983
389.786262
366.731205
399.415398
57986563.1
401.790188
375.584447
403.794424
376.515734
399.443904
57578480.9
418.560092
57721696.5
405.901557
373.483714
401.042763
55156955.5
391.146617
57993776.3
400.062509
57684495.0
388.271192
389.722794
410.892990
379.061813
446.352380
379.104462
397.944989
367.806840
407.914513
365.312344
393.550946
372.169239
432.391799
59148818.7
414.401120
375.984070
390.563531
371.035250
418.502473
379.485274
426.428135
373.281773
404.913355
55608586.8
403.324620
373.794777
401.187557
58323990.3
400.606258
55563890.8
392.458065
365.406312
408.761231
374.697041
406.260213
382.383136
404.844137
369.980944
447.063415
373.964093
399.813193
362.068285
408.709799
38175138.6
424.049879
374.558178
392.653589
58289284.8
420.280155
368.752871
402.742827
372.427747
394.530142
395.735156
402.481999
377.615246
389.800233
374.085318
407.097006
369.899103
384.523834
383.752709
409.980495
371.587014
400.001065
367.203801
430.696149
410.962384
381.754799
375.768797
394.312716
381.205362
389.007154
373.233784
398.186162
365.755200
401.608933
377.935983
398.730718
57301241.2
390.414299
38009666.7
404.562251
409.535649
404.471211
397.798328
424.076981
372.603991
421.130139
379.620974
426.698873
54891206.4
390.529870
374.212788
384.987419
373.284397
389.427690
55574546.7
424.551130
57952836.4
402.866705
375.173133
401.089200
372.023340
392.111396
58916203.8
405.474317
368.601210
388.738683
2053.55641
411.490223
360.839932
396.415310
55530967.3
392.450186
372.242411
400.873512
384.208405
462.917156
366.553813
399.732292
380.999500
420.773641
377.629991
423.260237
37646568.4
400.538146
389.401023
393.622805
379.645542
417.639984
370.756699
407.809181
55697136.9
401.805905
374.914992
406.518764
57299218.2
461.716620
57876636.4
431.492858
376.537714
397.269596
362.903150
401.448250
57924837.0
410.752941
57225004.4
388.444525
378.659028
381.281176
379.885245
390.951642
37693807.9
421.567130
375.609867
392.847315
378.836513
435.503374
357500.690
389.120685
365.059967
395.937795
395.264818
423.847965
372.542134
388.261346
378.888609
415.059848
57854469.5
388.262965
57530982.8
383.455170
54855587.8
404.474257
368.854091
384.560994
57993401.4
395.737634
370.020615
397.721964
372.791125
400.545825
365.197624
421.010655
389.088367
393.995278
368.343544
408.313301
369.932539
423.592445
374.092615
408.666839
2683128.69
413.659448
58274983.9
403.065786
371.470882
409.479672
380.693094
446.317426
370.883545
395.212172
368.783935
393.641404
57120089.2
430.605544
376.773311
416.787933
57948608.8
383.560499
41036.4490
405.060691
1022.81618
422.824080
1186.70611
381.824591
381.327400
394.010547
373.651287
392.194237
373.733508
421.008444
394.826139
402.368723
57037201.8
402.271529
373.651259
402.162192
361.794320
400.611404
35422.5573
404.186291
370.278212
400.827845
54888735.6
398.502490
376.433302
392.795014
57588203.3
399.585392
373.937489
401.260806
376.350086
408.099199
55152589.7
446.556380
384.811505
402.657128
363.598502
412.502758
401.795093
414.443661
383.319072
398.979880
382.993113
396.128667
35943614.6
405.872106
367.772449
397.870641
55644639.2
434.696117
366.455206
383.640040
365.689766
389.389182
58215300.9
426.848812
618862.663
422.879058
375.046024
390.009558
58692634.9
417.296922
54843987.4
407.006173
57646929.7
398.642917
370.822577
387.827052
377.591462
385.388362
375.830662
405.995665
369.424352
392.929907
57677594.0
402.206541
383.574158
400.074353
368.046080
387.025351
26193339.4
397.896538
4320718.59
403.151424
57514874.3
386.521827
374.389739
393.499579
57386442.0
395.247916
382.872416
393.010001
58067744.1
460.054290
370.251408
393.262503
366.607579
382.485232
57674014.8
425.141627
372.152906
392.944777
371.875291
458.011646
382.850212
386.460788
376.604732
420.175926
57933723.9
399.879529
372.175826
387.905019
382.956939
430.255889
111777.808
413.507024
377.414916
397.364483
378.455506
414.820260
386.876742
386.465907
370.997122
417.329334
10348140.8
402.184708
371.127146
400.093350
377.420907
399.618295
379.358702
425.011493
57883849.4
401.438094
363.049870
395.677461
57942650.4
417.547470
410.264561
380.735681
371.692859
426.411129
371.439057
423.002906
377.306166
409.084786
55655810.7
385.600639
359.986402
393.693086
367.688536
393.535656
274842.326
391.302799
370.258232
431.276792
382.262141
420.937656
385.327704
411.209072
57476768.3
395.536707
373.783639
386.230759
382.674931
441.015487
378.186017
390.447131
9838397.99
395.366052
386.880432
396.074840
58206517.0
460.895428
371.773465
399.829405
367.699350
420.200623
58019886.4
421.364225
58190288.7
385.292945
360.440698
421.825986
377.411144
402.989758
367.306830
402.396421
57637317.8
385.906091
57944135.7
392.036434
380.157083
400.916079
57722488.1
416.905389
57962588.9
435.366286
55338843.5
418.007309
57654589.2
378.442226
377.278548
393.479634
398.211786
402.987592
389.399625
402.779273
374.580432
387.520939
48215598.7
409.009108
57684200.8
407.363899
377.203253
400.322225
57333872.5
408.599572
369.751255
391.870029
58251445.0
402.227626
48131451.6
411.192295
377.934290
409.539472
367.320932
383.150016
367.942595
444.621602
57741400.0
422.980435
366.584540
395.614172
367.733019
390.355640
377.232187
410.802677
380.515497
403.683194
376.809580
384.724916
378.917941
391.537795
57516368.2
396.386042
57612575.3
420.701160
374.669506
395.640290
367.821003
419.241669
44774753.7
388.094307
363.069150
399.466164
388.482659
435.917670
55540816.1
384.966098
366.089271
423.981366
373.240436
395.258480
378.988256
376.771574
373.556126
442.522406
169479.030
395.777754
377.136289
454.105757
1012.90098
396.803629
365.575392
435.906527
383.934213
405.848214
378.957206
388.547905
365.380122
429.984393
372.713355
396.032616
58093643.7
382.750986
376.270637
420.200122
384.055494
400.396942
371.454897
402.793387
152361.295
403.693950
57519181.0
405.581072
369.994657
393.464153
396.784579
387.143991
55574349.9
378.979655
58365052.0
431.503425
57676327.8
393.427110
372.375795
435.732846
967.550922
414.595583
392.475280
421.663499
383.376693
403.371764
57379222.7
404.405936
57954078.5
384.239220
376.523382
410.319715
369.011699
398.673976
386.546326
415.018958
372.118403
461.080265
3705.75366
413.883537
375.659515
430.040175
384.605879
400.285256
383.319285
396.859354
375.273060
406.025405
37932494.5
395.073954
380.335428
396.729197
383.807174
433.515699
57390271.3
378.502824
364.190026
376.074004
382.714690
399.260858
57740747.6
404.070394
381.397266
416.946632
55543909.6
442.734741
374.027918
426.002453
57853818.9
377.893325
388.927062
395.727816
376.686769
399.701707
390.328542
393.326070
54882973.7
388.746818
58550697.6
427.305221
391.146752
417.985030
15494.8151
418.045936
369.542283
420.487047
375.980119
403.875115
372.417551
392.387441
371.739256
420.900981
372.514127
396.518875
57771525.4
406.698741
369.293711
406.213963
366.235500
388.714073
38348951.6
407.673531
370.024452
395.728187
371.672591
410.802241
58409012.1
386.533052
57988400.4
381.844133
375.086725
403.461182
56432906.0
405.855493
370.727592
426.128897
394.624937
382.922559
373.781751
400.154241
381.665704
419.496613
366.746864
395.489563
369.752564
378.779354
368.878259
409.230415
372.496723
395.125066
377.976738
390.479043
478.646962
391.225153
57521147.3
396.032946
372.791769
424.212065
57157480.7
397.977036
381.952709
413.100919
37476509.6
388.720059
372.228629
386.324968
366.569718
408.164767
55497904.1
399.315241
386.192998
393.531028
55569116.7
402.565979
372.083719
411.911132
57356487.7
411.363705
368.099730
393.658847
80901.1851
386.130835
58096223.5
386.952848
371.805119
452.120534
57699716.6
391.638436
369.960239
440.936439
397.862074
406.606773
383.725026
388.024072
57961873.7
399.788603
371.965813
432.449800
363.520516
396.553550
362.589819
426.112046
373.418919
408.849953
382.617671
413.099400
380.138012
423.211313
365.708891
422.552507
375.392731
426.716986
374.595269
399.601747
37546571.5
411.846417
373.282215
408.210752
58705642.9
395.610310
372.735633
410.265504
13408.2195
397.931838
370.782323
405.554432
379.809728
421.172866
376.443461
428.020932
381.843748
386.825149
365.751041
390.290370
382.620404
391.904051
360.335578
381.157077
57971990.7
412.254525
57935834.2
388.255414
905884331.
392.442396
369.226183
421.937490
379.255549
383.297233
381.271735
404.474517
58014187.8
419.244189
385.791933
432.456094
381.769028
384.871818
369.645004
383.002104
57650744.9
413.743006
379.557133
438.257932
57960508.4
422.361326
404.296801
395.242617
374.073618
387.489069
57689306.9
404.839592
365.684593
419.846589
376.582163
420.615322
57872278.8
415.556951
731724.764
395.546956
388.159704
382.116689
361.129269
379.355737
369.083423
385.765659
57481170.6
406.530519
378.933721
416.201902
46820977.0
403.243484
57788743.8
421.785995
365.267435
399.715231
362.070173
384.685458
380.760601
396.603502
414.012794
389.074381
373.885329
396.016881
8699.43543
396.282874
365.061437
380.778649
47600382.4
413.593704
362.998759
386.798432
57508497.5
407.733608
253398.145
386.181453
376.632452
414.552037
383.999482
449.668494
367.611934
416.057581
57554437.3
398.270727
365.472712
398.057908
38363606.5
404.005470
38014582.9
436.531961
637272.232
390.720990
373.016387
430.192776
360.467419
382.720353
363.950713
442.828561
57677984.6
439.333750
389.353306
400.469220
371.950052
385.714127
57682298.4
391.958402
365.415530
387.099363
376.562471
402.509171
47528944.6
384.790918
354.416079
395.943480
383.756383
391.965324
57267775.3
396.332705
57521051.4
395.598895
787154.391
403.215043
368.860461
404.102852
369.536307
444.055581
361.104221
443.648102
401.695838
385.089962
58006637.4
393.209518
372.003918
398.763593
57582528.4
405.798434
370.768216
413.066167
379.938454
392.213954
57767097.3
377.108566
375.922147
433.365154
57647521.5
388.915259
1109485.31
417.699511
57969665.5
382.403327
387.417298
445.408356
374.693152
382.853078
58056881.6
405.661894
55446819.9
382.402886
55386459.4
389.950810
375.031337
414.273547
2097.83428
396.552284
29151.5475
408.284788
38114252.9
395.907628
281857.613
382.549544
374.423251
420.145434
57615693.6
402.331421
370.558742
396.857165
373.596342
406.493343
366.719810
408.217734
55134007.5
399.358851
374.699402
401.922856
361.873727
413.934216
372.903975
380.190304
364.480968
441.943171
384.804885
399.871527
368.450536
383.361373
57135333.0
394.252256
396.540783
447.028607
55085235.9
395.045074
55800071.1
421.293643
370.488621
388.027389
38381379.3
390.647811
57718039.3
423.723718
377.939971
385.701302
57983554.0
383.723685
57100339.4
408.805332
363.780036
392.073523
58699107.4
389.936822
57994010.4
421.017742
365.329548
398.026165
364.516431
394.648740
367.276464
390.317757
373.028145
384.995193
362.006276
411.240887
379.844300
454.812251
55603133.1
380.278049
380.549643
392.586807
361.501937
407.900901
57634025.7
411.455485
57031031.8
417.996586
429.405630
408.421326
973854786.
389.909155
57397682.8
395.811310
57849562.9
424.111125
57950087.4
391.811333
378.436232
381.481364
44810090.8
398.498345
65674249.9
408.831005
361.251072
453.752827
55088787.6
414.950917
374.793190
416.315750
57985745.2
396.602467
359.407119
383.603474
57840375.1
400.765803
55758363.5
391.424462
47322149.3
390.065587
374.393147
399.490891
45798469.6
384.355671
37563069.4
405.912730
360.842103
401.055740
377.832571
385.489917
53636718.3
379.428190
365.707065
397.559046
57635880.6
384.492429
379.872448
402.902686
9851956.16
407.221968
366.153741
428.687214
38197696.0
441.777881
366.945158
401.589059
949044714.
389.130656
57703842.5
428.037057
560806.808
389.774089
54589860.2
418.669333
368.700131
413.546560
537.263357
390.091509
363.252208
411.667519
378.690464
402.613088
365.818091
447.074039
364.510485
438.270082
58016010.1
430.145947
375.460376
413.633692
50239443.3
408.252084
54970414.5
412.771465
365.179155
389.596630
371.160601
396.292827
58080415.2
402.127619
378.644939
402.333045
99335.9356
388.685285
58056183.6
385.963502
55602163.8
423.673824
381.852698
380.628144
58182367.7
423.652579
57632586.8
398.815171
413.967429
390.754912
369.637867
396.171585
57986158.3
399.652605
398.031665
385.028031
367.148276
417.044085
2444.18637
406.880153
370.850384
398.542286
364.088980
384.592977
367.976542
386.998417
1225.25817
391.823351
382.644606
385.945788
359.498377
397.461892
379.815420
402.436836
387.793877
390.066986
377.562545
391.648901
54110263.9
403.591283
363.778187
407.268629
55482419.7
390.650707
361.230205
391.343014
363.087874
398.648766
378.343314
419.814253
57252347.1
386.381507
375.312184
399.556013
37969836.9
405.326820
55103573.2
384.201759
58155432.2
384.143391
392.579576
405.527471
58764696.0
403.039609
372.683384
404.002238
374.807007
416.787954
56903.9097
407.884129
57728436.3
393.107881
38593.9243
387.643071
41161676.0
388.320338
54839185.3
389.046924
357.064859
441.169982
369.414165
471.639678
1114106.03
391.495761
58044038.9
391.275519
375.962780
406.399877
143607.026
391.213229
55386.8680
385.945984
55711391.9
393.388186
57832028.5
404.889343
378.156052
412.785690
55514777.9
400.550367
57833931.8
400.158412
55143538.6
389.499861
363.770555
398.810958
362.415826
399.730991
375.861474
408.499037
375.276285
424.571870
58975567.8
408.371407
382.435612
413.409132
58045004.8
402.145950
362.044473
394.569836
363.045141
426.455368
55514376.9
399.864974
40643.7493
410.486922
364.855409
382.692591
2475.09525
399.513638
38122274.1
391.194349
377.579016
404.984259
38413247.3
401.987498
55218567.1
403.094920
379.368496
437.880796
9873465.29
383.375774
83096.1848
404.881242
57930444.7
400.706006
57319551.1
383.421387
395.516478
394.685034
168665.565
392.092184
57884949.0
400.253900
58042160.2
383.683266
605966.908
400.296959
2356.45831
388.713405
103675.657
393.832848
57708683.1
411.533660
146354.145
417.658523
57558495.0
388.805808
13223.8262
405.974572
369.128272
395.183105
379.116730
446.247781
48113321.0
385.876075
39905204.1
386.857551
974.628619
409.322768
55619214.5
410.274074
57446871.5
397.409279
39210272.2
421.015975
366.285875
387.205688
58370345.7
402.467659
58008532.0
386.226965
3211.27259
414.865496
32973.1481
388.075912
361.644936
380.509275
57244058.2
406.175369
365.692734
399.878543
48057470.9
400.606827
362.856295
396.046196
58053596.3
391.169732
378.854595
390.287289
142858.924
408.581801
418.029516
432.801175
48627295.2
397.789223
57402559.7
454.208903
383.366435
432.284401
57567624.8
389.219039
55630876.9
413.827455
993.844713
390.654689
364.139125
396.399756
375.077460
388.906844
58185049.0
412.773695
669273.705
421.489471
57962326.4
419.474761
57638370.1
424.886388
661606.430
415.916051
58640083.3
396.269869
57392467.7
381.676125
57929818.7
418.193395
371.081615
388.913672
362.575969
401.572849
373.404224
393.193177
378.393706
394.566120
55707000.6
387.012566
57515271.3
399.662323
532.519061
407.447805
379.042934
385.879808
369.771567
445.577772
355.800905
385.218324
378.688264
416.676731
367.930081
432.129690
106550.393
407.163186
370.633590
403.823127
57588796.3
392.972611
55230476.7
420.195000
57650587.3
398.551828
57828975.9
392.152606
355.973601
423.859287
389.755120
391.599296
57752083.6
403.577141
55400.3804
413.066346
527.677625
446.592920
373.179614
391.277101
38231059.0
401.692141
55227583.6
468.563976
57505978.2
420.106784
57908371.3
417.804703
38721516.5
386.113790
57983238.8
428.766230
376.322440
392.877623
384.058837
394.670435
54911926.3
404.658070
60575.4151
393.465947
57964903.2
416.643070
57959760.5
392.345119
55089732.5
408.220969
55258678.4
394.746618
57796906.7
417.800194
374.543716
389.852523
58118642.9
385.882320
387.752202
438.560148
57792601.9
410.863114
380.211156
396.309205
57632395.5
418.514805
36340.5535
406.756602
58139883.0
423.169995
57649540.9
403.124719
356.003799
398.235026
375.041911
393.957407
38047689.0
432.468049
356.635738
406.292289
58002073.7
391.489259
57951770.3
380.857099
57401264.3
395.414328
17569.5009
380.182313
403911.844
413.193340
368.517975
389.534936
57584918.9
389.835213
57163035.7
396.175029
56749797.7
413.473165
510378.465
386.737327
39231589.5
454.990290
46704343.6
402.126482
38201444.2
400.859188
366.503309
386.416430
57043541.9
386.028195
360.551933
425.781770
61629233.3
400.185576
57562857.2
386.617455
57924846.0
398.914158
373.662498
408.130703
84020.3641
377.034287
143564.962
387.402200
55168314.0
428.037009
44577640.5
392.606348
403331.813
379.258792
57226795.4
397.371065
47405984.9
405.279345
364.388279
396.347292
360.673750
396.415255
47698458.1
380.485443
57237096.6
396.911636
653828.414
410.524114
371.293127
388.070076
57909938.0
394.698176
55440702.3
388.560327
363.708550
396.220747
58434412.1
410.243450
57117871.2
393.114431
1165.97786
396.151494
12827.7236
411.958443
364.187527
396.230703
395.727950
398.948754
57962971.2
393.535186
57860114.6
381.377122
57957450.0
410.694330
57993130.4
437.488147
55168650.7
390.483677
57085728.8
383.978287
372.648410
405.764185
58113109.9
407.264376
55424207.8
397.441721
369.311448
418.006448
369.553043
409.291724
57994481.7
407.182972
37113113.3
392.155793
395.625943
385.436137
374.156931
410.225180
280974.622
385.271639
60851686.4
467.139626
367.716707
402.561541
374.029287
388.042013
376.324794
399.749871
57292530.0
386.240062
58328942.0
408.459477
383.531039
399.879607
385.835625
390.682849
26197933.5
403.272040
383.519406
