888.491548
275.654187
2611.33683
1585.54511
14690.1736
657.689959
2715.23949
55.8764757
3952.67512
49.3129896
82.0809732
547.367940
4023.00278
3344.18791
3475.74359
623.717812
5933.49791
187.899706
224.291369
29.3623532
2127.36138
220.451551
194.329200
55.0241078
1718.09829
3698.74282
182.798435
42.3198461
8098.89363
1890.36653
143.375382
251.550310
926.483822
81.6402946
2380.16727
1357.96486
7566.19252
793.053324
7481.07644
648.301143
37.6091765
48.8400362
2041.81546
582.398727
2334.45677
885.877980
1011.73057
316.261332
9006.65593
4773.60378
146.808212
174.921223
62.0083952
2559.74685
1811.32059
66.4768336
7282.56628
346.764914
1154.70927
219.175429
712.352761
1513.16788
1170.67500
121.901575
1741.76919
88.3419194
24198.6544
16.1046517
101.777381
280.240205
20727.8266
846.335560
92.7813585
1186.60105
406.888627
537.002306
194.659952
171.184286
3758.59164
2078.85574
10401.2996
3124.66141
268.449751
573.297030
3753.32350
171.361750
1940.89460
383.347496
3491.47924
1205.80289
3168.75067
27.0213721
457.712145
62.1817151
5514.20990
4380.07936
9918.58369
1282.09087
1392.56386
1099.13531
3516.10148
56.3640026
4660.18573
1088.03510
2456.43980
1356.28123
4937.72108
1556.81058
7506.00151
854.285070
117.324617
34.8605287
3463.48756
330.565442
646.429554
476.515369
6510.28486
18.6243906
178.017401
1970.46998
300.454025
665.387081
2270.22759
3425.88233
276.591081
302.003581
2430.27054
781.794118
51.6039665
656.371726
3616.18355
244.702751
20.7394435
3973.63849
2347.80985
4606.41864
1014.75233
478.973090
2653.66361
35.4153349
5663.14577
42.6904811
10489.5828
1171.05968
505.995729
399.909551
2643.40353
2754.43417
18.6113780
24.5212688
4597.16588
144.505647
204.998714
208.493917
1135.14703
192.394678
12480.0261
225.474474
2320.79992
51.6580628
16545.8080
740.918592
4383.77049
110.968353
526.277716
229.813175
3462.42120
138.063566
3985.12597
485.129679
5363.73072
565.726358
30094.7041
392.433590
42.6398803
1084.12903
1330.98704
134.378484
13282.2050
609.368779
9134.68953
170.943541
714.186038
52.6021511
513.762009
589.914659
16567.0044
3664.50390
1700.41547
566.235426
198.447389
1227.44327
1165.23629
690.638691
3745.92811
432.581230
12005.4635
2921.38790
3199.86264
42.7717059
1117.50844
1127.89517
33491.1060
1160.37353
105.110676
1119.71298
1768.78209
1475.59518
2376.73909
523.642869
5204.67897
261.152098
24073.4707
269.541892
1252.50524
1245.51561
1857.39697
1654.61689
2362.07875
286.600027
1472.77101
32.2035675
295.701894
816.844756
8306.50509
39.9470493
5645.73757
81.7215336
6440.20602
687.725436
2851.43318
203.524433
3776.03404
111.430702
13018.1089
1535.28795
469.196076
4850.03619
3985.25616
1632.25201
297.327252
500.615691
11924.6370
212.948620
22730.0051
412.304805
8065.24377
33.4518728
321.932289
519.007932
13595.0078
63.2280727
91.6194966
1558.04018
4648.28453
120.235856
8260.29043
196.401447
103.062691
24.0331023
211.252701
936.041523
1563.89698
585.008059
2956.64325
90.5512528
2874.42860
2409.48213
375.474617
1095.36170
218.919208
1136.48721
1081.49960
103.110510
1448.71477
222.575496
239.894819
144.475146
4202.36624
444.558738
5910.62540
61.5321467
931.327110
524.469719
5160.35372
228.704649
14238.3944
428.999770
5129.44520
879.063336
13975.6563
1241.87018
3827.68762
50.2411391
4923.40631
165.159929
541.955606
1272.04186
328.914468
76.4429212
382.279914
562.926573
874.327096
1410.21781
2684.79704
19.1342603
918.200224
295.479432
389.915831
59.2065987
1280.70129
1217.93916
2630.84078
1692.46896
2820.66639
1283.87558
4685.64824
268.297118
674.480524
561.141580
789.719804
1067.52748
142.472673
3813.01135
11040.3846
805.087478
7032.64172
438.234205
388.896322
155.867522
32.2995706
32.5552655
1586.44779
46.1326835
3676.15119
1789.81150
133.094533
646.624973
4043.63843
452.012912
1181.27818
3563.22345
854.710720
1235.71592
484.223297
29.1467230
306.722279
25.6285212
422.970822
90.4891396
1146.37014
363.526125
12647.8018
86.4985065
224.949229
39.4655827
925.852202
440.115275
121.239083
251.689157
659.413697
1798.23453
2750.19007
2105.21639
55.5385364
81.2743365
97.5102582
383.832294
2062.96313
96.1245307
1820.67202
177.216816
97.6490583
40.4009011
240.564291
151.357688
2849.63506
47.1763735
428.480735
235.732141
1339.41574
3330.77121
3035.70766
88.0948424
187.490668
36.5258017
459.931716
319.677294
10716.9961
39.6100498
71.7685535
337.225802
410.290207
102.492270
138.566122
5067.31792
1134.79011
61.9769131
1075.07249
1892.45532
548.849175
178.608746
1358.75660
266.328280
802.319508
20.7977871
148.309210
1929.38105
1070.24634
209.685504
775.679561
15.5493464
97.5730722
1373.24132
462.168073
16.2926245
5454.50598
2102.68917
4789.76761
68.7696341
784.233483
528.851542
2426.13869
528.054564
2517.63317
1876.10345
1444.75941
110.879826
2114.46483
35.6008165
10293.7378
689.373563
5223.81418
672.875802
124.049479
277.075576
1575.14277
1287.00746
1225.14317
2506.33095
1941.07550
4232.43300
6048.82995
311.318357
10365.1360
43.8013995
8409.67257
358.332763
6011.05351
1680.61420
3645.02562
767.654867
31.5732704
62.1687389
14263.6581
1329.01618
120.138200
81.3052413
2164.25223
56.2423119
213.706571
246.057360
408.174666
402.697755
167.688842
515.584452
2411.96717
1762.14311
909.681407
476.442363
10522.0308
132.717377
1340.97609
1952.95513
14907.4334
1832.18140
2206.33507
737.235698
1670.18538
865.286280
4421.89229
2559.10433
1914.95882
22.3637133
1463.86905
2587.15773
12720.6823
107.426769
228.595136
1080.94372
425.701013
70.2587142
2878.47872
922.624167
259.757491
46.9565744
1026.13101
109.554056
4517.78185
743.937046
7800.50362
292.012336
269.864957
290.700764
11960.2132
562.718336
4900.43920
4279.31359
46.8341073
63.6864478
5509.30035
3389.27187
59.1283390
194.716178
801.960914
849.302510
14010.4901
2030.08335
1074.79851
91.1571931
5015.99790
333.187781
1765.67320
101.862106
8006.36474
147.569776
701.903942
2054.84652
216.718694
117.153179
10936.3671
158.704910
364.932222
287.064411
5767.60583
4421.03786
4031.79687
859.565276
2477.17293
2519.23337
107.138783
695.398680
3843.52072
344.402738
6430.34794
302.982945
277.390270
424.438536
4615.36050
31.0908968
1410.66309
523.301008
2011.66569
479.839108
177.889128
382.612786
4223.64623
231.313915
2739.27809
490.626100
5120.30493
32.1417161
2254.10545
323.494463
205.414468
2331.99896
741.024399
174.042804
10929.4484
1622.44435
116.557929
1432.88805
5940.80866
1541.76197
783.025674
597.445604
891.989773
34.7785731
318.544966
1946.81074
2757.88557
382.037146
1773.07541
25.6299424
12267.4996
3740.54516
6817.74357
434.000270
4496.27853
924.196397
3966.24583
522.875662
338.015759
4137.22788
1587.95062
1015.38200
6531.14970
1941.45745
4968.17410
1547.98102
2171.27436
15.5479437
8438.78997
343.405647
5970.44123
954.919195
883.653026
750.946867
7376.02078
288.843374
1198.11161
1338.82168
159.198037
450.559953
516.621690
1058.31416
5215.98498
110.664470
707.716998
18.3748208
326.758877
174.502649
1148.83867
161.252704
3429.34212
2876.75594
6255.46078
87.6644542
1319.67048
630.950855
670.574571
117.982972
105.949298
289.210732
465.844354
49.6181377
6278.03037
214.816694
146.177384
1060.66992
1751.82324
43.3705061
708.223217
72.6773398
8527.01653
709.393529
6918.26827
138.628936
3117.14455
425.881821
750.327341
151.780981
209.288106
127.132422
705.018332
1248.35356
363.422683
512.935883
448.486919
25.0443978
4313.43986
532.695142
2876.52169
1035.30624
155.329151
218.856102
761.796960
720.416481
228.248857
52.6043845
2469.60894
32.2640415
677.685773
17.1092012
3135.17979
39.2678386
396.988156
537.163639
10171.7744
22.4409297
24936.3043
580.587936
13112.4659
795.189284
58.8197736
1473.50284
358.575313
309.464544
18036.0271
3230.58181
7142.71753
1504.14364
2634.60152
7373.29066
1684.04395
1881.90292
1740.33877
19.9380873
734.039862
2452.10270
10459.8264
961.620626
351.518794
256.480001
5469.72430
560.885930
899.402704
96.5752531
843.698271
387.966083
84.9874676
1294.54493
3028.55351
1190.19396
2818.80495
336.955584
9637.29087
91.2560642
298.925625
245.390273
4105.56725
64.8384327
3473.62544
976.669905
1370.75175
29.6474621
199.049021
426.124756
15998.1025
40.6641935
4186.83480
2786.99944
2331.94897
469.500317
336.534500
1732.10144
9641.51751
210.150658
699.898955
1704.59807
2093.99053
750.895615
9457.32940
718.979192
13814.5101
2064.10551
1467.89722
1785.57578
766.289957
102.997729
350.917125
27.9171853
15311.9142
331.286834
255.033507
2483.19945
2076.77638
124.124318
5605.32353
201.992363
9094.41231
516.757889
347.939583
47.1426372
190.577859
776.307594
14559.9655
34.8363706
131.021384
121.646387
300.199480
2039.31544
1936.68467
34.8789090
277.129441
538.951801
185.154486
503.973283
29902.1356
195.643448
408.584723
119.050984
1055.30119
130.096543
187.837848
718.556574
149.278087
824.911604
1047.87090
75.8191265
1907.96801
465.053445
189.859770
257.373274
1991.46759
975.282899
70.8067329
30.5263114
2395.26043
2512.86822
7017.92243
2660.28154
783.508919
2263.78640
56.1920903
2330.04428
195.564590
5659.47762
2546.24688
12890.4381
736.273794
12426.1399
708.723853
13738.2696
5613.69558
77.6252810
12100.4953
16200.1062
111.989699
2634.82350
6583.98245
9077.75219
4003.77395
39.2222399
855.795438
257.592225
173.443775
2043.27820
7458.94433
11614.7728
224.206851
10821.3645
386.624729
220.611448
2093.22164
5689.25653
1956.68950
9258.78090
12604.4951
2722.37623
737.262339
5487.12890
8823.00003
5507.88381
325.982195
2017.27903
5883.10127
234.583195
8579.91275
405.675871
29291.2800
321.290770
1133.41814
2325.34720
4294.94794
1768.71223
4181.28628
7541.97778
338.134364
16648.6183
80.6896222
4071.83158
2178.31992
15158.7566
6112.55620
6104.82156
21437.2844
2237.75576
6883.66770
38224.8629
6839.47305
15862.7904
243.685395
5267.23298
35.3134943
60.9593653
9528.18654
25121.7908
779.491941
1873.66268
62.2013351
1265.41193
241.116341
800.018499
5277.70957
79.2649764
24183.4657
4489.73491
1020.44236
828.186388
1395.19429
1060.41448
883.745610
399.779823
2212.53866
1325.80240
197.461529
8817.51887
4517.58315
111.247218
446.536630
93.4074819
11151.2489
1675.06750
51.3463686
25095.6200
152.558311
10859.9240
3152.32947
3268.28874
9751.73403
6999.24915
3336.74785
734.869523
570.579990
111.093951
6283.83995
5200.46441
356.834880
422.034754
290.507500
537.794759
230.007061
30941.6341
62.2241414
210.084865
19479.7787
382.834359
6274.43923
4651.59452
4128.56156
9898.15206
10970.9729
8989.21885
3420.92546
79.5482065
4961.71437
9180.08609
3328.44338
1191.90862
1472.16484
976.296641
2139.68386
436.913592
3588.05190
4067.28098
43.8124968
2986.19143
182.900132
692.500844
156.500429
3356.86180
1316.14834
25.6003465
1575.49557
4386.22137
291.547311
5574.63105
92.4573759
408.165757
1682.89097
14173.9929
8194.17362
3641.95259
10448.6202
2381.31611
387.463250
1121.07647
7872.11949
3732.84838
552.475271
4619.73377
6443.89065
826.458725
472.879376
13558.1635
5796.35058
9430.10707
3997.39572
261.708983
8461.28978
113.142454
5567.44139
31.3345985
903.823163
118.175798
1168.16795
1499.05205
2719.59401
4463.06506
5064.64638
4271.85138
6037.90042
7261.05222
19692.2285
5608.82956
1138.74037
794.751097
383.558265
1366.55907
13115.3957
112353.250
4670.55546
10230.7051
1722.17384
397.205100
852.921283
1810.28080
4606.68117
65.9418554
40.2781528
1543.87129
141.052727
8853.16028
980.535455
6283.27267
9281.84774
2087.70005
1453.63180
3493.88354
711.544931
6798.41515
50.6020695
13321.3454
2138.99654
8446.19119
15042.8041
1400.35113
236.013258
8265.39053
12535.5918
41.3348028
5871.12194
960.293602
162.710622
4181.97246
38.4747663
7125.50861
4417.42283
5317.69016
67.2316891
5308.20986
7585.52956
434.244512
6737.09696
21417.1663
3485.88500
16673.1272
1687.19354
945.411515
492.794102
4135.32016
4513.91312
5432.45020
1118.62273
2747.69113
2707.24019
379.348412
2682.46078
12164.6833
5742.81910
3025.58606
164.984775
919.996768
394.697369
1793.32073
1058.67963
1703.00029
4022.82901
3620.48385
7719.77210
490.813993
294.659175
332.485433
528.953467
498.633366
7363.45208
2837.57167
336.171041
3506.72459
163.842215
9443.74904
5094.21546
8317.62801
1405.11571
2616.37735
1918.03642
3017.43320
1231.35727
5136.70832
341.169307
74.6121584
5948.25695
41104.2132
246.731201
6351.94905
6686.87743
108.807886
373.294091
13883.7375
354.954606
21.3582649
699.634120
221.066944
24840.0082
14831.3593
51.9977841
2793.15782
577.524878
74.0759790
1655.43878
14588.9507
6011.20120
7277.49660
17127.1049
34.5292549
8756.97849
3668.65274
3648.76865
3150.26473
5577.54876
3469.27895
2433.24701
10691.1858
11900.5037
12806.2034
1378.25187
1781.29341
73.8291546
437.609243
2311.08949
9093.07111
823.817367
2484.14584
4527.81739
520.627065
387.727896
5758.53135
2304.66947
1262.90916
6160.40469
552.745940
108.915413
1314.21699
3103.74765
2689.21081
8780.92286
20001.6947
2595.60083
37.2794753
235.429625
1226.35289
2430.42457
2754.99737
776.255588
8300.65583
6947.13849
4076.86696
8317.00709
24595.2627
342.089715
30.8323780
6894.64141
905.740222
19675.1922
3261.20895
9319.17033
12725.4152
706.540121
7898.45793
3923.07824
1117.73438
3131.74640
3774.03954
19376.8384
6653.31591
3011.50990
72.9026600
2082.18765
14996.3127
2179.17951
7771.65866
2366.40411
9136.63344
4537.07560
5757.33162
7514.73232
8064.05961
9200.51978
16913.7596
516.897260
39.4380778
157.637942
7696.39154
57.8049562
8702.23028
1453.91869
6501.99852
194.324010
581.977729
871.213877
276.816660
791.888438
912.335791
265.371983
9517.07075
16804.7209
1031.10895
9176.57979
72.0434631
8805.61694
3047.58240
2191.47254
302.133828
1182.56775
30.8474286
1977.30172
3916.94563
7681.74345
12250.4789
832.515085
13250.6031
316.987845
1682.85210
1123.77336
165.222028
3652.68431
1426.21232
11784.9717
2349.96825
1433.65672
5174.97990
12931.1312
9561.77326
1093.54483
6652.81977
10368.4897
942.977908
28086.9476
1190.59861
261.741952
2019.18246
1041.99869
549.205541
8564.64575
158.096792
737.571140
1235.69988
1565.03054
8289.33555
426.020794
564.962929
3109.42118
4513.66283
2095.46901
118.479798
4945.36767
6342.42053
13399.5127
609.073474
3023.89842
725.609348
3591.71895
784.975050
855.955853
818.090708
213.414784
10555.6867
172.503844
1977.20846
15090.0925
2479.96897
837.373752
5133.53311
1469.96659
2441.56140
23634.6743
279.929196
4845.38303
5709.16235
2224.24986
3012.01763
1768.44633
377.803255
1853.43889
3315.45319
350.314605
6731.58546
3098.22147
1876.81247
10504.6567
47.1730466
5788.09529
510.762464
444.795202
203.688920
2831.30612
3804.43583
194.561523
7541.08795
8877.29088
287.500781
150.853543
2206.29791
919.801206
372.789669
2127.50945
428.745834
1653.85347
511.129681
255.415477
879.839615
610.198327
5509.58792
2477.85920
14905.4195
66.6050116
7984.51894
1601.11754
4849.95889
86.6515053
566.355764
10348.8751
14290.7629
3124.20748
1805.02455
29.2365206
22395.3933
21179.9673
10706.8961
2870.04688
2104.35414
225.436148
37082.5552
13306.6609
10962.5459
506.953731
9776.53410
67.1244954
1529.65425
787.829734
5542.17398
8086.33342
6125.54192
2030.09345
655.791338
1882.23117
1230.85965
503.348894
168.137195
227.418503
35048.0151
759.781131
1162.61144
4608.73045
1411.52857
26.5961938
1403.19324
2858.48191
417.184864
2035.16452
13558.8553
12167.9236
3660.69734
681.359889
547.798382
582.661227
1906.37063
2159.46763
7621.13651
258.898496
32149.6287
60.9297687
7109.04937
5745.32151
3502.26535
234.854379
234.483804
406.249817
889.439050
34234.1248
7168.00508
584.193185
2035.87639
3336.15208
2648.76204
304.013265
8660.78340
1078.02175
880.261533
82.5426530
313.003321
1386.12565
1668.28613
1230.36517
23213.4109
904.863843
4014.96419
2566.86771
29829.3366
13356.5032
2655.05737
101.457527
92.1972893
370.426756
122.616195
329.188196
6993.70314
1773.20248
6048.46873
3104.89409
21703.8349
10231.3135
48.8300913
731.058956
3724.86259
1844.81707
2310.88351
410.249627
166.854480
14037.2090
128.543602
11704.0056
5567.02036
1323.38311
6816.08173
3560.39092
435.105378
1761.80801
18512.7999
7655.57943
916.634612
44.9589503
6740.57885
20673.5737
38.2756474
5456.12072
1555.20370
738.754692
374.231629
778.351601
254.883019
415.843159
31491.5620
1395.65481
25542.4443
1389.16158
931.671568
347.898496
2902.26904
4306.84254
13167.7390
508.088499
363.300236
313.322810
3001.59787
488.957859
16747.8600
1798.31877
15982.7765
1506.12648
21142.0869
56.7020758
204.736320
3616.66521
286.701083
228.432145
768.938605
10297.5827
729.266554
9983.75065
12511.3627
1238.03223
1848.53570
6330.54589
662.556657
3898.05774
528.234764
526.862338
2318.52698
9302.05242
28.8986423
108.433214
13732.7923
894.047225
64537.8973
3244.21481
38.1146432
11504.5778
7950.12264
5248.65527
3491.74608
11563.1528
202.852818
476.544338
9999.45926
2695.87522
1196.59836
287.970372
16069.0262
4806.11368
38.0803277
14314.2839
4726.00844
82.9150989
1554.53805
844.457425
677.868039
34094.9824
4825.77534
4794.13079
1196.43648
3426.26622
354.029397
419.688158
2151.19549
211.882558
2415.33081
4753.84380
13210.8141
2958.67166
18.8024604
145.186225
1749.74348
6172.44718
8137.23228
2537.52111
865.540022
515.348465
122.164257
143.110822
6541.30320
13082.0261
25.1870316
3977.35595
5073.22399
701.210046
240.810048
186.173709
136.930526
11540.4454
2270.27212
4509.10659
1150.97780
10775.9185
4924.91374
109.582704
924.017565
7301.74188
662.571971
4668.49493
7144.88598
2621.95682
2324.17804
1629.53643
8978.47625
532.665709
5290.88445
2457.70194
645.822846
1113.08798
1975.62401
88.9468574
10899.0251
2841.82254
7815.70273
29.0182037
5411.55581
10825.4648
4378.12716
495.192233
2260.90857
782.223178
10227.0145
5861.15366
2465.93560
169.610856
1130.80598
4786.70297
3961.94217
1678.13032
1164.26885
4887.03434
897.210607
5720.76598
18787.4549
566.109269
1270.61176
16.2124613
699.400265
6857.30436
4281.36949
8971.32706
879.726359
62.9053375
208.745601
143.517411
422.317152
1460.05601
10477.7557
2755.82426
243.644608
297.449474
5791.45287
7218.74889
10743.7582
11601.3601
93.4670614
69.3740028
1288.97320
1607.98964
94871.6961
5627.69818
211.701234
8244.87442
181.770892
774.871668
24489.8047
5097.01181
58056.9684
792.163381
1628.30134
8047.05438
43033.7287
469.739681
6082.07695
2759.00490
14954.7378
142.439939
512.428484
5069.85344
2484.66780
122.255475
4954.98566
29449.2232
5030.15315
6548.10426
16154.0755
529.989223
30392.4865
6254.96280
12347.5986
2314.67313
27160.3860
634.852079
72227.8136
6011.39398
10017.2139
2468.88107
27893.4997
951.207292
1498.48479
268.274260
386.002262
545.740143
55958.0688
284.034304
7658.20042
193.497537
30015.4353
628.786938
114554.750
1201.35093
58.2186248
9473.07345
28644.6856
2272.41981
63273.9108
1637.52185
22582.2561
3975.09465
2228.22126
179.782150
3448.09534
335.835863
4939.61167
3744.78716
1388.47587
2409.31810
483.569904
4301.72771
781.015025
162.030571
19529.9228
339.956421
36362.0050
2055.63423
2896.25495
230.239710
4791.65897
5467.27069
130.055855
72.8458093
513.793745
9511.31857
115833.184
8879.45175
16016.1042
16084.6671
7442.74411
519.361859
1360.40615
1389.73681
51681.5707
4994.37658
19343.1751
14223.6892
19304.5213
8003.97292
19056.4053
907.268380
13304.8526
1568.02269
21760.7699
2631.17483
495.180066
7682.85934
48260.7288
2099.64702
18176.7197
3159.92201
251200.661
351.565790
182334.308
5130.42673
9483.47124
4539.64802
3496.57512
2274.04338
385.625304
265.223615
61187.1250
2312.81988
1666.88312
5505.27598
69877.1884
10176.6566
6223.96757
2088.99070
2112.80181
49.7226899
18321.6708
341.911685
75.3789231
19121.5774
134467.584
5260.13327
1968.10066
11828.0947
10474.0519
303.936549
1082.79495
2816.90188
111575.448
1028.56303
19219.8574
70.2612868
61327.5563
1743.95776
17413.9074
35344.9543
1362.08160
220.086156
5700.97006
12724.2103
37047.6409
1943.08233
884.893703
3846.10152
6309.66184
6501.97249
41.1245327
624.468434
19732.8224
30704.1626
1935.66549
2132.26101
101865.584
13567.0236
48727.0895
382.182207
94.8341275
318.055913
100254.359
2740.22758
7008.80156
32509.3651
6970.03251
162.604809
95989.9495
69.0591431
8202.83073
3235.17318
7938.07142
3932.80188
5582.00481
215.758948
33062.6136
886.926533
1152.83126
8872.20537
84682.0287
87.2401662
101.593805
4437.14640
69084.9417
880.414633
81666.1391
565.764496
59373.3159
24745.6876
104034.250
11228.4386
163.933623
845.266061
72585.5909
2185.23693
12037.8833
3792.64366
8742.70260
1465.19724
1767.42780
10990.1567
12633.0739
1636.63677
1427.61070
2124.23464
179.395073
1203.10450
840.030508
5409.39371
7280.62595
16961.0675
396.719475
110.395978
94881.1968
5570.28423
20553.9976
1930.54758
60596.8379
213.069327
25458.5179
19053.0635
48945.2869
9778.81417
2128.71100
3184.17817
207.537816
7271.65889
1358.08707
3015.34981
57580.7286
3725.49959
69994.8273
64.8037089
1258.98830
1954.10656
103806.270
731.680840
3698.51068
1185.43536
48726.6546
304.757155
2185.41815
437.840291
11390.6335
514.189717
682.960997
1273.84968
4547.95744
942.304033
74804.8470
51.0279686
1103.35481
110.872480
66565.8958
9191.06198
4947.27120
11361.4737
12191.4551
321.765666
318256.877
54.5847450
34529.8143
6297.23071
64479.3281
51252.0273
81090.0788
1010.28524
14183.7621
2386.49395
22865.4942
1753.37747
15103.1488
12049.1421
41974.2086
6766.73766
29435.6531
4279.18283
282.803846
41.3086849
3171.10816
26132.5301
1861.45223
54769.0749
5969.61098
42.7162042
35614.3735
16377.6591
100654.945
2550.07337
1528.62205
3809.77746
3679.39707
1104.33743
7188.21288
57.4249322
20756.0967
888.965239
6845.88304
1011.10653
101410.537
1240.79099
40830.9857
31137.0213
19512.8707
606.302622
16576.8500
792.330756
11687.8850
229.332488
807.141164
4675.00125
16141.0655
7278.31230
65356.9923
2322.98778
40435.2528
962.477454
111.549260
494.627315
27808.9598
301.008478
137.299774
4469.62835
925.437099
5555.23044
58975.0338
5633.99988
75040.6191
205.643398
3374.94831
9415.07360
375.115269
11139.0060
556.330416
3393.42290
109.463530
2272.45896
6295.39070
3708.69872
240873.423
173.203197
93679.0068
17784.1217
47187.2473
1457.51514
12404.8901
1128.33008
18936.5456
1106.24493
166081.780
6979.50013
77427.2653
1769.25679
13485.2884
4502.17209
22595.6687
12855.9927
294081.377
4190.67080
5584.26253
2475.89874
864.097536
2186.72629
110544.438
11661.0676
1559.38333
3840.30760
46342.1955
188.715820
562.381191
41445.2852
49403.7946
5097.03383
1519.21076
336.605258
10177.1247
7747.07900
43927.5876
2606.43821
64597.1264
9269.08079
856.573243
1298.86426
14610.8965
1899.73984
5897.57354
165.702794
2487.31021
1475.96429
6923.14071
17991.8730
34056.1615
142.347977
4654.70673
2927.33063
6431.14019
35530.1806
5589.75400
1011.15425
211.539582
3188.01319
41225.6562
1265.15359
16931.6529
634.651749
44397.0844
2666.48742
60954.7099
5827.47950
3895.05351
4096.61608
10711.9164
252.130626
66961.4686
8174.61349
40873.8518
5723.59278
3023.11556
2394.47977
2484.46495
980.441113
50.7671922
10673.4781
9630.22050
4396.96892
41120.2850
205.650038
25917.7881
1567.29764
3013.57961
3820.67510
4076.33139
2962.52241
7046.86130
464.799363
913.428848
87.3261220
896.572505
79.6194340
4101.95042
1691.37337
20870.0932
813.948591
5301.24050
53.7239149
44058.7800
4945.62366
14261.7729
5006.12615
22961.8170
79.6590074
15599.0156
43.8525130
41259.7684
8934.80297
24424.8696
735.526082
1942.53449
3740.61562
6524.41205
47737.8134
20405.1107
857.592121
14660.4619
10547.5469
51978.3126
28505.8262
2452.25909
5614.21815
72895.8954
264.507518
12166.5373
11992.6419
67415.1355
82.6031119
2945.92804
1724.90576
22143.7107
1271.59911
32055.4738
83.8427766
243.685545
294.089434
20318.3016
294.164523
915.884174
1263.52824
27049.0430
6790.33406
55377.5447
2071.55698
11037.6632
8511.55756
18388.7043
1337.47610
23357.6229
1273.24054
63542.1706
341.628899
802.545502
1241.01768
31642.6992
5733.23194
8158.01114
6247.17796
58350.7494
7741.98386
2633.28267
981.835167
4615.30588
6872.92751
43550.3329
3418.05548
3222.20749
4987.21691
24658.7273
8008.94021
20614.7503
2481.27935
2343.24044
681.431844
42665.1091
1768.94508
9918.63355
2051.84205
50159.0463
4484.96584
69.1642386
7008.69767
326.985091
310.927024
8108.04488
3696.64509
8940.13871
986.235488
13810.8585
549.357384
15137.9653
4070.15656
651.983204
760.354315
3749.69358
4351.82214
13362.9216
2756.51369
2893.47795
380.410447
1907.78720
444.804434
116142.834
2422.73853
4967.71214
2221.88900
29501.1344
956.565832
3923.64872
4445.27750
24834.4473
897.694036
2960.60708
1465.89060
1025.88837
21798.1621
12270.3376
28878.3611
18397.1252
2838.56583
8144.70153
1076.38005
39775.9797
89.5150449
11654.7220
290.651104
127757.311
2845.26760
104773.274
6393.86108
11282.0482
1379.29747
30674.6634
3187.58343
34530.6949
29300.4012
31370.8722
807.844766
10798.3868
4558.32336
421.312029
3359.65665
12742.1246
35007.3453
17262.9018
1180.76852
5649.96334
10938.2584
10573.5596
210.876862
545.136279
13937.2184
62115.8080
732.550680
22199.6277
3792.04687
40940.7316
1702.73601
24701.2879
1006.61884
19.8090109
167.752703
7636.97453
3043.98220
58890.8616
510.857245
25314.1641
942.300099
37950.8875
8331.25153
17760.9036
1716.09066
152589.685
3528.92969
16199.3569
4103.83280
808.905024
10831.8094
35576.2700
10467.7118
6584.65589
1436.08310
13532.2552
12284.5702
13079.2367
19211.9869
2947.19577
5284.06526
100668.686
2445.61482
45361.2789
1332.55351
734.905104
5540.71452
28614.1051
3967.74042
8425.80085
2148.38785
2227.81852
200.847561
3770.59174
276.379316
71608.0775
535.196714
24611.3406
1950.10581
7983.24171
110.351552
2231.14150
2292.26520
3498.11853
8083.24506
8963.37493
48.6696130
51157.9314
1923.99170
20098.2405
5899.62045
5739.31177
9100.88936
435.944848
2812.59811
87514.0695
4852.03852
559.239708
21577.4915
415.176259
14849.1405
89258.8152
12655.8720
31940.1153
6562.65454
12850.0581
853.916528
4860.20976
177.710744
37697.2504
2088.46583
193776.783
53.2701345
14361.8896
200.728743
114906.581
16335.2052
6706.00294
875.685099
19555.4008
13108.7184
56.0555429
1773.89860
222200.701
2463.17281
1221.31876
16481.2454
48.7418523
2833.88543
14097.6194
81.0971950
3049.83071
20337.3754
169309.206
238.669366
19763.0532
6170.04252
182.353357
4545.85054
13484.5071
8713.63929
30960.9965
528.148209
66690.4607
399.089758
37232.4891
29.0399985
9781.16394
265.509351
1109.80905
2023.81337
1507.08850
783.488879
68740.8285
24439.9883
1064.32227
657.637824
62.5416569
1549.78015
39032.0157
4280.09628
45151.2908
788.714333
5005.72514
1479.87661
6588.17690
320.133813
66305.1385
3257.56919
17593.9076
4424.17613
5327.12583
244.889022
24581.8315
1886.36382
92851.7234
1021.13136
40902.6274
4206.53056
122.937986
3235.50746
21450.3941
781.506546
123.808546
193.518609
24069.3193
138.097418
695.191394
7269.48048
46928.1450
2052.04293
6461.60436
1864.06933
39320.3114
2886.22457
485.944253
3078.63233
5624.91102
1691.17345
78465.1022
2031.39382
19842.5297
13201.5976
19305.9918
1332.43402
50784.4388
1002.76528
239495.947
7721.57381
159.672342
12405.3219
8945.35642
1021.27700
187057.974
1444.35721
59489.8607
21609.8900
87024.1957
75.3200165
72486.8096
731.268846
118503.714
17734.6584
30507.3362
678.240564
90107.2714
2412.92994
74706.4371
106.193039
339.092823
2609.81341
85415.2511
1825.88385
79021.8420
480.783044
18197.2017
4277.83391
16166.3999
24427.1861
259191.683
12877.2378
12360.8938
2185.21226
92135.4421
5167.32809
33331.5248
8624.76694
11557.7138
216.286253
39453.0843
5899.83488
43653.1786
2065.89725
77045.7363
4460.38379
1303.95708
28690.3784
3916.70816
2739.88897
46174.5869
1549.06214
13340.0646
321.962641
23933.2635
9301.85627
794.863551
178.224088
62131.5683
625.375174
18383.7600
607.217711
2706.57346
67.6143839
13135.5834
6300.02239
20309.3654
2754.56940
228904.562
2054.80860
3334.61802
374.796082
535.075175
3930.52366
5750.63469
5547.46038
93508.0290
12868.9784
46797.3713
1254.29058
6282.86176
708.673535
100784.898
16487.4659
10059.3956
8069.89882
8937.56317
3164.54555
102187.878
3760.93124
1053.37488
1414.79208
78138.1954
15230.0795
34134.4010
985.110631
1704.60303
4510.20838
65126.1342
5673.80501
138027.636
91.4977746
20317.8876
1363.28065
826.521382
23690.2507
146880.065
2646.98874
1532.38828
2568.35897
63064.4235
3078.62212
23473.5331
9091.48672
26710.1759
344.486317
9527.57273
7672.88790
45617.8483
162.722010
501.790385
2181.71278
66600.8376
34487.9609
537.092666
727.495947
21123.2613
20025.4473
56856.2645
29993.7532
99283.0625
112.404426
61816.6513
2784.93086
8658.64029
1502.02100
73870.2461
76.4546085
2086.39350
6435.41895
87868.8350
3488.38894
48651.8529
10341.9166
189104.286
43105.7000
271191.559
4329.14294
62622.6837
1091.48278
95719.0982
148.864232
67691.0149
2845.41225
10403.7001
2906.35779
71366.3468
858.800730
1059.39227
4410.11987
152470.160
995.192485
71056.6026
40.4992768
309.764689
4414.19268
4934.14611
5622.26733
7234.43613
1693.59009
15606.0469
307.551484
10170.9042
8096.04592
112164.665
7031.39895
28415.9024
845.594118
172463.457
5590.47986
7027.12982
3299.45337
21990.4083
184.314550
31267.0421
137.114367
25736.7371
8650.15552
14164.7120
188.729705
18308.9712
4855.26490
112366.661
10466.1627
1686.83378
10940.8851
92435.3526
245.893837
81085.7277
1127.01202
295.113308
1068.82607
257100.488
281.709440
25289.0823
167.760934
45736.1881
14968.1500
77.8057501
3443.79096
48903.7510
1570.62382
50395.6059
9611.54497
94780.5592
25547.8454
8810.62649
265.753891
19076.0754
3826.30289
266768.707
9421.11759
29787.3058
2296.84525
10294.1377
202.124869
65892.9968
3360.05412
3356.49382
7301.17263
180346.977
1491.35033
1074.05952
4180.32973
41319.1404
1298.63494
19740.3190
67.1193144
115.711787
1475.61769
81501.5704
1481.06955
70775.3616
1911.78782
35137.8898
90.8373461
1955.98692
4141.02783
214.888022
12533.3382
974.075576
1038.16623
13035.9241
1999.68096
3412.06989
497.604977
16892.3857
925.332259
3038.54966
2314.26391
6814.74205
2524.02455
41379.3635
61.1894133
18836.1993
44.5506819
49080.4665
2818.06790
121109.028
2026.42351
18455.0289
1485.75596
3599.65083
8463.35929
11743.6357
469.101347
61168.4042
14942.1068
14811.8166
4238.69001
183048.640
105.286884
32901.7570
380.134542
33265.8144
2654.21699
1850.82883
12189.7389
33636.2337
362.952372
24363.0072
1601.38241
36730.2983
63.1406789
388.477237
432.708132
29310.3818
748.610522
22905.5105
1113.42002
5335.96688
9936.16036
1851.99126
179.229986
314788.194
32725.4363
11127.2278
3857.95010
31146.2946
210.874038
86350.8701
4707.91417
27906.0476
612.315709
8719.39617
2068.56751
80750.2457
5112.73386
91263.8316
2643.34684
46884.8560
2359.95298
30532.1342
543.409041
581.207079
968.312967
12951.5556
2775.61830
7043.37424
628.036948
16617.6307
10328.9974
578.964969
8553.05350
7381.04545
214.106913
73913.9856
892.365166
61765.4546
9385.05419
102138.632
4750.17645
9099.86081
108.109450
39670.0615
10978.8891
30620.0810
86.4305496
30.0648225
127.199639
3786.20335
939.074476
24467.1179
30.2838032
134843.291
18765.4044
40773.5374
2538.03253
36425.5973
7080.58689
37733.8117
21.6336997
27194.1782
833.120716
53150.4053
2280.39591
79588.5830
1415.80516
15388.9550
57.9751939
17373.0203
25947.7126
163.079159
5616.66646
3025.61731
14992.8524
223591.186
261.042668
2764.40343
11640.7426
30810.4741
1878.89632
551.061551
1779.07271
28056.8119
24295.2478
60430.0603
471.994692
9846.87093
500.865171
61443.1778
4449.28184
3063.67667
2158.38500
10686.3390
550.887459
902.152474
9192.30697
70773.0319
6145.19838
296246.819
1763.25206
42492.8848
4475.04615
121680.686
526.630411
42402.6260
8374.10275
50325.6520
23612.0159
8095.42758
3453.06240
863.086673
12699.5965
52032.7263
27252.7038
62608.2255
280.302284
8759.60168
2926.13887
8087.39676
6962.59363
324030.611
1514.24143
3842.71236
721.012956
14707.5311
2316.78345
78.6110543
7292.81430
5834.09287
17423.4634
1319.03567
414.891394
213003.232
9252.90524
73849.9647
200.794511
68676.4452
2432.33877
45104.6808
2029.95318
71895.1776
41896.7449
24364.7660
181.437056
499.206352
6353.12156
70679.1323
6966.87086
79719.7020
3531.59771
45353.7449
1823.47102
6127.84413
398.096081
1134.02752
924.949371
59535.3221
365.730588
13092.2000
71.7534180
2667.47042
427.756379
1282.33887
13105.6472
64396.2745
5258.90711
1627.49072
364.827568
20821.7660
52.7944956
92054.7969
396.408886
1436.80842
385.356961
316166.244
32.7537408
72343.7478
4233.01729
56341.0789
350.986137
21625.8471
14567.8883
95889.7054
4909.86917
17734.7505
14972.1631
99501.1192
14781.4368
45588.2946
1812.62941
31165.3503
4580.40760
35787.6560
557.532627
4289.78241
283.693921
49012.8059
17579.2733
55057.8264
250.707055
148519.107
3506.71861
100074.848
4369.56789
68255.5922
2438.55977
24210.5954
4255.77413
86441.9819
227.575653
1946.03727
94.8680166
280260.800
2299.88733
102323.909
8470.44719
35661.7985
12015.6808
3012.40188
39680.9208
90404.7065
452.670540
57776.1051
7578.55782
306485.615
1371.38316
10038.5237
1139.87203
34141.4491
6339.15695
489.428891
445.333308
8462.45780
68.8514328
68637.2336
3253.52648
4779.18347
3971.15135
54601.5917
2369.21374
6581.33031
9215.79281
2539.67062
1793.74112
35775.8859
608.805753
11747.9798
254.145022
18610.0913
114.368618
22513.1732
7760.98352
30787.3002
54.4826558
124617.798
601.322881
304854.171
415.377191
37883.3120
2488.18959
28458.9251
802.065524
282.360283
4351.37498
16475.1966
693.177870
10026.1289
2672.98823
23096.5678
373.821818
17435.6985
3728.28277
9138.53667
1424.74179
518.980606
1662.92858
74695.4240
1694.63442
29302.0740
255.131715
13307.7989
3908.20898
939.945645
186.447262
894.674904
19809.1239
92500.7841
136.853784
215309.892
3372.44034
43981.0092
617.529241
4037.78752
7246.53057
67700.0520
1549.98210
73893.6902
254.796432
41861.9215
1643.32337
2918.89132
7819.86638
1334.98261
1985.79064
32879.6583
255.634202
22751.7913
1893.40596
9077.05707
6298.51640
654.813861
278.193939
118595.040
2822.04436
217812.297
1847.97627
52905.6217
59.2807100
30917.6244
570.520922
33263.5818
6641.05184
14315.6487
361.305160
33781.4228
1903.17203
7451.38294
2718.63357
7372.57617
973.675670
14358.1780
1424.45638
9323.99571
5569.51117
25184.2639
2185.53571
264321.011
1534.08249
80069.7024
3545.96529
172686.417
928.417319
3563.09751
2504.52668
13676.0811
733.385512
57469.2384
1479.78080
28597.6805
554.786931
1555.06229
56.7916379
38310.2211
145.419911
17529.9163
243.972388
378.756782
4442.87759
15502.3743
1790.45405
41453.8197
2589.14884
2676.47218
122.729157
21177.7563
1050.59207
80254.5718
23070.9620
35006.8606
7383.49236
17511.1718
274.857179
105567.556
1679.10043
123009.359
1632.44988
96202.3661
393.415515
12116.7272
4889.41619
114132.872
224.104864
42667.6377
4154.26622
24426.3671
707.172554
69216.4234
1412.35375
3380.30803
40.7063498
108082.052
3761.75361
61019.7509
3697.59319
56203.0648
338.481426
150770.560
9032.29370
67617.2298
5777.13028
44876.6181
1619.09556
259920.564
20076.2006
1886.32826
3629.08128
7993.00182
7962.26691
39448.6834
2818.96619
102671.033
4059.54572
44124.1407
2809.52341
325367.774
2579.60953
10600.1030
2601.80600
28093.6878
435.916496
11144.9189
16192.4680
26151.9039
4455.20463
87755.3401
2000.29006
56195.4745
7932.57273
9715.32568
5921.97311
64061.2617
592.728886
13237.1154
219.212859
16442.7656
9531.99049
6852.73563
272.630375
5932.71747
1348.10391
73494.5889
219.775159
16585.6191
4740.85123
1198.30685
81.1182486
27640.5114
1950.07263
30629.1147
413.781060
38579.9918
5874.24980
49995.7351
333.969950
4092.67039
249.063078
84400.9202
4363.79648
51325.8308
6814.56043
275527.079
3555.77167
307.261468
1468.87759
4972.98431
3787.56879
6361.24736
1453.90341
69487.3524
4116.10280
36292.2553
1035.87778
16163.5828
25938.2535
212265.965
4800.82091
29246.3992
7369.26293
37823.1588
10926.7762
4453.29707
22382.3081
76309.8877
5058.75354
63989.0167
1284.02789
260.227921
83.0270473
74167.2541
52.2882409
322.642708
3767.73096
6371.84376
18468.7109
45235.5578
85.0898094
265675.208
185.665559
71547.5225
454.083427
22283.4054
49.4251388
51418.2966
1046.51873
150144.379
1933.82817
12477.1480
1312.06718
35280.8777
3606.61578
8543.84732
696.046416
235176.266
11929.9830
14244.0591
2190.59746
113837.618
1368.15509
43814.1552
2616.75451
295628.863
2039.27812
51243.8853
320.849650
14395.9580
1950.54842
35460.7545
4246.17549
249257.467
197.858764
110029.205
76.2692780
1103.99672
389.037981
38732.6088
6332.91034
45043.8986
18528.6953
285783.079
80.6738977
151613.837
11556.4388
39293.4080
448.349521
71499.7469
537.299670
33870.4801
9915.86811
24471.6396
22129.6471
65278.0800
324.083763
265998.902
12902.5005
112352.821
3276.18626
40777.1590
1010.61393
6612.76266
28769.7567
29804.1494
187.312343
48572.0455
272.784111
14381.8026
541.266297
2612.60748
29848.0913
51971.4916
11575.3415
44943.8889
12934.0041
179221.614
5632.92257
11954.4611
3323.18926
5991.57456
7642.06726
6652.94957
150.563148
36243.5203
12183.1082
10934.7767
7629.69208
4267.35881
1266.88666
1497.13567
12120.5186
125202.935
2564.90186
4884.36014
11879.5256
265371.496
1982.07833
333098.823
6173.99629
12289.8940
638.168187
379.983582
500.163685
241791.953
3689.35689
7880.19974
4573.97688
35822.7012
75.3481729
104025.000
4290.09615
1850.22471
5036.55042
48382.6027
13624.5935
7781.43755
205.538264
78379.6682
2933.04413
93329.3586
4064.84286
12732.1027
7885.78079
59050.1006
3294.23006
11575.7416
3763.34609
300009.065
664.589150
323163.823
642.743110
80715.0597
4547.94741
26847.3916
2427.01913
173144.406
10141.1104
130834.825
41177.7900
252011.200
11545.3028
111142.553
1995.74700
24555.5774
6190.67014
425.286638
347.969778
48576.3405
5602.63962
4679.02987
2656.50276
14041.8676
2642.14482
42.5476564
3286.21774
36793.3857
8164.88308
354558.183
11445.3666
71000.3499
81.4896707
14112.8752
11926.8170
678.327037
33214.4733
306723.188
8070.11524
1874.39210
2524.88678
20803.3659
5796.41192
71158.0475
73108.5259
111358.332
588.976692
32673.2937
888.955068
242854.171
1536.55210
257075.298
1224.12912
252535.299
7211.25274
55001.3853
10905.0619
115.649609
2703.41769
150212.406
519.408907
105869.625
7930.81671
630.469926
16365.3578
53765.5578
3939.85611
207650.893
4734.22674
15545.0019
1191.24264
80193.6529
8599.48562
54877.2744
4822.91650
9855.82147
3253.72473
136112.758
266.199599
336710.984
132.140176
317990.682
1480.20648
9030.47782
49.6647903
26166.7189
467.716225
125496.660
992.520253
57052.2494
110.229391
4596.96702
874.972659
9969.53219
2671.73357
19063.7991
5708.31943
5490.78582
23558.1543
10109.0579
9310.27361
71844.3664
13637.9917
196652.297
88.1947209
1455.37668
5833.44108
65388.8234
1029.37372
234909.666
4883.95380
38308.6865
20342.8584
116.465132
20719.5813
252401.804
312.165446
74637.7365
6088.94884
159602.095
20370.4564
71713.5084
4772.71949
8954.15264
9085.26980
45970.0074
1110.71402
243846.579
47080.9643
15930.1323
2653.17512
17027.4346
1400.50792
19084.9366
10401.3562
59394.3900
16843.1013
65593.0124
983.493714
97164.5117
33682.6233
115576.671
1120.38993
47821.1476
609.570221
23505.4042
1866.99476
14882.9463
1735.15965
239242.406
4253.10740
254.355047
2743.24239
46051.7599
3224.59785
17940.5131
5314.36538
2883.96903
20512.5661
291465.178
18210.4723
20466.6296
1245.88976
16959.7726
651.135806
100816.055
72701.9401
63637.7425
2077.65364
287636.927
834.770125
76273.6665
2016.84329
179891.471
6402.77460
189232.740
13447.9694
113121.957
16450.5969
34.8033663
4166.80316
59836.1069
203.797845
362.299768
35991.1511
61859.2246
21780.7878
18377.2076
50.3412122
49477.5442
23.4838848
35918.8633
34206.6916
237274.378
7056.16452
78102.6463
2036.23310
3432.50682
1310.86099
47900.9295
215.807579
8531.54020
8057.98888
33321.8188
13475.8311
389.920819
178.083336
2306.54738
5396.56627
268664.601
1151.01314
266823.472
5799.46689
310474.662
13293.8986
12000.7141
712.536881
320821.849
4482.53156
52306.3850
26099.1106
54933.8040
1356.15885
191734.669
198.771688
288687.049
33137.6124
122072.545
10237.4321
28908.2955
5215.18203
185930.705
114.855421
65135.6495
208.065344
89.8960711
855.144337
61418.7788
2836.63779
28751.1063
9329.13911
70942.5990
2894.08932
233808.387
3774.60103
5521.87966
16720.9317
4571.35577
3307.77278
58287.9692
3531.63708
59391.3562
47950.4107
26291.9922
31001.2551
2885.91042
1496.44251
1993.72554
9560.10986
58229.1739
604.883015
78356.1707
245.994761
213305.244
6934.67597
7246.73536
10167.7037
23066.8865
16563.2695
1039.97715
1745.19775
94203.8451
10350.9527
2004.86216
20827.9899
274893.517
2174.80524
75165.3431
7421.34603
109874.023
4141.92159
15473.8423
7847.92463
95734.8699
204.571157
10363.3259
7055.24505
19883.0087
29524.6235
46020.6863
7843.17967
754.223404
14591.6789
93372.7489
3711.32089
98797.8735
21.7086313
63223.5741
2420.40064
60467.1965
3693.61187
32695.9115
219.132831
250452.894
4440.47500
230622.864
101.770038
52245.7280
4784.61349
17984.2979
689.038770
74864.8609
14308.5187
3526.46121
9744.54283
371.748035
88.1116508
826.432227
1066.38459
67413.4650
14018.3232
30838.5840
1720.58982
24846.3260
1296.57045
62074.8741
6541.90727
80.9566951
317.030812
82577.8361
24787.9598
277368.353
534.005850
34552.9191
906.367499
203575.624
2053.45605
854.528258
1126.29211
76527.9164
4630.36456
63730.7818
8964.76718
4817.74789
3056.22608
1797.47132
10992.1604
73926.2958
311.471346
2828.12462
4321.40838
49644.3394
23873.7315
195748.779
711.851284
124241.492
516.631263
28657.1867
88.1575862
10664.1913
437.331788
1070.96940
2274.64416
43811.1955
99.5951095
429.971503
427.758117
61731.3363
12466.1543
63884.1774
381.248527
22156.2415
45626.7356
299306.439
438.833288
24476.8176
7534.81468
299955.636
4178.31788
123491.089
2944.75544
18894.5298
8282.10191
25139.5881
78.5768161
6595.53137
1783.73194
96903.3454
301.270115
126241.462
13367.7423
22242.4267
3068.89521
290840.600
19720.0535
48736.6779
27470.6138
284280.832
336.733316
21511.2280
517.689950
154520.414
4923.02004
325532.225
5576.43344
7416.25080
1690.36267
93632.7896
5915.29335
15818.5207
68.1651869
132578.584
1455.98094
29744.3672
8631.55165
22816.3154
10020.0580
129472.393
30382.2114
21095.4806
13313.9627
121639.113
57.7586615
38883.6569
12515.9859
29895.2022
20743.4652
30948.3958
513.145548
127647.220
12111.3552
40071.2793
565.310614
230153.780
1724.14022
46942.8637
1241.95901
9665.19324
2252.81867
98582.8526
1457.89255
26146.3594
12289.7418
27809.0506
14562.9524
326188.871
14267.7796
41555.7853
43.9016520
3510.14364
4698.37624
255799.379
2681.44402
287262.191
911.497320
135706.570
533.212797
50844.7233
998.148779
55585.7381
4469.53799
74455.8740
1188.55743
6569.73486
646.211392
7430.80714
3281.48914
88626.0673
50.8842940
10247.6448
3808.50317
82328.5165
389.107630
73924.0306
14756.6924
156199.154
13626.6866
713.683503
29960.2155
74845.4389
9881.17753
63669.2017
1053.45895
217094.579
17224.2518
196398.528
13237.4994
12108.4779
10092.7095
12544.0490
23787.1877
340215.512
1537.90880
118323.115
9472.68132
39815.1905
1619.05008
60960.1420
13387.4550
51417.3435
192.266365
53000.5147
1264.85669
299394.656
2315.94516
97332.7231
19822.7004
21422.6087
5857.94658
326579.442
11142.0310
2133.14146
7990.20859
45996.3081
969.145053
12046.7703
1520.71625
98282.7836
526.153685
14410.3561
127.581718
17126.1716
176.342158
44713.4516
16020.7881
35902.6493
6586.75447
505.487843
284.490558
14953.1643
7337.58672
13150.4523
410.046552
7375.51790
291.078080
3212.29608
167.812063
8489.92415
87.3355767
48883.4169
2236.83401
85443.2966
445.444572
55329.8336
722.832870
24993.4991
776.801018
15291.2197
62.9835804
2731.47669
13332.6941
259261.253
1956.20946
61808.0932
11866.7111
27526.4978
228.928863
19389.5980
284.477110
19161.8123
6364.43389
293228.410
87.5390040
167745.617
567.248329
8597.14951
162.395266
11393.3346
160.931104
15111.9788
2836.79998
21407.4756
17463.6459
14770.9583
5256.97503
84929.7570
5670.03381
8062.54037
4707.87132
224.194735
4408.54204
37904.9272
9558.89179
17139.9574
24973.9216
216917.268
1503.74659
46856.2267
563.934414
59338.0218
349.104172
100716.742
5962.61596
75425.9769
2778.78057
33514.3912
2255.67841
3828.73568
31158.4230
266911.551
134.051313
69981.7937
1137.28190
40145.8444
842.384740
215770.151
26980.8575
256068.554
1820.54348
239578.764
216.232077
330730.780
9039.31405
119440.273
91.4330902
59.5677323
648.741453
613.158086
1233.19382
1097.28111
2163.69883
99759.1036
1897.79821
316185.888
14392.8464
333759.764
2129.47707
5242.95829
1026.71919
553.775013
2367.59585
12939.8317
4445.37524
116262.350
17086.9207
130295.898
6972.31784
69794.0438
3610.55131
71405.3254
1305.84590
14249.3377
8126.79899
48046.9949
2292.60314
34770.8283
1981.12694
56429.7574
109.741661
170798.428
7938.40458
19504.4145
9048.44988
28076.1779
5221.08834
44132.6865
6201.75304
24044.1675
5171.10828
322553.372
2578.68842
61526.6132
7507.11497
34612.2942
4374.65443
34534.7796
18315.3346
38412.1967
437.039556
187673.616
33446.2820
65016.5518
1862.73350
10130.8681
14994.4748
61561.7999
39057.0490
3539.05488
9633.45081
118069.538
42201.4700
67421.0591
105.556992
32928.8707
20901.0864
236469.803
16864.3815
60628.5894
16349.4162
98634.1929
7183.23679
27289.6824
529.732755
225783.403
2240.55441
55787.7611
7269.00165
803.628071
507.376615
228220.399
8860.46099
113007.033
548.807291
104442.857
5737.71754
242482.173
20709.8926
49199.6109
482.454196
107012.268
24606.5679
249643.172
4858.41336
77551.2625
3521.58913
53947.1688
9088.23769
260850.084
13361.7707
2690.89053
60.4489430
63596.9656
198.514055
41187.1591
32992.4684
482.107708
5013.85568
120621.926
1405.29598
119247.822
902.451742
85568.8249
1374.81028
71866.6593
1962.01916
62327.0929
17063.9999
208509.716
4121.45768
279556.138
12798.4974
46447.7377
8228.91889
4856.04903
36890.3400
27262.2099
4680.94782
12688.7304
222.430325
129536.138
3081.32190
239553.060
1220.45105
308983.385
12795.8152
44589.7918
146.145531
20038.4796
19800.2086
66280.7605
2770.88751
554.022656
188.448327
50557.6492
2809.06916
56777.8149
630.644725
23483.9920
7463.35114
160364.171
4217.34529
3688.84477
8978.07279
81231.9044
7517.88133
9357.32451
1668.46049
48931.7437
440.523692
2439.70657
901.878905
38279.1457
12658.8768
1209.23764
546.259920
30945.5580
112.122516
10026.8236
2214.51841
73875.1627
1719.35445
316478.339
7013.73417
208007.182
11497.7930
48944.4405
31974.5471
13704.2971
4050.61775
299696.318
2805.05046
17190.6865
29253.9649
25506.7686
1467.78077
56763.2189
24528.2159
78397.1603
3120.08374
870.697999
208.136132
270388.842
6442.21586
8161.04133
5526.33052
333437.237
25896.6333
10861.7149
898.259041
6501.53775
36170.6593
271329.002
4469.42005
111779.746
17885.9401
14895.7976
5024.14354
177637.529
788.756839
43962.0393
22694.9374
53710.3020
123.352877
32332.8600
15079.2038
59266.9461
8588.99273
33406.3513
3057.29711
35601.0970
12976.7871
136189.052
5265.41977
311278.305
16802.4266
21722.1280
2662.84955
15926.3385
8806.53261
3901.48007
14865.9934
91052.9180
345.217591
20214.4565
193.327657
261546.448
97418.3574
203119.351
1373.88692
252468.157
1682.73981
21446.2144
200.899554
435.622068
10362.9326
13334.7601
6411.49581
264524.482
77.5313354
359691.023
144.759098
51598.4752
5316.24002
80201.8505
48075.2085
55556.4903
1146.60450
84699.4434
562.134133
3892.59949
7662.70472
131883.645
1328.30260
1035.62291
4692.63264
204445.360
1521.79687
230835.567
160.261226
45230.8027
89.4375592
8069.31255
606.071565
7890.75982
6964.16665
99724.2965
8619.96266
11666.4118
8843.74906
17600.0736
306.051943
9371.87258
1573.25818
12989.4037
3815.83565
8255.82238
15591.4601
157884.421
25275.6478
47724.8459
29607.6206
18397.8592
13479.7852
80449.8638
7204.25465
77553.0291
5169.49392
1029.78992
116.911384
38363.7363
15168.5782
24245.5757
1008.12075
243019.270
11932.8969
14302.7869
412.185487
299415.333
14694.2283
98106.5463
7743.99036
225251.524
3676.84782
29285.6751
1328.23558
1801.40802
9009.42251
12590.1093
475.407723
96019.3873
472.192236
911.781815
3583.95837
233954.489
1612.79925
75078.3506
6237.69336
22915.6667
106.334350
1863.24909
3253.82716
3037.21100
819.505767
7400.06761
8183.15672
63446.0890
1781.63532
80097.2114
7687.61827
337151.135
1684.48748
183648.829
19.2214173
70769.8313
620.960397
270789.529
5803.03943
81931.9268
9846.13388
19607.8936
167.351977
56060.3839
3240.80569
49969.2270
3158.56438
258215.285
3464.72733
147669.951
15270.8146
254719.587
313.858803
4655.45388
1834.91222
266528.377
20196.0814
65351.3856
244.682812
288358.673
14544.7496
202614.122
24185.8297
214424.324
17728.5716
16749.5808
23435.3424
257499.444
17264.9498
43212.8531
6505.02874
52981.0204
2467.55389
212229.410
5613.89978
14072.1152
11726.1800
130232.936
12180.7551
5674.17298
5619.80994
45837.1821
1288.85985
11847.8170
2968.57740
10097.0456
6369.74312
3835.56000
130.725244
28203.2906
32791.6034
284512.017
2093.15351
203902.166
87.0200766
61198.4678
2184.29895
39503.6751
2296.16617
48073.6941
9022.99672
920.150151
29005.3434
108718.056
774.070575
5662.03682
14162.2645
308622.451
799.990093
324919.602
14606.3029
4723.13837
4333.41691
295174.086
426.841909
7347.34096
2904.46134
212223.593
455.231385
59447.8448
14706.3528
24364.6437
12187.1376
45845.8778
23504.9370
325157.126
24952.0013
19091.6232
185.170821
13578.5540
13577.3274
340148.878
159.136283
22703.2969
20441.4809
93659.2154
2989.55859
132802.540
5713.59396
60477.4458
3628.80303
16454.1039
2966.52717
38599.7677
3996.75152
155700.170
89.1533974
127501.965
11247.8223
323103.411
2635.56357
113680.113
1306.03959
87701.0808
1299.28795
16922.2463
7569.02139
58404.7351
612.678792
157634.655
4463.46071
316360.584
3438.51232
235618.632
214.883037
281818.257
2753.21568
247878.670
6403.16460
58783.0788
6779.76821
102916.131
4035.56877
143002.278
14842.0886
2206.35516
14854.8953
76970.5763
4220.36085
320141.742
19309.2346
277821.578
23186.2559
39876.8213
2365.02954
4301.84183
1668.11083
2069.20416
7137.91525
51872.5528
3905.03515
262004.632
1053.49613
76098.5046
33330.2775
5685.41554
2014.35683
28332.2855
1185.17945
114797.331
45.8639592
2286.77249
10327.7071
258493.905
7295.62783
74672.4768
590.324743
31730.2733
6163.14222
31267.1098
2040.32977
23966.6504
6759.66715
3462.78973
10107.3790
5382.36333
1742.32925
204921.001
956.852508
47972.8894
4154.88756
86603.5399
16913.6556
32170.7161
1522.11696
23506.5698
30193.1377
103836.613
3048.06699
46974.9057
1821.88903
6649.80221
1439.15996
237518.496
898.559144
29397.8698
3739.73624
15811.5390
600.814013
1264.88162
3762.20485
103693.471
1982.54457
15298.8660
139.008103
81027.7956
3511.52894
21205.0775
16.8614545
257567.374
18571.1048
9661.57006
5416.96639
83657.0760
446.418780
8310.18545
17686.0367
145439.381
3787.17865
5239.33567
743.308943
30448.9211
21388.1281
5879.15925
8402.78383
2142.89818
10797.7748
18375.6027
1352.27129
295106.817
10636.4056
12714.1670
3120.33767
45522.7028
1228.73959
5903.57586
4112.44797
12906.2337
11627.5414
79025.9695
68827.4705
215869.329
1019.53483
20139.2453
3264.43964
87405.5690
10270.5806
12984.0560
3759.11283
12770.5025
74.1382822
127417.833
5182.31657
14894.9382
28756.5447
314793.265
12593.5024
15459.3643
23812.6599
37984.4813
8365.95141
2518.89022
20160.4810
72181.3323
3917.88273
1969.42468
15497.1582
50996.5009
23501.8339
173261.362
579.643446
54213.8418
11810.1298
6826.67732
1688.37768
307722.965
1601.07458
33628.0940
121.202727
79688.9991
577.332169
34385.0677
36.2130934
76194.2121
16142.2614
242008.253
3008.52772
15162.3159
6297.45265
19794.6798
8721.42681
29401.0602
161.800754
44483.3980
9777.17472
114266.483
10694.0624
101345.263
3078.47534
6264.16372
4575.66389
40407.4499
17944.8236
126956.776
2119.86755
23488.6706
6159.00271
54793.9768
12449.5747
268763.272
542.498166
16497.8628
9841.57550
35145.4823
7809.39411
45631.8882
7886.35223
50626.9967
237.528498
58882.0129
6823.44564
14807.9869
13744.7670
278334.670
3573.50056
64126.0448
13501.7730
1319.45854
6789.64901
15875.4962
6943.47959
80289.9243
1549.69388
53348.6784
27.8275950
28677.3626
2710.70894
3343.88872
327.964501
271776.122
3738.41282
292949.746
40.5950981
55730.9112
8083.69085
80427.5169
19768.7168
83969.8134
37671.3087
285305.144
8816.39410
54729.1484
10485.4514
335103.979
27752.3047
188549.241
69.0676503
8898.02952
6825.88649
299278.475
118.094925
76318.6584
1866.72886
90863.1460
263.295338
1216.87680
1637.49385
1156.44242
1645.71716
5375.84206
981.068716
31330.6097
1163.13480
23520.0675
4423.68382
326016.521
3100.62836
514.077003
637.837025
55521.4279
4608.21703
18787.3082
8124.73218
293818.997
3809.48776
83281.0192
4356.69684
13379.7755
2923.61673
98458.9506
2668.84856
8925.70393
390.945587
15130.5915
3927.47638
67293.4661
10196.5868
303308.190
5990.87655
58874.2418
17730.2030
266651.231
3017.36369
614.442438
721.545615
10495.9117
729.378887
101550.892
32949.0628
39704.1244
22047.0322
23092.8367
9448.70325
83236.9900
652.553432
16870.6847
4574.94402
103995.517
7706.86035
101453.086
3024.94609
27251.5366
469.459768
11434.5387
201.978486
28770.0385
981.736716
48650.3999
9499.90438
32272.8968
38962.2013
34735.5501
14429.3692
36724.2294
1198.49895
246859.510
9772.76505
10789.6796
14521.7053
33371.6777
9403.59078
12786.7949
404.781446
60169.5567
600.273462
44782.7456
1085.68482
264354.171
672.101093
49539.3866
1335.36727
26647.7718
221.571822
83528.5032
30181.8641
351074.092
151.981145
233926.592
103.427628
51443.1224
9475.24858
239448.031
22087.2760
104444.536
3264.76431
315319.220
5514.31600
266542.190
41923.3645
232970.272
499.926591
266003.915
1929.24193
73652.2552
3644.25770
51038.5337
2753.80883
241657.430
13210.2569
18622.8322
399.973115
54019.8883
10889.5424
91195.0190
7665.13720
60377.1362
1056.79836
95785.9561
133.182767
18713.6838
2768.83860
900.417744
488.361105
10703.2610
51206.4578
7547.75191
481.576865
22942.9396
4286.65854
1005.21467
16864.9288
5521.44585
517.817308
99871.6478
8439.53387
12946.1654
6385.07346
17401.0762
48726.1716
322703.639
4201.20363
24811.3464
1995.31159
11122.7597
14252.6985
43475.4093
9836.87307
7552.94233
27595.0225
241493.954
12335.9954
32588.6322
300.968998
249239.800
1088.05337
50238.0144
13758.9812
36606.9714
58.0367992
66696.9558
21971.1879
9132.60145
123.753211
281963.595
19779.9272
261688.671
150.131144
327292.366
10747.6419
79173.9950
5292.23202
17041.2686
102.498483
19908.4701
6653.48895
19978.8261
1246.70031
24659.2590
25903.2046
3189.02416
8943.31377
54387.9314
21756.1978
6738.74939
2026.52501
5161.51636
51.3237780
79243.0541
4305.00505
149352.761
33400.4450
277828.477
508.227941
3559.28077
5408.10670
22063.3790
87.0394122
17712.5407
2475.02233
243841.889
13887.7618
259481.649
941.258092
343335.048
460.652476
3450.03793
1865.78836
4119.83383
32056.4590
270571.411
1136.31430
220220.067
1019.26103
49846.0183
3177.39666
13578.3480
18902.4961
263855.127
3912.77961
101054.625
956.491367
237588.361
310.131404
54525.7698
3490.25004
148856.279
42738.7635
111597.104
24636.5671
371273.262
8333.30101
52052.5118
598.345094
342400.021
16898.2661
53119.2934
725.377655
223027.860
639.724374
268488.718
2589.29911
62080.5160
74.1920763
125588.068
84.0689873
214326.342
1635.78744
7198.63133
1378.56554
89943.7714
30141.2094
5136.12110
4209.20194
49330.1071
3027.39388
15966.2943
562.021365
273373.454
318.938163
11352.9620
16529.5192
31568.6643
3629.34058
41748.7901
127.191072
32194.2097
357.466146
1891.30984
10173.2693
9381.18102
11704.0354
2818.45809
3439.24035
40572.0185
10007.6315
22842.9646
6661.88717
210352.955
493.262128
14808.0033
7252.09496
261456.718
1947.88678
34982.1470
1203.81573
14367.8896
1874.33230
5786.99085
54.6892037
53534.8041
26192.2126
194730.770
12040.8987
43077.0848
9506.70617
275784.180
13630.9141
43522.0046
57074.5517
356093.053
1916.59672
30799.5352
1663.09418
77199.7904
25222.4517
327512.114
1108.32139
286151.451
15878.6887
214965.995
2393.31229
1229.23162
36314.7833
10237.0643
6669.50831
269086.511
7210.24072
64807.4837
16590.6980
19128.1375
8144.19930
74529.6561
1613.76342
220625.008
909.587421
15885.3853
9731.41911
3548.04225
5561.95849
2551.42723
3009.05256
129746.968
11340.0134
8715.89161
17022.4634
220565.930
11188.3433
4028.29518
78132.3852
103414.413
4491.92134
285096.562
8602.47365
27253.3688
1193.29307
8313.49299
1132.96122
84469.9005
401.474028
231624.588
4678.14308
273546.776
2034.43303
243095.936
5054.19555
72379.4739
1588.97800
23523.1830
16229.1386
5241.71350
12806.2115
17702.0822
3231.59542
13584.0335
3777.91626
179151.329
758.254327
22334.0816
667.859681
183369.297
15515.1633
2144.33098
878.850162
39687.0998
3241.94203
22063.6701
481.026065
383331.639
1118.19974
38447.8361
3765.88823
51630.4956
3558.14307
24149.5377
433.160582
31160.6107
63.0171302
2880.19512
2990.26292
115618.766
3587.61410
33654.1837
40955.0067
34643.5659
5596.25928
63027.4377
521.087102
282657.528
978.684549
135992.369
1350.59320
10752.7549
1529.84985
247986.540
41857.1960
77700.6323
63.6106545
174670.066
1203.29642
10466.0445
271.929821
31091.4863
8155.52590
54230.1408
3152.33505
99310.5456
52.5090617
26269.3255
389.466040
80661.4528
5429.51643
18320.3477
7351.57979
74128.5568
910.545494
64594.0238
82.0281299
30008.9461
914.062193
284936.725
7767.36244
277394.933
25357.4631
4597.25925
16553.1324
211674.114
385.833180
396.883841
4316.83767
14481.6594
20368.7380
121299.656
25491.4652
201784.169
6527.49742
5135.39163
3481.22079
279865.131
4282.18390
66543.1077
5821.67809
56973.2788
6605.51317
23425.5048
628.457598
17967.1613
13828.5189
226391.927
4211.13701
43522.1877
4547.46454
324209.385
3544.41975
5088.09575
17908.3906
39928.7333
10172.3548
85966.2111
4724.79787
3207.50195
8942.60445
91676.7900
9303.21531
196147.365
4531.44627
281717.106
70.0709753
177200.124
301.853293
253250.409
417.641008
18554.6857
12216.4839
46909.6948
52.7149753
153181.353
6096.23993
4667.91319
747.191999
66091.0292
6886.21918
25678.0843
6855.51886
52151.1042
32454.0119
30296.5318
1361.59990
20282.0447
611.005540
281705.270
382.400107
46148.9216
17368.6759
236772.056
3730.91864
123343.422
47020.3788
261583.479
2157.52688
344600.347
38859.5978
9321.16950
11605.6348
140376.956
25623.1668
260987.844
3962.91612
9802.01522
2128.97247
37026.1649
428.805463
109145.920
13885.8977
110129.709
26443.3546
4748.82214
636.695778
107359.873
31.9887450
254177.502
1070.09582
8061.21218
4311.60834
20000.4470
280.075303
17664.5560
8489.18953
225531.151
28995.5889
103501.363
12899.4566
245311.194
6513.73729
14393.3277
657.757011
75241.6552
4734.55516
246212.369
1323.79112
5820.70185
7874.28611
23901.4237
3750.34078
120393.759
5217.13654
194208.940
18385.1257
141318.978
2418.47193
79058.0594
7922.43596
7646.71575
2550.56768
261653.352
361.362914
74321.3866
7053.85155
250266.427
1346.91963
103258.637
1632.61542
280526.035
6632.94486
279222.075
2927.81812
65155.1656
14738.6033
256114.306
111.902329
763.850305
8663.17033
184018.267
9999.82230
12274.5699
2051.20250
38802.4249
832.649246
314325.162
789.334391
20608.1936
545.314639
159233.847
1333.48063
1510.45182
6728.13528
50403.3104
2415.65077
46237.9902
378.358912
1821.69143
45104.8407
247235.041
20402.1427
5789.22501
8920.05942
20701.4761
1884.83438
22093.0386
18507.9202
40773.4735
7171.84494
8538.94478
120.174102
236277.304
666.389473
8843.58256
42.6212600
75828.4007
1851.56574
245108.339
4892.68223
72258.0011
1225.38818
272290.356
24417.1138
261160.722
11409.4842
68505.7457
7090.92122
36294.9964
12124.1557
257577.838
7017.62621
227502.030
1680.63955
210078.697
138.648906
71462.9641
275.473598
23344.6611
732.482159
22328.6381
844.377639
4994.26598
4291.57617
266529.582
8474.31058
19360.2403
8184.58280
249503.824
14099.5059
152959.300
7765.65626
262762.130
309.026439
39051.8271
98.2010009
291432.806
1629.14977
287436.359
4657.86634
222486.885
2570.60390
283502.809
13812.8913
182550.754
689.087879
12112.8256
2820.49714
35519.2878
6485.75196
70746.2513
7580.35602
4985.73294
5098.17549
265572.086
13853.0797
100295.476
12751.2801
128231.544
14109.1055
290385.171
371.795189
75915.1745
16455.8417
108168.288
17734.4313
68596.1844
2892.58116
65337.8545
657.813779
1025.62795
476.588895
40142.3031
32544.4495
244702.487
373.994117
242682.663
8497.91481
155626.510
31.9184177
1473.12948
2498.32733
28337.6618
5206.58605
264182.598
575.682512
5190.99957
706.279248
9008.34891
1668.29662
152656.943
3673.55927
172531.346
7288.50166
242502.657
6181.65381
321990.375
617.875595
251960.258
2164.90582
94767.8911
3681.31058
6747.42576
5587.18821
4102.62696
25154.0343
265273.728
9534.52033
14706.3623
12541.5456
532.728703
13885.4784
61487.8958
11661.7055
114427.050
119.583167
49746.8821
8232.29327
4750.29519
450.538122
16214.3201
16140.1104
13035.0054
243.999849
60032.9646
430.948153
112687.200
314.591682
33179.7293
17430.1571
186785.759
2089.63873
59240.0206
960.835700
28985.1543
32.9112521
209786.950
26700.3451
13255.5399
7983.22394
69858.0895
3436.22088
172014.749
6958.52465
108467.297
706.817641
39226.8085
2474.75769
8945.50197
7253.02435
37740.1572
1613.26421
28302.3872
3862.71676
141226.136
18389.2734
18852.1113
4294.47620
254098.520
116.903874
51363.1969
1498.02286
2113.11585
236.325954
5933.43271
4116.31910
26865.3813
19237.0385
239805.610
13724.8164
294203.936
1971.00876
83843.8927
4063.97875
216868.701
1390.73365
146322.640
16134.6891
47159.0148
11428.2314
76266.0212
2534.99405
185224.460
15225.8970
19250.5803
8057.62302
19176.3142
870.125167
48383.1871
573.627452
329645.995
1593.26929
27475.8759
6139.13489
263217.694
7676.56669
74779.7739
3312.21674
22238.9298
80600.1763
11098.7993
478.056385
34189.1044
1053.80845
8882.93937
22527.9282
82406.9339
2526.23281
3360.94348
7541.90327
6098.05870
4234.16373
214254.777
28136.8293
192465.545
9664.11950
4995.57472
1063.49771
261804.992
44848.8205
2012.83986
5399.78605
336767.288
50.6968001
40472.2215
25647.9037
28402.9096
481.610875
5839.91781
4476.59320
13259.8012
15086.2921
60654.3776
1853.20733
223633.485
11127.9869
33918.2887
3512.90059
10033.6690
11931.1054
263178.515
1228.70007
110712.843
7505.92923
94525.0564
13221.8546
317885.070
671.426420
8254.43297
2090.45836
79289.6071
597.643291
21490.9178
3887.89595
3680.12168
529.772976
36622.1647
4383.25324
71709.6009
1352.24605
311361.344
19422.8541
76362.2902
3010.35508
20896.2414
691.905145
4825.12186
516.828731
12449.7273
4315.29164
273492.936
14882.4784
186089.693
217.231782
1295.38980
56.0927491
14014.2342
174.721919
218592.519
1705.98877
44636.3971
4019.17491
232613.611
26726.8811
231426.908
2656.70552
52493.6431
5890.21489
3806.88743
3033.45006
290409.930
2136.35850
18390.6730
2909.39655
228480.552
5437.03586
115262.964
3160.50414
19694.6167
22624.3604
274662.500
17134.4268
36876.9631
11888.1175
28031.2587
149.060729
126321.473
256.630198
83429.1486
18421.5767
24333.1434
1153.61720
80043.8686
10330.1612
16267.1738
2744.18516
252572.186
9277.30971
65743.8408
4012.31099
5230.19719
390.259615
49456.2367
3579.52121
234950.393
17161.1622
283437.158
1286.69049
241106.164
7954.27955
277149.987
4064.01117
20853.4360
1966.51627
245688.330
2872.53305
205324.749
779.304695
49581.4785
7502.68488
338002.352
3647.19010
10090.6946
6630.81248
4162.96350
1926.21908
20710.3280
7136.37334
42264.3604
7802.09620
242580.997
36255.3982
24663.0921
1060.51465
202473.991
1445.11641
109830.858
32750.2019
115967.542
14779.0108
7976.57925
4887.89412
54850.2954
2240.05584
237071.998
39877.0218
26457.4631
5178.06019
240831.480
7867.13313
34845.6976
41292.6059
15664.9556
1560.84467
6543.75444
8441.59048
7777.87697
9643.57771
32586.1088
7148.43624
218484.940
8005.74184
45028.7438
23088.4295
7232.49558
8998.73500
243170.098
9996.71516
97494.6706
779.759340
259249.799
708.939233
268495.993
28772.7229
20256.6257
423.887552
296715.103
27009.1486
4761.52891
5035.56324
272846.549
9220.09783
5620.35480
8016.51406
2230.18703
787.077420
55916.5724
318.690871
292919.675
28793.9213
140845.615
8369.43030
15407.5456
10244.7679
60972.5050
13869.0507
304505.106
6008.27677
300769.731
13936.4596
357648.134
1732.54849
339205.503
5625.35265
317763.535
389.944769
10658.7638
1729.04189
88994.6271
3375.90080
220158.447
2448.72956
56874.7442
1556.90986
53036.3886
1870.18346
64347.9631
420.440935
12519.0508
92.0565195
25189.2919
3300.12139
83016.5062
26450.1692
19588.6578
299.649790
64217.8084
3013.46782
6677.24178
4110.99884
31350.4422
1091.95355
55640.8197
7980.91477
34479.2085
4998.40138
33339.3386
9182.92625
8472.66509
63581.8483
237297.144
15051.5825
3196.40112
794.848025
318837.530
31294.6307
130116.408
5392.07889
73991.6125
1185.55631
55587.6432
15496.8765
3720.63650
8112.33414
259880.563
285.557921
72790.4867
4249.71752
328805.259
7261.44226
9496.78675
2142.57510
14189.8334
111.102380
74412.3068
232.173031
38209.0155
49.6413772
206057.533
173.400441
36534.9710
3680.41030
332184.452
381.250991
333496.480
3036.49406
227307.143
937.441899
5298.14204
1269.19968
273985.088
12273.7380
2141.15735
3965.76254
326137.247
26540.5991
48224.1004
3525.43506
15837.6545
25297.7568
1478.17808
54495.9294
116372.877
1316.74664
76424.3274
2828.84225
55857.2875
6734.96144
11434.3132
3967.54678
41039.5169
15911.8721
240770.525
1667.23433
45422.4530
10829.7500
336801.125
71.0122090
276283.816
1043.70982
221244.076
326.993915
214574.839
20838.0623
31488.5182
2697.98965
6158.39967
8042.56755
114506.176
4494.00829
345896.042
7348.86858
930.566330
6988.73751
19246.7505
1375.27064
85799.5830
1007.50132
27911.8613
6782.45973
32179.9729
3624.83993
19491.0137
7333.75232
15340.3975
1312.56362
43063.1985
4131.37108
45610.5940
532.930424
354015.508
33742.6469
223107.982
1435.54895
62715.2916
1665.30340
94779.2641
28801.0769
152489.688
73.3944323
62754.6412
21630.0779
243485.381
678.301105
27179.2434
1108.55462
150775.667
5950.54539
16467.5300
11056.7276
215803.459
4418.18426
54528.7131
1350.28296
209215.385
9160.98258
68534.6987
4928.33213
3194.45102
766.801088
5637.91779
1868.68178
478.555657
2223.19003
40823.8370
26045.5439
252414.662
12748.6918
254362.700
2776.85851
4434.28342
10131.4430
77305.3790
40542.1915
22453.6964
14155.6089
260033.489
4579.83977
270392.477
10899.5200
250484.274
18185.4785
561.381330
4601.83776
57236.2467
9178.95151
159823.172
521.688119
404879.601
14982.5122
60862.2844
669.610319
6083.67267
2952.74870
66900.6226
1916.64532
153047.272
19009.1370
68277.7780
1469.57866
124834.257
2196.73755
47551.6032
261.700722
298650.121
13390.1205
21206.0261
7174.98351
416.624352
466.841498
27085.5038
1884.68018
387.394972
18994.0305
56772.5751
7546.74476
3413.41923
58872.4507
55402.9131
49969.6818
89893.1865
12422.8186
71972.3679
11797.2936
3590.86209
3772.98432
14543.8862
7169.68753
24701.1308
8593.18938
244870.170
1896.48132
36136.3011
3630.50494
78169.1822
465.479550
45449.2197
2603.29491
61406.3956
9637.83646
284963.865
397.082326
74446.8416
1327.30275
391545.801
139.793280
114411.910
43408.0981
12094.5100
5901.71329
236647.425
3500.89657
32384.6632
2038.87967
228285.055
169.202989
17562.7734
4248.42934
272306.967
18183.0493
4779.16524
566.326684
18409.9812
13096.1428
247666.348
2516.14045
9076.41755
898.811549
73014.2730
467.564187
285337.869
213.807904
214950.720
29930.2885
59233.1875
4110.49487
231236.903
487.364468
34572.3168
7019.30130
26406.6048
466.963746
48242.8839
11059.0293
674.310720
1507.33313
42522.6461
4920.35672
111526.475
1101.04162
8865.64358
4878.82730
53450.2940
10943.8317
258984.848
80655.1451
230100.369
2832.20810
87168.2553
32818.1519
24108.1958
10640.3461
183836.709
2971.76358
259925.440
7252.63215
25006.8158
434.101884
43323.8464
22871.6895
58963.0442
172.279399
45485.6206
341.861801
293406.504
14256.3963
153.558640
7992.12930
275124.807
14107.4615
234167.310
11427.6533
7198.02205
315.675781
235234.743
20234.4606
250604.524
22509.6813
233836.986
33516.2913
249521.773
32880.7955
253986.913
43640.8606
22776.9970
23129.0331
141906.064
22911.8820
223836.396
11237.9422
60130.8534
76881.9419
291675.946
20362.2001
5111.63825
1534.05896
119023.227
2749.73597
217583.769
3401.56581
132121.736
22797.6037
288608.322
18938.6899
285273.429
80.6250818
10987.5891
499.548069
136446.233
13746.6292
282430.654
2222.37184
101055.271
7305.54656
28355.7030
22660.5729
352265.287
66.3420473
76667.2493
10196.9283
268582.481
18328.4697
15684.6995
2772.32570
33093.0181
18851.6447
124094.111
1209.43511
55476.2256
16228.0561
346001.702
5497.29746
222999.655
183.835752
212290.219
161.739771
317562.329
10084.3886
52232.9798
14375.4912
87309.0576
847.262663
51343.1225
228.897843
321396.356
2609.24982
186234.140
3700.97309
326273.127
11710.6013
71160.5801
1295.42735
1854.28392
19865.0840
302313.777
1227.84818
10702.8424
18076.0182
273319.672
1202.00548
16633.7170
56.4513315
309219.631
6767.10987
137542.821
1912.03999
3157.79181
59.9961633
22739.8172
347.612334
7432.60010
15405.7562
66510.6946
22940.7193
13532.9848
26468.1871
54109.7105
29416.7871
230612.381
9032.30530
339418.591
9788.61522
212400.447
2096.19274
201901.738
7311.98225
5980.47393
104.501614
31899.8813
19179.5867
104097.725
1213.04791
315314.756
3397.05473
321205.057
7586.24167
55471.4835
7589.48149
378260.022
46.1572651
69622.4186
1005.59785
276747.611
64.8066856
258445.280
37.6187133
107040.712
1517.37525
289548.332
4889.25203
55044.8809
1193.45510
188747.091
11420.4263
19617.7944
5243.85342
223754.143
32615.8295
53201.2798
1177.07046
72210.2750
76.7763451
85124.5638
193.116810
17359.1864
754.296493
61601.9061
26625.7788
106496.948
12179.9878
112783.453
31661.5104
230943.449
1412.02458
318175.541
194.043905
49237.5300
8692.97001
290983.902
8338.38338
242603.881
3356.31833
243718.861
5323.15426
11955.0797
3246.76310
34516.9711
178.824453
73024.8937
21836.6511
172740.747
12570.7069
88147.0795
4035.15390
61283.0432
122.991488
49142.8502
1910.39710
24987.1393
3977.47060
353704.729
12728.3218
37169.9326
2003.85755
23715.7606
3246.28425
250201.194
829.977982
285067.054
6675.47381
40915.8319
151.664300
7093.56330
4598.71214
45761.0881
63.2192438
29395.5379
1447.26781
9999.85857
250.514227
199220.737
4135.07241
48047.4624
2583.53838
5400.42709
366.960915
5427.48200
114.922681
6173.07526
5370.35388
37815.6981
2290.47551
199335.198
28354.0495
55186.2178
35506.7873
16851.8712
12123.3104
27026.8285
39185.1120
99153.0982
14404.5272
8156.10366
26472.8745
210045.586
20248.0723
211420.175
10990.1099
218948.557
16683.2734
220656.208
26616.8490
13168.5652
16734.0357
307953.382
945.471039
286580.212
7818.45002
279151.086
17066.2839
1557.40651
438.797564
17884.7936
3616.60387
18800.7917
3847.08097
142515.761
3393.66496
422063.854
33624.7699
283371.066
1887.19025
110680.931
65.2727974
249567.318
24.7362185
297710.744
2825.30188
12298.1400
416.150410
54291.2582
12833.1848
19934.3855
12364.5909
9510.32977
24.3379957
251346.018
40924.5048
120555.715
47620.5598
339687.069
2130.88584
200946.740
15053.4105
231016.254
296.327315
329192.917
446.367297
6648.35108
12237.3924
271856.974
4476.22537
257873.315
1631.39721
254422.148
2244.97020
321556.405
10113.0356
6274.49830
3061.00457
27510.6795
2272.69318
9476.61072
55845.1404
220343.501
12781.9685
283890.902
2049.66525
63173.0924
10494.3876
105278.571
2120.70538
109949.542
70904.8602
181607.863
61.3618435
32322.9169
4927.97200
8753.56172
23589.8300
248304.354
17951.3999
32931.1902
838.127013
22690.5028
15929.4448
177937.352
4918.16616
269829.694
2834.12341
220808.381
41.2302616
26760.5919
1407.15299
7636.03662
5904.64977
234619.594
8934.70779
4694.35392
16121.2612
24983.3656
3332.59481
112924.301
1129.84183
138663.570
265.388075
45994.6633
34656.7162
173655.080
33638.1939
98459.3348
11952.8359
40991.3772
13415.5898
23422.5775
6806.15749
53682.7399
2393.49598
32738.9006
3198.87304
51349.2207
116.336957
67586.6469
3015.17919
9583.38695
2925.67381
173131.329
185.383944
328687.201
45151.7370
5680.28293
135.625354
94828.2522
64.9448929
189412.039
1973.37523
256156.262
206.212179
118226.224
1760.00008
235824.481
13874.2622
83786.5837
14556.1914
217183.275
38904.3281
23175.5902
34321.0290
113639.760
2947.74711
333544.729
4081.91808
30245.2926
13798.7711
34737.5926
257.623307
29338.9213
48274.2668
255703.327
5787.56195
67103.8232
4651.04577
2232.97223
1893.16370
33125.6782
11578.1324
314879.975
25227.9444
50212.0020
1406.92177
79489.7414
2839.57796
242646.782
5481.29368
52150.2902
1838.67124
134066.922
584.721473
36013.3288
610.464184
177394.172
20218.9866
75080.1344
2408.44871
18225.8110
498.811019
20256.8285
11108.7348
135308.599
60248.7194
589.590536
7632.60740
287661.474
43364.4502
321575.886
20567.5570
57322.1463
26295.8559
20268.9219
3638.40517
37316.4365
1923.25881
248338.309
6284.17391
10709.1337
13809.9599
266812.402
6780.34803
103989.847
262.411572
166247.352
1805.62189
130215.443
3024.42402
222100.981
1468.56517
7674.97048
2139.28942
18905.2068
3561.51231
271737.491
29382.2627
338186.570
41686.6058
43887.5591
7475.50815
55845.2687
3058.38687
242665.353
9710.07984
5249.31553
5502.40141
55928.2866
2107.03368
121898.397
18654.5142
19273.5150
78.9806636
119837.247
516.450298
74732.3503
867.250746
99587.8372
3143.96693
15411.3121
5715.26422
287345.111
115.596074
15477.1518
1467.02605
65674.2496
5457.73994
226468.251
1041.68760
59523.7863
2964.17972
43512.0745
16876.6042
272055.573
2444.02796
270152.534
11792.0103
65898.8181
686.079540
266786.582
241.309450
213371.998
576.776263
13112.8822
28779.7854
6264.50968
39318.5184
237888.760
8606.56128
31137.0668
2056.55651
15281.5438
3018.38487
307119.294
8936.53039
45018.5837
2010.08318
29798.0789
560.938859
225490.275
5008.08891
67991.2688
4812.77063
18518.0413
2968.76661
28482.3139
115.453997
57890.4589
2534.47293
68654.1232
1977.74840
198591.680
1318.46879
60032.8718
7958.83091
35491.7514
52251.7858
7567.06313
433.739065
41643.6050
2472.15678
278498.477
376.939498
531.394025
6772.10288
8285.30391
17693.5443
17116.5804
9541.42693
369697.722
16225.5312
90929.4995
1277.03399
34136.7411
14616.3978
106694.799
89.3157503
38228.8106
4907.76176
254355.443
607.756050
14360.8105
157.742577
313105.167
884.326182
14052.0930
1321.09275
74259.0060
66.8565057
52109.4020
1002.03251
281041.365
1932.29238
4101.68157
10066.6541
4620.11215
4871.27158
264356.768
104.656152
22035.4140
26881.5046
159483.115
978.526840
254266.669
118.435366
216368.350
402.207275
10005.2580
80.1904374
252930.656
2715.31395
5370.21727
6155.59572
280698.939
4468.96279
264253.484
205.725703
241592.111
404.225230
82816.0692
24398.1509
5364.15349
2102.29801
34382.4661
2173.37601
12827.3230
18666.1720
38441.7458
13273.3005
272239.661
2201.39638
200431.795
3643.56501
31687.1588
451.902266
913.533030
1427.53396
4376.53861
481.894572
101075.912
4487.41614
233218.073
367.209455
23511.0737
2444.94779
330944.297
25398.7266
156932.910
8263.26345
275875.456
26628.5599
289825.637
8602.01214
53238.9334
38195.7185
178038.156
2583.29530
305859.719
25071.1472
2803.19158
18912.9929
272346.043
17268.0721
118313.373
595.757112
111733.168
18377.3681
285875.717
1043.40365
22756.9853
4534.13339
4985.34499
178.825823
2507.72446
11512.1591
30845.9257
14568.4468
92381.2488
26177.8310
245459.848
6812.08717
188624.465
7593.79192
298841.110
4684.36434
4567.74330
33061.1800
117369.203
4190.17737
273657.147
23441.0098
300759.561
522.511756
53460.2752
12586.6084
262817.645
578.455889
28859.8321
2616.96182
32588.3125
13655.4662
15543.1861
33893.7686
54628.3791
3448.49440
46608.0521
4598.56052
18059.9982
6754.21464
32594.5522
1866.87826
366250.242
8900.67232
47080.9419
5494.95986
52428.4306
7200.30435
14207.7282
250.883389
28057.3004
7877.45572
263060.064
15418.8548
2147.38798
1509.04566
83911.9063
400.420723
51283.6690
20835.1282
70483.2338
9083.31795
290402.435
28667.9078
59286.5052
2527.48063
45660.6750
7785.13646
93614.8703
40473.1743
142840.444
4978.81828
89708.9939
5014.42978
59735.5104
16466.4229
40341.5874
5115.17971
358542.117
506.892226
208086.420
45100.1256
292047.279
1205.50653
254864.279
8837.13070
304944.565
9073.64872
66024.0474
5060.99651
269363.019
14173.6777
224938.067
13121.0954
81356.8655
4056.10739
314719.864
20180.4305
327551.392
139.734102
13529.5636
2690.48586
80674.7863
1045.85640
139350.060
1834.77184
15080.4906
266.336464
33084.5180
14339.8782
87785.8802
3819.19886
36100.5462
6170.34458
47896.1594
41314.4153
16670.8415
2210.42189
327981.470
11870.3814
4974.78591
25899.5590
317240.112
17272.7499
428705.474
1138.11477
78808.0862
288.546826
14735.2915
3554.60660
72916.1523
4018.43123
88485.8103
592.036415
234293.201
22020.4849
5055.65924
8445.96190
14349.7538
1922.74589
242961.891
39804.2446
20020.4304
22123.4604
42297.7419
2224.40629
346276.337
3440.82252
108457.619
11527.0337
1124.86060
4308.53685
302713.355
33271.2375
374435.176
20938.9141
283452.648
6842.26399
18004.6725
12399.8538
33728.0721
2963.86555
15558.6916
7936.82007
22849.6734
25480.1580
50506.6550
2370.71608
179593.319
20784.4572
104367.703
769.750743
161310.979
48061.5081
22557.1607
826.437113
47493.4593
1980.15359
134240.375
25933.0185
70488.6438
8725.65149
106335.418
24652.7929
76380.4767
3111.76287
157880.929
33507.1877
1063.62620
11133.6540
4250.64272
7086.75156
73186.5935
647.164637
6315.82819
28898.8038
231357.964
1494.11560
16776.5018
7300.23116
15347.5581
386.452479
1638.24266
1360.67716
16779.3388
9782.47849
19443.2960
5983.11213
233944.063
1852.38004
104363.616
10235.8404
203308.623
735.479573
50273.7143
13984.0497
313874.851
4174.94845
280154.700
5041.23776
78188.5968
4815.01751
65296.6459
5001.09158
586378.530
1767.84880
1679.08108
12140.6702
77076.8611
11661.7466
4745.52459
1092.70571
179378.231
9045.31061
235358.612
6490.26081
86671.9367
1012.77000
142699.064
2415.54776
298165.229
1389.15548
51079.7959
12552.5900
286935.424
2538.69922
97176.1254
3134.90379
88587.0888
205.211680
148314.737
8333.34987
341462.258
653.387876
76810.2138
9012.12038
56857.7988
1212.49437
14182.2658
21651.7190
14671.3565
83803.1512
44113.8004
1468.46094
71330.7504
18276.1796
61234.2570
1844.57964
24401.8212
634.050405
32552.3847
4333.44849
418208.901
3294.10370
252987.405
725.410247
4949.19297
229.501678
175057.627
6306.05359
192170.328
12922.4737
237422.824
14620.9955
215076.933
17763.2893
261919.617
11488.2684
270853.135
4322.48708
280434.540
15517.7646
286371.903
178.928022
71876.0555
741.740967
93888.1548
19617.1830
3895.01661
4211.18359
74399.0238
27914.6459
238057.105
3682.25977
238416.856
54788.7787
245623.399
18633.5492
244353.534
4374.84293
11432.1751
4636.66173
163482.114
2310.42963
77062.0956
2120.78621
133292.377
4845.20336
181324.091
2306.55004
30258.4359
576.809649
3178.42563
22826.6207
193031.089
4025.83909
97637.5241
9943.41625
35172.4688
2342.53736
20006.6484
240.771863
28414.1457
4836.87627
156552.352
27844.9624
233384.832
19100.9568
5089.00192
9174.65475
177758.345
15854.5097
33483.8643
3235.38651
339133.457
9036.24282
28149.4177
7749.97105
1136.72560
36406.2782
3084.17674
10917.4617
32033.1274
1229.64241
22256.0996
29316.1523
1485.91991
7939.19101
19505.1465
4634.72542
61780.3270
356.973151
5345.93454
7381.01758
6740.69093
50481.7291
16712.6489
46669.6737
114324.428
34170.4770
20440.0559
5172.02148
36974.0609
24294.8280
300470.470
13527.9763
245377.081
7122.83708
124490.068
14908.9169
270904.188
622.891506
41681.7990
26241.0909
36468.6429
19280.4630
24680.9718
1007.01497
6604.69355
5817.58526
43234.3232
6952.40470
218922.809
5068.75553
12737.9512
6664.14249
125278.833
2601.10627
7645.46590
7575.31448
15376.7844
23290.6868
215404.712
81.4862594
8190.06859
650.628752
21820.3509
25625.4553
258666.968
151.412247
147534.471
4046.04442
127364.686
932.774290
12248.7047
13719.8948
256320.154
33425.1817
139636.969
33185.6964
57319.3864
3267.67723
244723.858
5362.75184
68486.0381
9654.31217
81158.8259
1006.58096
1923.42321
37169.9957
111310.312
7755.12752
220185.805
579.675293
119769.093
37.7887344
2008.03175
5356.63297
82389.1266
375.047952
124089.613
11173.4647
185210.441
23305.9402
77508.1023
78364.2182
7219.02806
118.729391
198252.868
528.571929
20859.6968
108.084108
11607.1506
60.8801601
23570.2747
1631.14970
17354.9237
6945.06213
9661.12940
1688.33731
63284.4886
5083.94348
94417.5654
8328.23772
164989.827
1417.98536
217457.569
10241.2727
204979.586
179.998941
14961.9154
20345.6976
18011.6513
22381.1935
183174.154
771.525599
6697.85364
2822.98821
295702.586
48728.1862
6104.03026
16668.4226
142329.129
2657.91086
47954.6947
19278.2914
202823.298
3884.96680
187338.213
1205.28173
88647.4073
5795.08554
236477.826
3120.76904
34610.7360
13960.9150
17698.0446
608.489496
4636.46182
3995.33765
242178.803
13963.0570
308225.811
11140.2347
76477.3152
11777.5011
36743.5810
13600.5052
335038.460
2562.53239
5823.70807
1290.74800
17954.4446
5458.33920
230246.757
61088.9097
379564.095
23351.7389
212985.141
12923.9021
12517.0863
29094.4047
178016.253
64.5598235
43761.8629
10058.6776
271802.883
8885.64377
222827.150
2860.71227
41249.5318
23563.1468
12590.8329
2522.77298
9771.83710
58407.0479
38687.5424
1185.21982
229207.509
1627.18339
14327.0530
814.466479
41082.4337
20436.1372
186876.294
750.532029
265170.411
17859.9851
20154.7059
3851.91873
199812.653
1432.40027
18097.9179
2291.52166
52412.6337
8520.27285
239375.437
8219.49301
6480.98916
16963.6396
13130.3367
1267.67488
34663.9275
543.711222
3373.82027
7023.16243
16948.6578
703.310878
5961.05186
19102.6830
259475.642
9383.89734
37493.4886
3140.99771
231525.088
15124.1265
60844.6357
26667.7492
310266.952
3719.87449
50642.1019
30037.5673
141153.207
24741.5710
98181.5696
4441.33906
318056.083
1250.43922
257152.898
5820.29919
30512.8110
45528.7890
3044.42519
3896.41165
50405.0626
24599.6028
33429.0821
52.0135228
2215.74047
44208.9689
103477.969
80.9150437
8555.20253
311.187474
99320.5762
2771.68400
257793.955
28932.5641
47463.0828
62150.0713
9900.58508
3478.80199
85795.0281
46977.3717
16445.4349
667.488448
54315.1025
5008.16462
51181.9181
1050.07066
9502.97002
2503.76083
139997.144
19200.7318
251886.629
52438.5715
19603.5264
10906.4320
192036.065
3507.42528
230199.475
15065.2782
15456.0133
3830.71790
88550.4981
285.917792
258345.041
2710.90598
16511.4831
21817.6985
326895.548
672.350343
178001.506
5278.37005
30504.2002
13871.9183
22799.3718
7254.25400
192766.030
16458.9137
197624.258
6285.31867
105073.851
4775.47229
111578.809
36731.8972
4068.39459
705.644655
58796.3462
3100.17574
99069.0969
36870.3820
259010.459
9780.17294
345192.953
7149.78516
180728.489
24569.3338
245941.779
45445.0533
349684.498
26469.3800
2549.21864
7116.22784
17802.1206
2369.38309
13203.4426
2875.05059
297509.468
11524.4598
18952.3714
46544.4211
19052.9333
18236.2875
53131.8182
712.522597
10430.1768
12836.9093
21998.0260
39388.7124
18990.6937
4721.04566
56315.3572
491.703013
46150.5962
8564.20640
265588.533
12351.2126
43469.2766
5539.30334
260404.963
5533.76271
2507.01619
18782.4232
229148.914
9329.03012
84358.9859
10007.4477
319920.113
18312.7365
79211.6063
11294.4495
18427.4245
8113.00562
282500.434
22544.8991
223241.454
340.492012
11885.3987
59994.1480
205790.193
2102.25413
317025.369
84.1485451
31406.9526
129.665782
197097.594
39277.4228
55532.3398
19449.8112
3397.27973
13317.5518
2542.33175
20298.6513
117236.997
561.482060
333377.126
4122.94871
17739.0202
83.4709189
36438.8553
855.103466
301174.623
49544.6099
282781.850
18892.2225
70872.0922
3298.11181
5661.32031
9230.47780
186616.991
1213.24631
24772.4787
3545.29351
7727.63814
86963.7221
47609.2523
43310.0525
184203.415
4134.51928
260317.546
96295.7376
278898.852
492.989388
1310.11680
39943.1988
251107.149
13175.2864
9641.27715
335.729090
5593.53889
891.507386
59857.6182
3101.06134
228696.380
14694.4841
264036.283
4383.98237
14136.1428
19670.5027
1091.46742
8880.51768
21804.1496
1602.15290
66283.8538
38995.7660
13542.5533
10353.5316
45322.7828
10280.8417
25957.3031
13082.4240
51444.0400
29827.8595
269079.208
2448.09658
278115.176
1548.33785
42672.7297
25887.0387
291430.873
5497.43373
225288.530
13500.8450
144314.213
24945.1119
65034.6844
2753.22995
38314.6235
2322.21090
48095.3074
229.944720
270609.121
1224.60357
19973.2176
18293.5875
201627.787
17940.3455
225052.416
1583.64370
163583.878
7359.71965
78542.9721
1575.06898
268103.178
120386.940
229340.689
31237.3212
16337.4699
4923.86189
55210.2341
125.199671
106632.823
3147.78684
3628.74511
2422.51062
65423.1971
3598.73579
123469.598
451.785748
58752.9227
5052.97275
256018.441
18658.4400
72889.5943
176.425792
139597.249
381.493420
13587.2296
3576.36518
64140.1065
21002.6084
124202.096
28167.3688
131160.973
241.495964
228760.261
2245.85834
272939.627
256.375594
60055.3899
24397.8106
57267.8228
10.4701541
6069.73641
32579.9049
68508.1865
5817.96582
8484.48255
85.8100904
268896.456
7615.83886
30940.0837
18885.0180
164030.452
11478.5562
138475.748
8110.34705
234735.959
915.331636
86305.1437
8074.67269
275327.434
1497.46695
15021.9062
11594.3210
207280.152
567.184007
223078.163
3531.65881
208531.373
121.798823
37439.6668
27.5525554
184448.973
38243.9066
319542.847
240.709137
8292.86055
127.939203
6091.84628
8169.74018
40276.0980
1225.40881
223133.611
29585.9710
59292.6895
604.261345
13486.3382
57859.2841
338384.563
19705.5369
28392.0446
89.1435589
97617.1687
19310.5832
166418.656
2310.99993
27330.0402
1690.35559
221673.357
6017.47621
31231.0858
1313.21437
266459.729
27086.3202
61242.0797
17652.1393
271278.278
3206.32523
2465.08402
4006.52736
84479.8829
2459.28705
337143.152
10640.4510
30553.6937
11637.2240
177359.850
5546.54401
8259.18107
2002.54074
330622.359
1003.56383
40990.0082
1882.35152
359138.175
1099.71323
42668.1589
1850.62108
276246.997
626.219755
28083.1199
11516.5234
6767.29387
338.204233
13806.1829
29083.0365
20433.7964
17078.4656
33074.9792
9280.01588
55276.3177
1896.91962
45360.0729
13556.2717
73841.3342
5122.87881
80112.3077
1170.76396
246355.163
16507.9104
285851.843
9008.63889
132945.852
1126.77731
16360.7310
6053.46494
40174.2079
72543.8827
197258.461
12329.8413
207227.896
6838.36380
236197.846
28890.6419
149363.939
2801.94180
67223.7705
208.998697
16573.8858
6403.19779
20167.8413
10599.3655
79761.0681
204.348465
249494.223
872.651109
222030.301
19932.1540
79848.4728
71454.3475
230197.123
8074.58696
39582.5748
46008.9474
26355.7549
2423.25274
15616.6061
41025.0971
20992.1600
8737.36733
251312.228
122.380459
216130.089
53597.7926
10121.8499
1036.89550
5553.34734
334.185189
13591.9079
214.732999
24060.6008
806.310979
189838.321
8549.44163
108640.324
2478.22701
254837.356
7395.68258
53496.4249
3645.02598
52516.2110
146.108403
23468.2080
64.0787034
11865.6643
16463.7702
233870.861
442.241025
7663.82626
19919.5716
217645.095
3867.03897
221994.233
125.783390
86481.1659
2403.05485
129491.791
29.6295586
87901.9919
10728.0320
371081.572
9345.83523
319604.624
12504.4615
242083.341
39506.5251
14819.0089
583.115356
17304.9386
340.717414
2576.40431
13678.8846
40933.0171
6663.11674
6194.18869
3377.21597
9573.07764
1360.51215
18860.6534
3712.07084
11395.8669
912.127732
102817.499
611.796955
43777.8418
1604.52891
238200.316
971.198739
15630.0854
877.816052
8856.67688
30291.4522
62588.4528
12544.9503
99367.1445
10514.0549
31248.1297
23982.2981
58072.7850
7922.93452
266502.531
23009.4190
78671.1936
521.883900
267153.830
1489.25902
252484.829
2881.75105
334116.293
3596.16752
139414.142
1505.54928
25105.5391
3201.37727
55197.6134
2412.30508
13910.5436
18571.9292
1188.41178
4508.67298
266941.342
8808.06716
184633.635
1880.10372
296949.198
345.162817
63464.4384
9479.84991
26658.4299
28889.6998
38176.2829
6692.28550
306785.519
301.273511
245938.160
109251.704
271067.109
77.9090177
59802.2785
4222.69799
338100.006
34049.9356
173051.619
18961.9529
28937.0702
26017.6199
102498.603
1415.85324
120970.362
19626.6791
34570.6430
7026.86169
270778.706
38665.4681
287720.744
9590.48805
52495.5147
2819.24587
338604.437
1087.15029
71030.8682
1354.49133
66814.5165
7480.61796
45382.5278
6132.42659
4878.78681
11244.6425
109358.066
2760.71932
11525.7996
11260.3410
404141.936
1453.32174
31481.2170
8943.50372
98719.4236
38987.8299
284793.614
9398.06051
40952.0591
2041.53851
7383.86167
2333.83489
11346.3460
1055.85883
25205.1052
8692.23938
40750.0372
5509.94677
20796.0718
28548.2784
303443.511
14530.7587
1887.39458
987.449315
41631.0505
21274.9637
346345.743
4358.18939
296565.556
7449.99931
196710.829
22400.8110
337901.148
49281.1642
886.595733
8792.61612
271507.062
63332.7589
226935.028
3645.97375
3835.55021
7585.07633
370665.172
41710.2133
235569.645
20911.3343
43028.0872
4000.36786
123299.650
5799.69003
262568.188
756.775573
63109.3602
12372.0548
18064.5739
1205.92805
34862.5324
1439.86952
16996.0069
10648.1705
204721.626
7158.75064
39942.7771
3540.62501
314734.067
3993.01620
17190.5737
15870.5954
2451.74157
286.095370
245861.019
68.3080166
21542.9122
39739.6565
12414.6900
652.907840
16000.8436
1199.99925
12653.0357
4220.24227
59802.9064
40934.1687
291663.089
3516.26720
183453.176
13745.2215
267473.564
4492.51919
67129.2947
6436.97337
6853.28110
40.6183881
99610.8263
74.0009832
137467.833
18867.1517
31983.4020
5977.32823
18023.9228
116.790044
162682.212
6753.53933
65799.6676
469.919835
16598.5245
1951.67235
9670.13521
2134.60622
276443.311
8743.49359
6551.50466
1543.15956
40125.3483
37570.1575
235416.722
26939.4384
175379.159
3101.77303
97517.7816
12053.0070
11171.7848
42512.1191
84313.6097
30264.8840
284448.276
12098.1630
16159.9535
12983.8727
205609.950
188.494644
69810.4905
6728.08263
124806.112
2047.38976
14173.3857
4448.54936
36478.7814
517.265403
140576.273
1362.42220
18779.9502
1288.75228
32922.6635
3534.57604
53695.6117
29298.5615
23483.9407
12512.2028
8359.86059
9151.56397
13608.1730
1993.54296
216181.510
31876.1716
230893.173
7786.31834
94157.3156
17191.4585
332853.393
6160.22988
14650.9775
50913.5067
44917.6440
21764.0859
406193.599
486.824374
46363.2271
2590.46992
25232.7334
41710.8292
245759.969
8459.49497
62858.8102
27061.6371
13910.9748
2290.07770
251657.744
54366.8975
145545.039
3168.06396
43856.2156
55765.0914
253677.843
18949.5189
22575.8038
14234.6404
165147.698
16467.5605
12390.0877
1866.54320
183825.680
11511.6198
268096.943
10761.6185
149430.287
1173.77127
32761.4883
12940.2090
106645.909
20221.8922
16774.7735
2021.35773
218821.812
25121.8668
379272.050
5686.58085
353755.874
8480.17582
10368.3848
36350.1357
227150.939
5210.71616
38905.6386
45069.7139
208003.750
9441.14708
225855.542
32909.9435
122811.773
17086.6610
59424.5982
10454.9917
76276.9634
2898.87401
20072.4624
3148.68739
249455.546
24913.8562
12163.0377
7581.01580
10629.0309
56171.0655
10775.8835
2896.70456
42492.7133
4719.25474
323449.444
8046.23530
92112.2190
1917.07441
44004.5248
1172.46357
2091.43195
4008.04413
76683.0292
1460.17815
105619.517
981.464156
8329.38644
19929.3592
133890.738
6375.48139
54366.2657
2350.20664
211949.628
9242.06445
107235.253
64479.2935
227536.289
102.290395
249121.025
23137.9513
213673.695
36938.6506
186790.984
1946.02920
67321.3922
168.754314
53664.5902
1785.40299
141233.344
104.442808
17067.3179
1136.44433
379325.963
31945.8328
79073.1914
69429.9856
148733.613
37481.3831
15524.2156
137.076287
24510.9656
8233.02562
12046.2069
73515.6797
373315.567
20942.4961
44232.5389
121.200778
263385.602
664.297868
204819.856
5752.38114
102487.969
9909.59614
225051.107
4002.83355
9340.07483
20313.6075
325344.963
47780.9894
124552.618
8608.58033
21075.8117
50.5315047
330114.105
33545.6410
227203.779
19713.9603
25798.4743
263.183039
64668.7351
78923.7396
17868.6416
639.385977
10542.6101
959.730061
58621.7585
20505.6162
11443.9588
4512.46680
269596.268
567.475033
64646.7657
77480.0006
86478.9844
5805.22230
241123.969
3437.25619
8722.81469
22215.8387
259849.621
305.191886
27991.7366
44158.4051
295724.521
4286.52694
41024.0814
1541.89576
110866.729
391.260195
340801.434
2616.01318
25808.3409
13968.4834
10618.6092
48014.6215
388802.858
1575.58668
286838.427
273.233860
55557.5925
25326.1451
298194.531
2309.39783
50126.3156
2484.55856
15621.0450
21830.2975
326820.958
21447.9220
14956.7508
8360.28774
12715.5108
45557.0629
301838.191
28871.9797
14262.2341
49575.6763
284532.600
3976.69399
238144.411
12252.5473
274857.665
45.7111962
206164.767
23414.0910
15746.5757
73247.0017
147966.656
251.231439
39027.4182
1063.14670
66417.2642
6337.22367
13961.5457
6195.99433
80599.0318
2790.65362
37404.3069
633.735502
22177.3225
9194.35069
10732.9343
8634.30522
7529.84367
4381.34599
89270.0811
4491.03835
408923.550
185.252292
144793.201
5771.79114
14737.2025
13642.3687
31716.0313
1274.97292
291345.155
1080.40259
242571.775
19924.0010
124513.755
11485.8586
110211.958
6144.16804
16722.7568
371.515593
132907.047
3052.53971
105857.073
2207.00688
44101.7945
42818.5287
162946.500
105076.156
21013.2044
5165.67502
10631.5112
18341.4714
231787.730
30287.3919
13602.2975
4399.31978
246443.363
4709.35368
31098.5950
6014.82234
9252.48214
412.042699
3282.43370
21667.9567
230492.245
1220.66977
186321.814
1143.36458
41506.4727
3286.15355
27159.1749
853.736657
43777.9202
540.076772
68243.6393
1346.85145
15883.3090
52780.7116
31376.1315
300.236959
354872.485
13810.6251
281402.087
8145.85774
131753.208
3013.93479
19211.9856
1970.19607
227120.065
1288.18909
264001.970
1065.47973
47419.8862
35455.6199
9904.36266
32538.1553
277463.088
2023.43076
235134.023
4672.50204
329802.280
2994.25854
254793.719
31190.6250
175957.102
15941.1368
10218.0100
58449.0139
24283.3381
10404.3699
247225.483
107427.255
157299.733
17558.0452
54131.6949
13184.8432
20678.2217
7496.93426
62251.0270
3977.07210
24138.9129
644.910045
3322.36756
31953.0860
34900.1969
623.115248
54337.2469
41992.1553
260035.330
505.767710
40921.6086
23359.5370
218638.265
7776.24310
129537.420
15940.9139
39481.7166
16931.5798
5076.47503
24841.6709
341751.922
10440.7550
221244.499
56.8545009
53227.4766
392.059247
64539.0408
24893.8054
84136.6308
45141.5177
243657.356
1131.89194
1017.00145
5082.56316
138920.636
7477.38593
65274.2703
48503.7246
231810.247
13913.1983
223926.450
25565.1608
60614.9399
1919.72504
49045.0560
5986.15290
9381.42888
1875.27593
21707.7219
5974.11314
375180.501
1141.01597
217880.419
82065.1508
236925.047
1534.15498
258739.812
5792.94373
9427.02330
103.392452
71343.7051
6582.45483
29904.3289
5658.13506
340108.621
21565.8484
48920.2149
522.289013
255678.762
34261.7623
123507.280
143.018602
348601.140
11164.7917
2042.39629
8409.36949
273175.976
612.377919
52461.4810
3923.19271
23219.7973
353.669178
310766.987
59698.8538
7137.49002
3282.44382
82311.5415
66906.7575
237578.741
7688.93014
281588.744
813.815347
48905.0619
32762.9587
12064.4699
57591.9311
48905.2944
220.826022
87176.0189
29269.8624
45468.4535
693.806637
561475.660
1082.91014
71904.9907
2355.00328
2041.35426
2780.11975
59353.0680
14054.6603
325147.942
1743.86655
250432.026
1774.83288
154918.890
750.606829
15184.4695
16283.0958
41703.0133
6132.41818
18951.5787
128970.563
315962.420
1334.66922
8978.81327
9923.51340
8957.44527
1769.33089
278786.312
6759.27060
61496.1079
1289.85128
92498.8349
18882.8891
285761.738
953.844019
12801.0538
29413.1998
251686.990
5251.58323
364273.087
4281.75293
318818.713
10133.2272
49423.2862
2843.91069
28470.1736
15134.0152
4729.93881
11846.6274
12216.6378
4175.53317
245281.571
3537.25016
286386.757
20972.4627
406110.146
7471.13261
33953.0156
17331.3489
27839.7868
13122.0909
25593.6212
687.893635
101140.832
1795.70169
1853.07914
530.468312
97785.9955
8799.12303
195618.216
1133.34473
234055.938
995.444644
129380.560
224.738287
344458.015
20004.4107
281899.502
17918.5069
270321.086
569.613269
196048.622
1665.77194
9814.91031
21943.3612
36624.3870
15396.8048
246313.362
8212.93378
208420.339
16122.6660
41205.2857
3549.85298
250711.739
146.261101
69677.0601
5195.86295
243270.523
69944.2044
98809.1240
17129.2234
99687.4345
786.464835
11199.3423
70.3340271
321295.482
51149.3752
22756.8585
5041.27935
93390.5093
85817.7243
180781.573
34611.3192
7159.79080
2598.43565
314839.642
3947.97472
87431.4103
2718.90023
255958.006
2988.28628
214406.795
573.734906
3794.89621
919.006367
268026.464
167.854066
188128.347
29939.1436
39459.8388
20348.2682
275446.930
104442.502
337500.966
14928.6908
248335.673
9555.93953
20472.6956
33.6354100
13817.1628
498.978145
211080.174
1426.48466
22076.3479
1530.99563
117931.613
72857.6799
141246.867
3408.48469
24268.5968
17078.6539
40049.2499
4846.63026
449508.817
2847.86442
20045.5220
1016.86832
15865.9931
51250.5671
216808.890
435.907214
44853.4733
7378.25424
249073.896
13949.7136
10610.9519
18542.0482
359949.134
708.492073
34099.7778
48298.2246
8817.65231
17098.3712
328499.453
13.5595388
485.533790
26804.0364
123804.004
9620.81404
21209.5415
704.202091
167975.130
13456.9665
312040.389
60697.0775
68232.9473
17126.4718
44161.5985
8336.56429
275787.630
35377.8112
30467.5393
48219.2316
34690.2859
39.5050537
11205.0438
3336.53478
148284.103
78083.1597
218420.002
29571.0837
213555.238
9266.96502
18309.5588
11803.2059
212529.729
82447.8000
14841.6117
161.377672
18112.1272
30423.7444
243872.272
14097.6679
210059.665
13106.7852
37527.8718
4279.29193
17319.7630
1820.94866
117493.304
17278.9066
259240.327
46.2303886
263685.041
618.419607
12222.9966
72852.0215
11470.1977
6152.59981
32676.4623
11471.7506
208980.038
1177.99075
196240.221
4930.63160
49222.9994
18344.3546
44867.4015
78928.5089
64492.7945
6948.25569
85481.3447
5005.47543
20976.8426
1314.64583
79374.1916
46558.2755
7766.92834
32013.0953
7267.72906
17141.7308
252199.510
6552.41473
245725.254
24338.4281
279224.043
4634.43342
77445.8631
17782.6097
283555.070
19306.0726
195758.952
158.825663
215936.850
11375.3886
11355.9864
32688.4521
243036.091
8109.20913
27367.7886
929.766842
232497.731
67181.1082
45215.9497
5737.85378
49995.4545
21361.0734
179892.034
618.807032
74212.0089
79.9808799
90118.7720
341.806625
80888.5464
2576.39331
113435.145
102.255309
11360.3030
77216.6428
54860.9802
41723.6137
20845.0718
6331.71412
23808.1608
1114.37994
99448.1885
1446.52080
63714.7555
50496.5260
98626.4675
2016.36001
13454.9469
1219.02564
21087.2572
3256.64335
64871.6850
12152.7088
65165.7293
2677.87582
216573.876
42336.5728
66283.3434
23257.8409
243091.802
36369.9134
227815.876
14941.9110
26738.5804
5590.37095
258733.985
21593.2014
299486.119
61536.8978
126614.727
13250.2084
8466.64490
9605.88492
95194.5319
18018.1572
30607.8364
3327.62496
277616.908
639.381167
284680.559
5811.94252
477867.342
1869.67140
11741.8298
8103.02769
357937.365
358.541236
47603.8706
