3674.5174006007496 5020.9295525831485 813.9614004882501 1049.1179332202053 0.0
4025.30069445375 5415.351730291629 5568.165006647499 9080.610731105693 0.01
4998.704936649001 7749.48929039152 28920.26619169575 42645.21420621511 0.02
4625.8308660485 6771.533066925351 51287.72204941475 65032.446153680714 0.03
6814.30997213325 9636.075826209082 83735.6838061155 94157.68530245333 0.04
7973.7909129865 10665.449943621385 93590.7614709075 99549.80707960772 0.05
7783.39452664375 10709.12506724008 107531.54279347249 105711.87651704553 0.06
9530.918904451251 12574.765076919466 125249.43750355249 114237.31340567218 0.07
9930.687245332001 12659.019935525037 119290.70930612751 110835.4541169597 0.08
12255.362826893503 16766.846013241902 118785.9300624075 110369.87858426647 0.09
15829.635967299751 21232.687979280247 130337.37513042499 117847.96126458036 0.1
