948.58821 0.0 948.58821 0.0 0
948.9990565224999 1.092379085534783 1098.2253546 119.58579929791938 5
950.5432979550001 2.0885647826408733 1522.743912075 392.0286116145415 10
951.5537368725 3.0615792327745615 1984.0953196000003 527.7945966294649 15
953.4800667075001 4.207208997577613 2369.4928340750002 633.4959043645554 20
956.1949727925 5.478572386195101 2700.5430012 641.371528446784 25
958.6111438099999 6.340400786251922 2950.1659898000003 715.5948228848226 30
961.3097861725 6.943616178966554 3036.49908815 693.7675337639424 35
964.6733800825 8.725587824964029 3285.608587475 737.6116956796272 40
968.4271399225 9.793977683708853 3382.59755215 703.1990727128453 45
972.5141571400001 11.702648081631917 3439.340776675 712.1470534999725 50
977.1402182225002 13.210854776140811 3620.7104176499997 688.3994952434988 55
980.09856424 15.047248097569112 3699.0844152500003 684.1450776364006 60
984.7959412925001 16.79160746308227 3739.9589754000003 705.7785023764117 65
991.3711556125 19.021979522441637 3840.5384791 687.2276561994971 70
994.9559669875001 20.18628011136073 3853.9878522249996 670.2005838343825 75
1001.1923092674999 22.705390950668892 3954.9735782000002 651.0038385206285 80
1008.4121262425001 25.37103501073438 3918.898559825 670.0749370733379 85
1013.056653725 26.570492609810252 4045.40872845 647.0180156089694 90
1018.0759134499999 28.41287039915389 4005.8371612749997 670.8633955128944 95
1028.0535727475 32.590451276104616 3988.14651685 634.5420483806683 100
