948.58821 0.0 948.58821 0.0 0
949.16873389 1.6630830221031487 1098.361661445 122.0190699944113 5
950.3560609724998 3.368718527290119 1510.03623089 413.78690553410945 10
952.5118103674998 5.007020383594061 1968.5505080000003 557.2515725166196 15
955.1494751900001 6.7299988192160765 2437.070118125 635.4508500452944 20
958.3078397775 8.586990756875167 2704.4286867749997 685.660514917311 25
962.2598487625 11.051833838067548 2947.5761507499997 719.2115242258651 30
966.5036031525 12.484203473803563 3105.782630275 678.3832125237686 35
971.7827972575001 16.197660033376902 3271.315205025 745.9371332382622 40
978.8263613775 17.518490872631283 3386.575643725 697.9875447213788 45
986.7839099925 21.31746899884352 3531.0602784750004 686.6585993028422 50
995.1153659075001 24.659433010563315 3587.8139946750002 698.164095569322 55
1005.447652065 28.311443228063943 3683.310049825 724.1507031703896 60
1018.9355000225 30.589674230868066 3774.813696175 689.0132589463935 65
1030.30427226 41.255643865634525 3823.857263 665.6620565850409 70
1042.0926383825001 43.90433692420837 3879.1903220250006 657.4655946468848 75
1059.5040599699998 52.94251093550775 3884.2196311000002 671.3760696568644 80
1070.87086503 54.70260267352883 3974.3998533 682.1749367143855 85
1088.4220638974998 63.44129285761444 3964.1970509250004 646.8323833508479 90
1107.1128180649998 77.36710801089303 4098.619493349999 599.781242147594 95
1112.6443976425 72.21867463556478 4017.6044687750004 689.7684071928786 100
