8.270 -188. -16.0 -122. -45.6 -58.8 -50.3 -2.14 14.73 39.85 40.86 34.36 45.62 -30.2 -41.5 -38.9 -21.4 -38.4 -38.0 -61.2 -64.6 -84.6 -82.9 -87.8 -84.3 -75.1 -74.7 -71.0 -79.9 -90.9 
115.5 -351. -238. -205. -23.7 -8.96 21.72 17.07 57.31 50.30 52.97 39.06 140.0 135.7 128.0 119.8 159.4 180.3 200.1 173.1 153.3 144.0 117.1 49.89 49.97 52.37 61.70 59.57 24.94 21.96 
719.7 138.3 87.44 -119. -94.8 95.83 85.43 92.94 29.80 23.55 65.10 92.31 -97.3 -86.2 -95.1 -144. -132. -126. -108. -109. -91.2 -84.2 -69.3 -125. -121. -113. -108. -104. -117. -102. 
-103. -69.7 -64.2 1.685 -31.0 -107. -63.7 -136. -130. -134. -111. -114. -72.6 -60.0 -69.0 -112. -104. -91.2 -102. -95.1 -121. -120. -106. -101. -103. -129. -144. -145. -144. -96.8 
-1.06 -61.2 -94.3 -200. -163. -184. -45.9 -256. -227. -196. -186. -157. -149. -130. -95.6 -111. -95.7 -84.6 -80.1 -75.4 -61.7 -58.8 0.211 -1.89 -1.79 -5.49 -8.19 -11.5 -9.33 -4.00 
-27.1 63.34 55.32 104.8 82.98 32.42 13.35 117.5 104.3 71.76 26.56 16.11 16.03 -45.2 -55.4 -79.6 -90.4 -26.8 -21.1 -22.0 -25.7 -24.2 2.183 -32.0 -27.5 -8.54 2.387 -25.7 -6.42 6.881 
-115. -40.5 -230. -243. -210. -238. -101. -43.8 -38.9 -35.8 -32.1 -45.2 0.005 5.422 78.65 61.06 99.88 94.29 79.85 67.31 39.07 50.40 37.74 30.52 15.66 12.05 7.711 11.15 -5.96 -25.6 
-292. -714. -487. -407. -394. -370. -346. -303. -265. -210. -144. -143. -134. -128. -121. -113. -163. -139. -115. -117. -148. -137. -133. -127. -109. -102. -95.1 -90.1 -154. -143. 
102.7 -444. -741. -707. -513. -520. -451. -389. -317. -316. -285. -242. -223. -206. -40.4 -34.3 -40.3 -73.8 -88.4 -63.1 -64.8 -59.3 -74.0 -58.3 -25.4 -26.6 -35.6 -40.3 -35.1 15.01 
-1092 -532. -440. -508. -276. -230. -169. -67.8 -32.1 -42.2 148.4 212.8 244.0 319.4 297.5 285.6 267.1 224.1 211.1 203.4 195.6 180.5 153.6 151.1 127.6 108.0 114.9 113.1 77.36 94.55 
