793.873866 0.0 793.873866 0.0 0
796.0952493159999 1.2217893932020436 797.602268484 4.045204295836638 5
802.6923709839999 2.384442424930483 809.137686374 10.887501781117491 10
813.685621268 3.803036022970614 827.038631956 18.88742109283081 15
829.4008598460001 4.916891593653446 854.912684702 33.39102705302916 20
849.403234338 6.453109050481914 892.9039985879999 60.40012361641657 25
874.148842568 7.546278576684605 940.192064202 79.07755715890121 30
903.5467690319999 9.057504544754826 991.0787728079999 107.08131585801854 35
935.899493074 11.167524852232585 1058.82798059 146.1480350731703 40
975.03950641 13.150172693424784 1138.020198316 178.2111006398793 45
1017.0592598260001 14.946828486278394 1206.2459083540002 204.27563652306824 50
1065.0149356799998 15.98465480161881 1289.939475054 232.23882298555745 55
1117.1761259400002 18.129556633902634 1398.65664986 271.04025422548966 60
1173.81228642 21.310266945916734 1487.8096831399998 306.5777897819904 65
1236.6126366 23.551993662565554 1604.2223026000001 362.42035888867855 70
1300.8997251399999 25.19938576628965 1703.9757631 372.76196363569085 75
1371.67526832 28.74117331621718 1818.64659184 414.5470354829371 80
1447.96000712 32.028029080431295 1942.11375036 423.2679350637794 85
1575.9173789600002 894.8843815629969 2055.55686472 432.8055152845186 90
1619.35520688 57.83097110910185 2195.2169411 482.93699654079364 95
1737.90315906 421.4343417102053 2295.4977698 525.2641324192218 100
