176.9 275.5 233.8 -156. -155. -285. -217. -185. -177. -136. -111. -104. -152. -140. -137. -123. -117. -73.7 45.75 8.241 
899.1 1001. 846.7 627.7 -43.2 -115. -105. -127. -160. 47.20 55.33 21.48 17.89 -70.2 -75.8 -64.0 -105. -102. -42.5 -27.8 
139.8 -578. -370. -521. -442. -369. -324. -252. -232. -215. -196. -174. -21.8 27.50 -19.3 -14.7 -124. -125. -117. -117. 
-55.8 -534. -368. -402. -262. -48.3 -123. -18.4 -204. -143. -125. -63.0 1.328 1.354 -1.17 -23.7 -34.5 -1.52 5.179 24.72 
-121. -34.5 161.8 223.9 204.3 239.6 274.9 133.3 88.79 49.64 65.90 56.16 40.02 -30.9 56.04 37.26 -131. -158. -161. -116. 
-343. 74.43 27.09 27.07 -43.7 -35.4 191.7 154.7 133.5 118.0 133.5 94.49 -25.9 -37.5 -30.1 -66.5 -70.0 -65.5 -65.7 -59.6 
1337. 636.4 415.2 278.1 332.4 279.3 250.3 74.80 221.7 238.0 103.4 151.3 148.1 126.6 119.1 119.0 125.8 114.0 111.5 106.2 
411.6 205.9 73.23 65.82 -101. 77.41 -77.4 -33.6 -25.6 -10.5 48.88 94.94 179.7 172.5 161.2 142.3 184.7 174.8 165.2 156.8 
-42.9 58.69 61.47 47.06 71.50 51.98 298.5 229.4 168.0 164.7 177.4 162.5 234.2 227.4 215.4 199.2 189.7 259.3 217.0 179.7 
-444. -233. -90.9 41.05 130.8 91.77 77.86 260.6 217.8 203.2 149.0 133.7 126.9 97.71 92.19 123.6 107.4 85.61 92.55 81.20 
-433. -98.1 -36.6 -18.2 -27.8 -20.8 -2.23 3.536 15.42 26.69 36.30 6.195 -43.0 -72.8 -66.6 -65.3 -78.5 -67.7 -29.3 -92.8 
-47.6 -63.3 2.818 195.6 78.53 82.05 -47.5 -19.2 24.78 29.61 -51.2 -47.1 -55.2 -39.6 -9.92 -7.95 10.73 65.74 61.51 53.98 
262.8 -200. -132. -101. -63.9 103.9 88.10 37.54 -8.00 71.35 115.9 92.67 96.33 69.87 65.17 57.48 56.40 30.63 30.43 43.49 
-554. -673. -365. -402. -330. -282. -265. -124. 59.86 -111. -112. -92.0 -83.2 -54.0 -53.4 -51.9 -43.0 -44.1 -41.4 -52.2 
83.86 40.38 9.864 1.058 -80.8 -56.7 -46.8 -153. -131. -112. -107. -101. -70.0 -44.3 -29.7 -30.1 -112. -111. -53.6 -49.1 
35.72 150.4 105.5 10.24 43.12 -60.8 -70.5 -73.0 -48.4 -29.3 -20.5 -25.1 -2.26 -5.14 -7.97 7.233 12.22 -8.55 -6.78 -22.8 
-20.2 244.6 165.1 86.02 74.61 48.75 38.84 26.40 -13.9 85.47 133.0 122.6 113.2 118.4 98.11 167.9 162.6 162.4 152.7 138.5 
-914. -527. -463. -355. -283. -337. -312. -269. -247. -252. -204. -189. -192. -185. -173. -165. -138. -137. -107. -101. 
-198. -34.2 7.609 132.4 121.0 145.9 129.5 10.21 -24.7 -7.36 15.11 4.102 2.441 0.083 7.675 13.99 3.451 3.964 0.681 9.753 
-409. -135. -105. -55.8 -116. -83.3 -87.9 -62.6 -75.5 -13.5 -8.02 26.78 18.45 20.36 3.521 16.60 1.109 -1.54 -3.23 10.19 
540.1 235.5 146.1 135.8 141.8 33.87 32.01 36.55 15.87 3.369 11.75 12.47 9.099 8.992 14.39 -5.58 -6.00 -13.0 -26.6 -22.2 
7.456 -44.1 -48.6 -65.6 -119. -83.0 -38.1 -28.9 -11.8 -28.7 -17.7 -16.2 -22.2 -4.43 -2.04 -11.0 -8.95 -25.9 -7.46 -9.88 
-227. -117. -76.3 -33.4 17.17 32.86 56.77 40.08 -63.5 -62.5 -66.0 -38.5 -38.8 -70.1 -55.7 -51.9 -50.5 -45.6 -45.9 -47.1 
64.72 38.47 20.66 5.292 -12.3 -10.5 -27.3 -45.4 -37.3 -35.6 -22.1 -19.3 -14.5 4.889 -4.23 -5.99 -5.22 7.059 7.590 14.82 
115.9 38.00 27.75 -43.5 12.50 -3.16 4.508 -9.56 -6.31 -12.8 -44.2 -40.8 -38.8 -35.1 -13.1 -13.7 -12.7 -65.7 -61.5 -63.3 
69.13 91.94 98.96 139.8 191.0 159.2 124.0 122.9 129.9 116.4 93.09 100.5 92.95 90.64 88.31 83.11 67.04 63.86 71.19 92.31 
31.90 -11.5 -17.8 -37.0 6.867 5.859 8.469 9.538 -0.21 -8.03 -8.78 -10.6 -12.0 -7.44 -7.81 -4.57 -0.68 -1.97 16.84 16.31 
-22.0 -10.4 -7.29 -6.09 -27.0 -44.7 0.180 0.609 3.731 5.478 -1.43 0.535 25.13 13.18 14.39 14.85 12.07 -5.81 5.267 9.562 
-193. -154. -64.3 -22.4 -58.0 -25.5 -7.34 2.828 15.47 42.64 36.44 42.77 38.74 42.21 38.57 32.25 18.41 23.07 22.06 26.54 
-63.2 -34.0 -77.6 -64.8 -64.9 -58.9 -51.0 -38.9 0.952 0.038 -3.86 -7.45 -1.81 -4.47 -3.64 -2.85 -8.02 -11.7 -14.3 -18.0 
21.95 30.38 78.49 71.61 56.40 42.13 41.06 35.41 41.20 37.00 32.60 50.26 48.05 48.20 48.37 40.46 38.30 35.30 35.75 42.64 
5.505 -47.2 -42.2 -29.8 -18.3 -15.4 -13.3 -11.5 -10.8 -7.43 -0.30 4.097 23.06 17.38 21.68 1.630 6.935 4.993 3.099 5.026 
-2.75 117.8 53.56 52.12 43.29 32.80 -2.81 -6.65 16.11 19.49 21.63 19.62 19.99 18.34 13.92 4.998 7.335 5.752 6.618 1.647 
-27.6 -22.8 -5.40 -26.0 43.40 38.93 83.70 60.85 67.00 63.74 58.56 35.48 32.30 24.53 29.51 25.43 21.94 24.82 15.03 14.08 
55.80 62.45 47.21 35.14 42.69 36.31 32.53 39.62 25.41 22.99 30.85 21.79 21.34 18.30 13.53 9.730 5.556 6.540 8.506 11.52 
-198. -77.0 -69.3 -51.5 -39.7 -33.5 -6.79 -4.69 -1.06 -20.9 -23.3 -17.3 -22.7 -17.0 -10.2 -7.00 -12.0 -16.7 -14.8 -8.45 
-59.0 -101. -11.3 -3.55 -31.1 -28.7 -9.89 -7.92 -7.54 -8.12 -15.5 -15.4 -23.0 -19.1 -14.6 -15.3 -13.2 -10.9 -10.4 -6.48 
1.416 -14.6 -45.1 -34.7 -30.7 -49.0 -80.7 -72.4 -58.9 -55.8 -52.1 -52.2 -52.1 -44.8 -42.2 -36.9 -41.6 -38.7 -37.5 -36.4 
-31.0 -25.9 -36.3 -23.3 -12.2 -8.56 -5.70 1.362 13.33 9.086 14.78 14.46 12.54 13.41 14.81 13.97 14.09 17.99 20.80 20.13 
-19.5 -29.2 -15.4 -12.2 -5.22 -5.16 -2.12 -1.93 -4.63 -3.86 -7.95 -12.7 -9.74 -8.93 -9.11 -10.9 -10.0 -9.71 -6.99 -4.99 
18.22 76.97 -6.60 -30.1 0.026 1.424 -12.4 -3.99 -6.59 -6.59 -6.32 -7.64 -7.26 -7.51 -7.26 -9.21 -1.47 -8.40 -8.01 -10.9 
-21.4 -11.9 38.45 19.84 12.09 14.64 26.57 30.07 18.70 20.49 15.60 15.08 13.84 14.82 14.48 13.48 8.058 10.48 7.254 10.84 
-162. -68.8 -73.6 -63.8 -48.1 -43.2 -45.4 -39.8 -46.3 -41.6 -41.2 -37.8 -35.8 -33.4 -36.6 -30.1 -26.4 -25.1 -27.7 -29.5 
43.49 39.52 26.81 34.45 30.96 41.62 38.45 40.37 33.37 27.87 21.23 20.79 13.25 16.45 14.00 12.51 14.87 20.27 23.22 27.22 
-22.4 -2.61 -9.24 -5.98 5.721 4.729 -1.35 -0.64 4.177 3.508 2.074 -6.25 -6.85 -0.29 -0.24 -13.3 -12.2 -11.0 -5.69 -6.41 
-42.7 -143. -121. -97.0 -77.8 -57.6 -39.6 -36.7 -24.6 -32.4 -30.7 -29.3 -22.8 -18.7 -19.1 -22.5 -16.0 -15.0 -14.3 -11.1 
-73.7 -50.3 3.043 2.232 -6.23 -35.2 -41.1 -44.8 -35.9 -21.2 -20.4 -18.5 -18.5 -15.7 -13.6 -13.2 -12.4 -11.5 -11.0 -11.7 
9.956 -8.64 -6.33 -15.4 -22.9 -19.8 -13.5 -12.2 -6.45 -1.46 -1.00 -1.42 -0.66 -1.54 -0.67 -1.07 -1.24 -2.96 -0.66 8.548 
-132. -66.9 -48.6 -30.8 -16.5 -13.8 2.627 -2.52 4.962 3.443 -2.42 -4.10 -2.99 -6.20 -7.37 -4.69 -2.69 -2.48 -2.50 0.983 
-0.08 -1.80 -2.03 -6.88 -6.44 0.851 15.34 16.49 15.71 15.82 12.17 11.53 12.21 9.980 11.06 7.156 2.012 -1.90 -2.67 -2.85 
23.27 -0.91 -0.45 1.299 19.93 10.88 9.872 5.970 2.503 2.369 18.93 14.77 11.14 11.15 12.38 11.68 19.64 18.41 19.81 19.20 
21.30 1.810 -3.14 -4.65 -3.77 -2.24 4.540 1.144 8.955 2.651 1.178 -1.88 -2.38 2.194 2.739 0.545 0.461 -0.93 -8.34 -8.30 
6.521 67.80 23.88 15.76 8.510 -0.53 0.188 1.643 -2.06 -17.2 -15.7 -15.2 -13.3 -9.67 -7.83 -6.91 -6.50 -9.76 -10.2 -14.0 
-4.33 4.383 3.263 8.548 10.12 -12.8 -11.6 -10.9 -15.8 -16.6 -14.2 -14.8 -13.3 -9.54 -10.5 -14.0 -15.5 -11.6 -9.93 -11.1 
32.69 1.985 -10.8 -6.56 -8.20 -5.13 -12.2 -10.7 -11.5 -3.46 -2.69 -2.35 -6.62 -13.3 -12.7 -11.5 -11.8 -12.7 -14.9 -14.2 
1.126 19.24 -11.6 -5.17 1.677 -0.87 2.915 1.541 -2.78 -3.49 -14.3 -14.2 -13.6 -13.6 -9.11 -11.0 -13.5 -12.9 -9.50 -9.87 
-6.46 -12.8 -19.1 -14.8 -14.6 -13.4 -13.9 -15.2 -11.8 -9.27 -7.52 -6.99 -4.08 1.162 -3.99 -6.85 2.335 -1.90 0.449 2.183 
88.66 34.51 40.64 22.22 15.03 16.98 3.112 3.404 3.232 0.382 -7.70 -4.95 -9.62 -7.95 -8.07 -8.37 -17.2 -16.2 -18.9 -18.4 
-128. -62.3 -42.1 -20.2 -18.4 -6.90 -5.70 -9.22 3.538 4.580 7.312 3.233 -1.79 -1.83 -4.60 -9.18 -10.8 -10.1 -10.3 -4.18 
-130. -74.5 -125. -135. -106. -92.1 -77.2 -65.6 -55.2 -50.5 -44.1 -38.2 -39.0 -43.2 -34.0 -30.0 -29.6 -28.6 -30.3 -30.3 
3.464 -23.1 -13.5 -5.56 -5.09 1.218 14.16 13.00 0.056 -4.14 -6.82 -9.47 -12.0 -10.3 -8.85 -10.9 -10.6 -9.89 -15.4 -15.6 
71.44 35.95 19.18 20.82 24.88 24.23 20.87 13.33 16.44 15.28 15.46 13.76 13.11 12.21 8.321 6.499 3.922 3.004 3.820 0.927 
52.04 29.64 21.34 15.86 22.22 5.619 11.09 9.583 1.853 1.840 2.096 2.232 -0.68 -0.36 0.202 0.105 -0.29 -0.02 -2.62 4.866 
1.253 35.24 16.19 9.503 4.747 8.707 21.60 15.99 17.23 15.62 7.854 7.402 4.211 5.793 3.538 -0.05 -0.12 -1.52 -1.73 0.011 
-18.2 -3.93 -1.27 -2.11 -1.06 1.851 -1.03 -4.40 -3.52 -8.34 -10.9 -10.3 -7.79 -7.74 -2.30 5.692 5.346 2.871 3.415 4.339 
-4.24 -0.35 1.197 3.993 1.699 18.93 18.96 20.89 23.04 18.79 18.62 16.65 14.12 10.50 9.898 8.264 5.687 6.055 3.912 3.187 
-45.2 -18.6 -13.0 -8.53 -9.24 -10.8 -12.3 2.460 -1.26 1.957 13.00 11.85 -3.27 -2.15 -1.93 -1.84 -1.34 0.491 0.144 -0.87 
-11.1 21.44 8.420 10.26 -15.6 -15.1 -6.04 -22.9 -26.3 -19.3 -18.9 -16.3 -15.4 -15.5 -13.0 -14.6 -17.5 -15.7 -12.8 -14.6 
-30.5 -33.2 -22.3 -10.6 -9.83 -8.52 -10.0 -9.50 -3.50 -1.39 0.123 1.438 -3.16 -2.88 -3.09 -6.17 -3.17 -8.37 -6.99 -7.60 
-50.2 -10.3 -48.9 -41.3 -42.9 -46.9 -39.0 -47.1 -43.0 -32.2 -29.8 -34.0 -31.1 -33.2 -30.8 -26.8 -27.7 -22.1 -20.7 -23.5 
-0.24 14.12 15.62 20.21 15.92 20.48 17.07 12.84 11.48 17.44 18.97 17.34 16.11 13.38 13.03 12.02 8.798 9.186 8.548 8.295 
0.670 4.698 5.990 -9.91 -8.78 -7.21 -8.90 -6.91 -9.69 -9.34 -6.48 -5.41 -4.07 -6.58 -8.07 -5.63 -6.00 -5.01 -6.17 -6.06 
7.442 41.80 28.78 20.89 9.382 8.486 9.772 7.846 7.011 12.76 9.918 9.126 9.469 8.359 7.666 7.603 8.673 7.270 6.869 6.692 
2.254 11.96 10.97 21.57 16.45 12.02 2.300 -0.88 2.393 2.110 1.616 5.432 10.38 2.438 5.240 3.875 4.754 3.997 3.940 6.405 
-193. -82.3 -80.5 -63.0 -48.4 -49.8 -42.7 -35.4 -33.7 -29.1 -25.7 -24.2 -21.5 -18.9 -16.1 -14.6 -9.08 -8.85 -8.20 -7.54 
30.24 2.074 15.01 16.69 13.99 17.38 14.44 12.53 12.89 10.25 5.387 3.757 4.210 3.034 0.874 0.288 -0.21 -7.24 -6.86 -6.64 
2.249 15.09 9.341 -3.95 -5.87 -11.6 -15.4 -16.1 -16.1 -16.6 -13.5 -11.5 -6.58 -5.97 5.448 5.114 6.032 7.611 6.874 5.919 
7.207 -1.76 29.34 19.87 13.73 17.05 33.44 29.68 26.54 27.19 24.75 21.11 16.89 14.90 2.827 5.767 4.020 3.759 5.330 5.293 
-13.1 -5.21 -19.1 -17.3 -5.39 -2.13 -1.10 -0.66 -1.13 -2.08 1.404 2.944 2.792 0.510 0.707 -2.73 -0.95 0.555 0.862 1.504 
-57.0 -43.8 -28.0 -20.1 -15.6 -13.9 -8.15 -2.81 -2.56 -2.94 -2.09 -3.70 -0.04 -1.06 -6.06 -6.90 1.176 2.598 -0.88 -0.27 
0.083 -0.91 7.632 2.467 -2.79 -1.50 2.804 16.72 10.54 19.64 17.83 16.56 15.45 16.37 26.26 23.97 23.23 21.27 20.09 17.78 
77.60 62.47 41.99 28.30 21.53 13.97 13.74 15.48 27.19 15.50 20.85 12.51 14.02 13.62 12.86 22.81 21.98 17.55 14.64 13.25 
17.86 45.93 35.06 16.84 7.085 12.27 11.33 8.856 7.494 6.688 4.860 9.196 7.734 13.13 11.95 13.15 12.28 12.12 11.59 10.75 
-5.58 6.492 8.617 5.787 4.710 -7.84 -8.53 1.454 1.760 3.886 7.837 7.548 10.58 7.349 6.422 6.103 4.916 6.282 2.975 2.223 
-8.21 21.00 0.487 -0.22 0.854 4.308 6.478 6.220 -0.51 -0.74 -4.53 -5.23 -4.59 -3.97 0.788 1.855 1.586 1.571 1.683 7.446 
-0.58 -0.20 4.088 -5.48 -4.96 -8.18 -13.9 -14.3 -7.66 -5.30 -2.14 -3.91 -4.17 -4.30 -4.61 -4.60 -3.79 -2.44 -1.58 -0.13 
-3.86 -5.83 7.282 4.026 3.325 1.644 4.695 18.82 17.34 20.67 18.86 15.88 17.79 13.92 12.60 14.82 13.88 11.58 8.544 8.889 
32.22 13.70 16.88 11.92 -2.64 17.27 12.66 8.776 8.399 5.679 5.901 5.400 0.114 -1.85 -1.59 -1.92 -1.83 -0.95 -0.86 -1.51 
-53.6 -26.3 -12.6 -16.0 -8.07 -4.84 -3.57 -22.1 -20.0 -17.4 -16.6 -15.5 -14.4 -15.5 -15.4 -12.2 -12.2 -11.8 -15.6 -15.7 
-38.5 -42.3 -29.2 -18.7 -15.1 -12.8 -21.0 -13.2 -11.9 -11.8 -9.37 -9.44 -8.08 -11.1 -11.1 -10.0 -7.29 -11.2 -10.7 -5.81 
8.657 55.11 39.12 29.50 22.48 18.75 13.54 11.41 9.934 8.811 8.302 8.403 3.684 3.103 3.861 4.879 7.020 -2.25 -2.90 -2.72 
44.12 -29.3 -15.3 -31.2 -24.7 -20.0 -24.2 -23.5 -29.8 -25.4 -22.7 -20.5 -18.6 -17.2 -14.8 -13.8 -13.2 -10.9 -11.9 -11.6 
8.528 18.03 16.85 10.73 11.71 27.46 6.394 4.462 4.056 4.315 5.137 4.236 3.733 2.772 4.389 6.062 5.766 4.982 6.376 9.061 
-33.6 -6.51 -2.24 10.92 9.350 13.39 12.65 17.22 10.21 7.103 2.463 2.840 3.545 3.420 0.672 7.600 7.698 3.591 5.996 6.308 
2.265 -5.08 3.938 8.515 8.628 1.180 1.210 0.868 0.835 -3.03 0.005 -0.06 -0.18 0.299 0.328 1.655 0.165 -0.56 -1.64 -1.11 
-23.4 -1.18 -13.3 -6.10 -4.31 -3.07 2.122 0.368 1.767 -0.03 0.558 1.046 2.588 1.529 4.084 4.364 3.881 4.822 6.082 6.297 
-0.75 -19.7 -12.2 -9.96 -8.67 0.257 0.861 1.850 3.456 3.873 6.044 4.961 -0.70 -1.75 -4.33 -3.12 -1.55 -1.47 1.559 1.643 
-14.8 -28.6 -28.4 -21.0 -15.1 -14.2 -10.5 -15.3 -13.9 -6.41 -4.37 -0.15 -3.63 -2.87 -3.39 -2.54 -2.20 -2.09 -2.64 -3.28 
-5.08 -13.0 -12.1 -5.56 -3.58 -9.58 -8.15 -10.4 -9.64 -7.14 0.117 3.215 1.135 6.212 5.961 5.890 5.643 6.601 6.754 6.811 
-34.0 -28.5 -19.0 -19.2 -16.2 -9.83 -8.61 -7.05 -8.19 -6.44 -5.51 -2.32 -0.26 -0.53 1.219 0.857 2.523 1.903 1.656 1.562 
-13.0 -0.93 1.741 15.29 15.77 7.358 6.603 1.300 13.07 13.68 11.88 11.57 14.25 13.77 11.97 14.54 12.30 11.60 12.56 12.65 
79.62 55.08 34.15 25.37 20.56 17.56 18.58 16.85 18.46 14.23 10.53 9.365 11.48 10.79 16.54 14.38 13.54 7.555 7.198 8.331 
-3.53 -6.96 33.16 24.80 20.83 17.52 11.65 8.430 7.502 2.407 3.339 3.543 4.243 -1.47 -1.69 -3.95 -4.98 -5.48 -4.97 -4.79 
7.285 4.837 -0.96 -15.2 -19.1 -18.8 -14.9 -16.0 -12.6 -10.5 -11.6 -23.1 -21.5 -20.3 -14.6 -13.6 -13.3 -11.2 -10.3 -9.50 
22.87 11.31 14.86 -0.68 -22.1 -19.0 -16.4 -13.2 -10.6 -10.1 -9.36 -8.55 -16.4 -7.97 -7.91 -7.39 -7.02 -7.37 -6.41 -3.64 
27.73 40.33 24.95 21.70 26.56 22.30 19.15 16.01 13.52 14.41 13.08 12.16 10.57 8.287 10.54 9.400 8.862 8.256 9.022 8.447 
43.01 21.91 9.319 3.447 1.987 9.335 11.94 15.71 13.54 9.445 8.571 6.424 5.501 10.64 9.988 9.847 9.072 8.758 10.58 10.40 
2.185 1.086 17.81 13.63 11.55 11.09 11.30 13.67 13.41 12.86 10.59 9.847 11.75 9.999 9.404 8.347 7.782 7.418 2.104 1.165 
65.85 26.79 12.51 9.727 7.690 2.121 2.749 1.710 2.311 -1.45 -1.49 -3.54 -5.61 -7.38 -6.61 -6.07 -4.96 -4.02 -1.95 -2.35 
-23.5 -12.4 -13.6 -6.68 -5.20 2.352 2.568 2.349 10.20 4.677 4.106 -2.67 -3.17 -3.24 -2.99 -2.52 -3.10 -2.25 -2.73 -2.91 
13.32 5.487 -2.88 13.86 7.825 1.879 1.252 0.721 3.305 1.194 2.240 2.045 4.738 5.745 5.940 6.235 5.951 5.572 8.013 10.54 
0.020 0.818 4.739 -0.68 -0.42 0.009 -0.11 4.449 2.178 2.949 2.876 6.384 5.432 4.275 1.452 1.505 2.441 2.299 2.090 0.054 
-5.99 -4.42 21.03 15.25 18.29 15.03 12.80 14.57 15.10 13.44 11.92 10.87 10.18 9.448 6.355 5.955 5.465 3.649 2.332 2.323 
-1.63 1.795 -1.64 1.909 1.364 -11.8 -9.29 -7.89 -6.05 -5.13 -2.17 -1.32 -5.34 -6.63 -5.93 -1.91 -1.99 5.332 2.752 2.643 
8.348 -4.38 -6.97 -14.5 -1.51 -0.22 3.712 3.351 0.673 -0.48 1.428 0.217 0.636 -2.00 -2.11 -2.74 -4.06 -3.67 -3.57 -3.05 
12.57 14.70 8.551 1.949 -0.83 -0.10 0.575 1.957 1.141 0.976 1.537 1.200 1.336 0.639 -1.26 1.208 2.199 2.414 -0.26 -1.78 
3.789 3.883 -2.54 1.412 0.736 1.742 2.164 0.414 -0.31 -2.51 -2.70 -2.54 -3.53 -3.46 -1.51 0.069 0.404 3.981 3.570 3.701 
-13.7 -8.73 -6.07 -0.69 -1.31 -0.75 0.669 -0.08 -0.09 -0.14 -0.12 0.031 -3.12 -2.04 -4.00 -2.89 -3.51 -3.81 -4.65 -5.04 
-32.1 -8.72 0.916 9.960 8.094 7.841 8.703 5.909 2.708 2.382 -1.83 -3.90 -4.35 -2.53 -2.89 -3.95 -2.18 -4.71 -4.47 -3.93 
3.383 -29.4 -8.17 -2.72 -2.14 -5.43 -6.72 -5.30 -4.70 -4.41 -0.76 2.471 1.115 1.130 2.324 1.914 2.351 2.097 1.878 1.701 
37.49 15.38 7.135 5.713 3.385 2.777 10.87 5.702 3.812 4.660 3.868 0.992 1.902 1.348 2.584 2.515 0.101 0.124 0.137 -2.67 
-12.3 -17.0 -8.03 -1.02 -2.05 6.238 4.921 9.514 8.236 7.741 6.545 4.579 7.920 8.496 7.857 5.950 -2.00 -1.87 -1.67 -1.53 
0.729 -3.13 -1.49 5.844 7.221 5.396 14.33 13.49 12.48 11.01 8.437 7.845 7.005 6.756 6.205 5.853 4.232 2.813 2.686 2.852 
-4.22 -2.09 -9.91 -2.72 -1.66 -7.34 -7.27 -6.42 -3.96 -2.26 -4.37 -3.60 -3.55 -2.44 -3.48 -3.40 -0.05 1.172 1.143 -0.36 
9.065 -8.41 7.425 4.016 2.793 4.988 19.70 25.00 17.34 20.12 18.04 16.43 15.50 14.56 15.13 14.18 13.07 12.44 9.389 8.399 
2.100 26.66 17.01 6.035 2.808 0.374 8.368 11.12 10.22 8.494 5.600 5.486 5.156 3.764 0.831 0.985 1.271 0.532 0.598 2.879 
-4.51 -2.84 -3.17 1.435 2.173 3.293 5.699 12.36 9.534 8.094 11.23 10.25 12.06 10.55 10.39 10.32 10.10 8.170 7.718 7.314 
7.401 5.034 8.022 6.230 3.874 -4.92 -4.86 -4.33 -3.68 -6.50 -6.05 -5.38 -3.67 -2.27 -2.33 -3.63 -3.47 -2.82 -2.62 -2.67 
2.373 13.59 27.54 17.09 14.14 15.42 10.51 7.721 5.261 4.122 3.689 7.544 15.18 13.82 13.12 12.33 11.79 11.90 11.67 10.93 
-12.0 -6.03 -5.98 -6.70 -5.19 -2.58 0.501 4.186 5.344 3.507 3.584 2.110 1.390 1.838 1.355 1.362 0.957 0.510 -1.03 -1.11 
0.153 1.121 0.757 0.369 5.307 2.887 2.705 1.285 0.465 2.219 2.707 0.648 4.133 4.890 4.720 4.428 4.588 5.260 6.061 4.084 
-4.37 -0.76 -6.13 -8.91 -4.87 -4.62 -2.55 -2.00 -1.84 -1.97 -1.89 -1.59 -1.56 -2.97 -0.67 1.049 -0.28 -0.52 -0.14 -5.30 
-12.4 -38.3 -31.4 -23.3 -5.66 -7.13 -7.66 -4.23 -3.98 -3.81 1.848 2.215 1.935 1.655 0.891 0.802 1.608 1.788 1.262 1.027 
-2.45 -13.7 -8.45 -11.4 -11.1 -9.05 -7.85 -2.84 -2.28 -3.15 -2.82 -1.17 -1.31 -1.24 -0.10 -0.11 1.825 2.086 1.422 1.098 
4.765 1.102 0.422 4.232 1.650 1.341 2.754 2.965 2.624 1.765 1.420 1.365 0.859 0.827 0.573 0.751 0.345 0.340 0.122 0.332 
-34.7 -36.7 -24.3 -17.1 -12.6 -10.6 -9.35 -6.25 -5.59 -7.88 -5.23 -4.75 -4.64 -5.66 -5.25 -6.06 -5.30 -3.64 -3.69 -3.32 
1.504 -0.96 0.059 6.440 2.673 3.779 2.118 2.535 -5.63 -9.09 -6.78 -5.51 -4.33 -3.41 -2.80 1.635 2.850 5.656 4.758 7.020 
-2.89 20.31 14.77 14.34 11.69 10.30 8.216 7.188 6.301 6.599 7.492 7.727 6.921 6.696 6.204 3.352 2.717 2.628 2.332 1.228 
-12.2 -8.92 -6.38 -24.7 -21.2 -20.5 -18.1 -14.0 -11.7 -9.53 -8.51 -8.70 -8.81 -8.07 -6.64 -6.65 -6.20 -7.22 -6.87 -6.71 
-1.36 11.31 11.66 16.88 11.89 10.13 12.78 7.955 7.482 8.032 7.424 7.139 5.750 6.908 5.886 5.568 5.253 6.145 6.335 6.220 
1.897 -1.82 2.844 -3.45 -1.09 -0.77 -0.01 -3.25 -4.37 -6.09 -5.91 -5.07 -4.63 -4.27 -4.26 -4.18 -3.81 -2.99 -2.84 -1.93 
-47.5 -25.4 -16.3 -12.2 -8.43 -6.66 0.438 0.117 0.172 -0.24 -2.04 -2.45 -2.35 -2.46 -2.85 -2.90 -3.26 -3.20 -2.32 -0.87 
-17.5 -12.5 -8.40 0.890 0.337 0.038 -0.18 -0.90 -1.55 -2.02 -1.90 -1.61 -1.31 -0.95 -3.23 -4.79 -4.40 -4.28 -3.84 -3.63 
3.568 9.179 2.588 2.911 2.352 -2.27 0.230 0.063 -0.09 1.159 -1.14 -1.16 -0.92 0.353 -0.20 -2.26 -0.41 -0.43 0.186 -0.13 
5.964 2.380 1.556 0.331 1.240 0.830 -3.24 -3.07 -3.36 -1.70 -0.90 -0.93 -1.85 -2.67 -1.81 -0.53 -1.00 -2.11 -3.13 -4.81 
0.559 -2.82 8.857 5.729 4.218 4.800 5.068 4.231 4.635 4.165 6.487 5.847 5.224 4.802 4.430 4.908 4.236 4.319 5.480 5.383 
-0.22 0.059 -5.45 -4.08 -1.12 -0.47 0.549 0.704 0.625 -0.17 0.173 3.507 5.066 4.965 4.965 4.186 3.941 3.646 3.468 3.497 
29.17 11.84 8.280 1.458 -0.40 -5.29 -5.28 -2.27 -0.49 -0.63 1.636 1.911 -0.64 -4.48 -3.63 -3.93 -1.52 -1.55 -4.50 -4.55 
1.588 -1.17 4.302 1.227 0.395 -0.98 -0.76 0.272 -6.42 -4.82 -4.39 -3.79 -4.59 -4.65 -3.64 -1.62 -0.98 -2.11 -1.93 -1.84 
0.121 2.203 3.386 6.071 4.288 -1.16 1.363 0.872 -2.08 -1.22 -1.31 -1.20 -1.82 -0.46 -0.67 -1.09 -0.93 2.483 2.560 2.371 
29.30 -1.32 0.663 3.050 4.917 -0.81 -1.02 1.802 1.528 0.250 -0.44 -0.71 -0.56 0.028 0.068 -0.02 -1.34 0.398 0.082 -0.50 
6.444 3.749 8.945 12.30 12.22 11.91 10.06 8.802 10.23 9.403 8.717 7.521 6.932 7.535 7.559 8.456 8.508 8.672 8.220 8.090 
-26.5 -1.94 -0.07 -2.57 -4.15 -3.13 -2.46 -1.80 -3.10 -2.90 -1.75 -0.10 0.261 1.142 0.317 0.429 -0.47 -0.48 -0.64 -0.41 
21.58 13.98 6.606 5.290 -4.47 -6.96 -7.00 1.100 0.779 1.316 0.835 0.905 0.393 1.042 1.069 -0.85 1.433 2.218 1.590 1.993 
3.434 1.512 1.638 -1.60 -0.98 0.386 0.628 -0.92 4.977 4.642 3.221 3.614 3.309 3.075 1.987 2.146 1.904 1.820 0.799 1.242 
-16.0 2.555 6.807 5.231 6.008 -6.86 -5.64 -3.00 -4.49 -6.66 -3.65 -4.04 -4.68 -4.60 -5.72 -5.38 -5.02 -3.79 -3.58 -4.01 
-0.33 -4.14 4.617 7.404 6.042 6.670 6.259 5.124 4.833 2.326 -1.07 -1.96 -3.04 -2.97 -2.64 -2.62 -2.60 -5.64 -4.93 -4.91 
-3.40 -14.3 -12.1 -14.2 -10.5 -9.19 -7.63 -6.35 -5.01 -4.26 -4.06 -4.39 -1.46 -0.22 -2.19 -2.77 -3.81 -3.92 -3.62 -2.45 
1.371 1.672 0.023 0.155 1.298 -4.92 -4.20 -4.12 -3.64 -2.53 -2.26 -2.10 -2.84 -3.36 -2.84 -2.81 -2.64 -1.16 -0.93 -1.08 
-1.66 -2.64 -0.31 0.860 -3.84 -3.18 0.118 0.736 2.535 1.647 1.485 1.378 2.806 1.258 3.461 3.316 2.675 1.965 0.916 0.781 
3.528 10.43 17.12 14.97 18.95 14.20 13.37 12.16 10.08 9.250 10.12 10.31 9.517 8.547 7.658 8.259 8.303 7.853 7.987 7.313 
6.982 3.487 2.344 2.285 0.222 0.124 0.394 0.547 0.571 -0.84 -1.89 -1.39 0.974 1.237 1.022 -0.44 -0.11 -0.04 0.449 0.432 
5.292 -5.22 -23.2 -17.5 -9.43 -3.99 -3.25 -2.42 -2.16 -1.96 -0.51 -1.05 0.306 -0.17 -1.11 -0.85 -0.26 -0.41 0.489 1.033 
-2.81 6.753 15.90 11.85 5.719 4.663 3.683 2.211 1.948 2.642 1.236 0.539 0.900 0.988 1.032 1.044 0.357 0.356 -0.61 -1.20 
-0.02 21.76 16.23 11.98 8.961 7.577 6.880 3.341 1.009 0.899 3.642 3.382 2.140 1.902 0.589 0.398 0.615 0.195 0.408 0.306 
-15.8 -12.1 -5.08 -4.03 -2.85 -2.73 1.390 2.080 2.425 7.594 7.366 6.508 6.109 6.396 5.848 5.077 4.567 3.839 3.640 3.463 
2.037 1.505 12.84 9.651 6.317 4.199 3.218 3.195 2.882 2.876 4.232 4.274 4.031 5.381 4.909 4.813 4.422 4.566 3.830 4.178 
-2.13 1.263 1.805 1.833 -3.13 -3.12 -1.75 -2.07 -2.84 -3.78 -4.44 -3.76 -3.66 -3.59 -3.29 -3.08 -2.32 -2.23 -2.96 -3.87 
17.61 9.237 8.451 5.820 2.515 1.756 1.956 2.439 2.115 1.010 0.914 0.635 0.307 0.357 0.608 0.419 -1.20 -0.95 -0.94 -1.10 
35.11 14.83 10.07 5.312 4.104 3.894 3.852 4.284 7.088 6.873 7.073 6.448 5.888 5.433 5.828 5.690 4.626 4.560 4.695 4.396 
-2.36 -0.62 -0.51 1.862 -2.50 -3.60 -0.07 0.039 0.582 0.366 0.308 1.287 1.584 1.427 1.167 0.632 0.756 0.086 0.056 0.229 
2.003 0.317 -1.91 1.021 -2.10 -2.61 -4.29 -2.79 -1.91 -1.51 -1.03 -3.11 -2.88 -0.42 -0.21 0.004 -0.00 -0.11 -0.16 -0.02 
-0.07 -0.09 1.568 1.487 5.595 3.783 2.156 -2.36 -2.57 -1.83 -1.50 -0.55 -0.30 -0.30 0.042 0.037 0.395 0.133 0.162 0.105 
15.02 7.720 1.963 1.444 -0.54 -5.70 -4.90 -4.76 -1.94 -0.29 -0.14 -0.45 1.064 1.377 0.026 -0.16 -0.22 -0.19 -0.23 -0.40 
1.632 0.556 8.273 0.590 -4.65 -3.57 -3.56 -2.65 -1.84 -1.73 -1.95 -5.01 -4.63 -3.91 -2.73 -2.18 -2.12 -1.96 -1.68 -1.70 
-8.82 -2.99 -1.34 -1.72 -1.97 -1.78 -1.29 -0.68 3.025 2.658 3.182 2.996 3.021 2.481 2.813 2.426 2.315 2.237 2.330 2.626 
-8.09 -2.72 -1.31 4.774 7.760 6.758 5.757 5.052 4.620 5.565 4.330 4.149 3.349 3.391 2.736 2.547 2.334 2.064 1.630 1.788 
10.00 5.340 3.940 2.856 0.705 1.143 3.567 3.417 1.581 2.298 2.452 2.195 2.163 1.273 2.963 2.922 3.051 2.830 3.216 2.692 
8.059 3.425 6.325 2.472 1.769 0.654 0.252 0.202 -0.01 0.043 -0.02 -5.97 -5.53 -5.09 -4.45 -3.96 -4.25 -3.90 -3.63 -3.61 
0.273 -6.47 -4.57 -1.00 1.984 0.626 -0.32 -2.37 -1.25 -1.04 -0.95 -0.83 -0.43 -1.19 -0.99 -1.38 -0.83 -0.69 -0.95 -1.13 
2.343 3.400 1.594 1.308 0.896 1.770 1.599 -2.61 -3.17 -2.57 -3.38 -2.77 -2.67 -2.90 -2.68 -2.86 -2.15 -2.36 -2.27 -2.12 
5.648 5.620 3.274 2.287 1.803 1.886 1.255 1.070 0.761 0.846 0.519 2.089 2.204 1.593 1.536 1.365 1.435 1.862 1.942 1.899 
2.468 0.859 -1.23 6.467 5.512 4.844 4.623 4.055 3.557 3.909 3.798 3.482 3.105 3.191 3.487 2.862 2.509 2.050 2.100 2.920 
-3.54 -21.5 -22.4 -17.9 -15.0 -13.1 -11.4 -9.77 -9.30 -8.80 -8.11 -7.37 -6.87 -5.86 -5.68 -5.35 -5.10 -4.91 -5.67 -5.33 
0.424 4.468 -0.10 5.358 4.431 5.080 4.787 4.128 5.375 3.438 3.118 2.886 4.523 4.635 4.757 4.210 4.350 4.121 3.827 3.688 
0.281 4.088 -0.62 -0.66 1.151 -0.33 0.355 -0.48 0.942 1.077 0.934 0.860 0.835 0.728 0.267 0.104 -0.63 -0.58 -0.87 -1.28 
-0.73 10.29 7.325 7.502 6.064 5.288 3.886 3.385 2.428 3.369 3.275 2.970 2.767 2.500 3.008 2.740 2.638 2.655 2.647 2.386 
-28.8 -23.6 -15.5 -11.3 -8.78 -6.94 -5.92 -6.88 -5.68 -6.09 -4.56 -3.75 -6.58 -6.98 -5.50 -4.15 -3.95 -4.04 -3.96 -3.70 
5.553 3.482 1.886 -1.53 -1.22 -0.96 -0.02 -0.20 -0.38 0.124 0.706 0.631 0.331 0.259 0.423 0.277 0.059 -0.11 -0.01 -0.97 
3.100 5.480 1.904 7.214 7.370 4.208 -1.60 -2.33 -2.06 -2.08 -1.90 -2.50 -2.33 -1.97 -2.34 -1.69 -1.58 -1.46 -1.32 -1.34 
-0.21 0.113 0.364 0.894 1.679 0.877 1.526 0.426 -1.56 -4.08 -3.67 -3.62 -2.67 -2.66 -3.33 -3.61 -3.25 -3.42 -3.16 -2.83 
1.635 2.847 -3.04 -1.98 -1.16 -1.28 1.908 1.530 1.280 -0.64 -0.59 -0.45 -0.39 0.076 1.142 0.906 1.455 1.401 0.687 0.253 
0.842 0.157 2.028 4.175 3.527 3.169 3.095 -0.34 -0.70 -1.23 -1.76 -1.43 -1.52 -1.32 -0.99 -1.82 -1.61 -0.06 -0.14 0.646 
0.193 -3.24 -0.37 -1.30 -2.66 -1.96 -1.92 -0.85 0.674 1.586 1.045 0.833 2.123 3.936 3.874 3.427 3.142 3.068 2.731 2.679 
1.056 -0.27 -5.64 -7.65 -7.12 -6.54 -5.75 -4.55 -6.00 -6.17 -5.53 -4.62 -4.20 -3.80 -3.60 -3.47 -3.29 -3.17 -4.08 -4.25 
0.237 4.138 2.789 4.397 2.711 2.213 1.369 1.407 1.206 1.585 1.349 1.559 1.017 0.862 -0.53 0.099 0.094 0.854 0.867 0.750 
12.26 3.315 2.103 1.018 0.874 0.967 4.612 4.631 4.115 4.359 4.216 3.932 2.503 3.191 1.657 1.125 1.079 1.831 1.739 1.426 
-2.68 -4.99 -3.05 -2.68 -1.10 -0.95 -0.82 -1.99 -1.70 -0.12 -0.10 -1.03 -1.57 -3.06 -2.45 -2.27 -2.14 -1.92 -1.96 -2.06 
-0.15 -0.06 -0.70 -0.30 -0.19 -1.93 -3.41 -2.61 -2.22 -2.05 -2.03 -1.82 -1.61 -1.47 -1.49 -1.39 -1.30 -0.99 -1.00 -1.03 
-3.91 -3.10 -1.96 -1.26 -1.87 -1.08 -0.92 1.242 0.059 1.330 1.398 -1.13 -1.34 -1.19 -1.14 -1.00 -1.11 -0.22 -0.03 -0.14 
-2.07 -1.08 9.334 6.400 5.075 3.879 0.079 -0.45 -0.82 -0.96 -0.95 0.244 -0.12 -2.12 -1.64 -1.94 -1.84 -1.36 -1.19 -1.04 
-19.6 -13.4 -9.90 -7.39 -5.52 -4.43 -4.11 -3.69 -3.47 -3.72 -3.42 -2.89 -3.04 -2.19 -2.00 -1.12 -1.29 -2.48 -2.64 -1.46 
3.238 6.858 4.026 0.031 -0.09 -0.32 -0.47 0.461 3.522 3.826 3.337 3.249 2.166 1.960 1.826 1.558 0.943 0.644 0.792 0.535 
1.657 -0.16 2.358 -2.88 -2.24 -2.12 -1.18 -2.81 -6.59 -6.49 -5.79 -5.24 -4.99 -4.25 -2.51 -2.32 -2.13 -2.01 -2.00 -2.40 
-1.61 1.903 -1.96 -0.68 -0.99 0.570 1.452 0.533 1.090 0.741 0.649 1.418 1.311 1.119 1.176 0.864 1.595 1.293 2.263 2.153 
-2.28 -1.24 0.423 0.608 0.493 1.409 1.217 0.769 0.480 1.830 1.629 1.720 1.201 1.117 0.973 0.661 0.555 0.517 0.788 0.978 
2.319 9.315 6.235 -0.95 -2.21 -1.98 -1.86 -1.64 -1.68 -1.56 -1.31 -1.07 -1.97 -1.58 -1.49 -1.44 -1.10 -1.18 -0.51 -0.49 
2.139 5.220 3.576 2.802 0.573 2.550 2.576 1.163 2.200 1.254 0.016 -0.03 -0.22 -0.86 -0.71 -0.72 -0.43 -0.97 -1.01 -1.20 
-15.9 -8.99 -6.88 -1.10 -1.72 -1.59 -1.42 -1.39 -1.18 -1.15 -1.79 -1.36 -1.07 -1.58 -1.46 -1.35 -0.93 -0.92 -0.71 -0.67 
1.467 -1.59 0.636 -0.83 1.123 5.558 4.171 3.883 3.456 0.278 -0.06 0.196 -0.06 0.279 0.570 0.044 -0.47 -0.41 -0.42 -0.67 
1.313 -2.16 -1.41 -2.65 1.187 -0.16 -0.42 -0.58 -1.10 -0.65 -0.84 -0.97 -0.95 -0.41 -0.45 -0.77 -0.99 -1.36 -1.11 -0.95 
30.52 10.31 1.262 0.760 1.371 1.143 1.034 -0.26 -0.14 -0.51 -0.23 0.100 -0.92 -2.30 -2.41 -2.19 -2.11 -1.71 -1.74 -1.60 
-1.51 -3.57 -0.40 1.244 2.234 1.887 5.338 4.712 4.415 3.967 4.210 3.885 3.586 2.875 3.295 3.147 3.145 2.909 2.952 2.826 
0.848 -9.75 -6.47 -3.94 0.270 0.170 -0.18 -0.01 -0.13 -0.24 -0.27 -1.30 -1.20 -1.43 -2.48 -1.56 -1.36 -1.58 -1.49 -0.95 
-25.2 -10.2 -6.58 -4.16 -3.35 -2.47 -1.89 -1.73 0.276 0.388 -0.00 1.261 1.181 0.479 0.839 1.229 1.555 0.678 0.438 0.158 
-9.42 -6.53 -4.60 -1.67 -0.61 -1.66 -1.93 -1.69 -1.49 -1.07 -1.71 -1.82 -1.92 -2.42 -1.80 -1.67 -1.28 -1.22 -1.08 -1.40 
-1.77 1.365 5.372 4.152 3.983 4.086 3.322 2.838 2.517 2.323 2.634 2.947 4.660 4.267 4.263 4.666 4.396 4.179 4.077 3.790 
0.942 -0.45 0.645 -0.47 -1.04 -1.56 -1.45 -1.37 -2.68 -2.05 -1.90 -1.74 -0.50 -0.25 -0.37 -0.17 -0.89 -1.43 -1.33 -0.99 
2.094 1.866 3.987 3.381 2.223 2.423 1.717 2.199 3.655 3.214 2.867 2.084 1.689 2.034 1.812 1.678 1.684 1.557 1.468 1.297 
-1.81 -0.69 5.421 4.852 3.462 3.079 3.215 2.991 2.578 3.103 3.074 3.844 3.515 3.318 3.094 3.236 3.249 3.221 3.412 2.907 
2.582 5.781 4.889 2.865 2.193 2.034 2.358 1.959 1.742 1.557 1.212 0.424 0.400 0.143 -0.08 0.670 0.496 -2.46 -2.80 -2.22 
4.333 2.684 2.349 2.150 2.249 1.558 1.616 1.721 1.399 1.249 1.084 0.946 0.970 -0.74 -0.96 -1.71 -2.04 -1.51 -0.84 -0.57 
-4.55 0.181 -1.63 -0.46 -0.45 -0.01 -0.25 -0.37 -0.40 -0.15 -0.29 -2.13 -1.87 -1.70 -1.79 -2.17 -2.43 -2.37 -2.32 -2.23 
-2.47 0.245 0.137 0.296 0.236 1.909 1.854 1.602 1.542 1.130 1.860 1.751 2.140 2.603 1.910 1.839 1.759 1.612 1.689 1.565 
0.011 1.800 1.600 1.278 1.295 0.777 -0.88 -1.93 -1.07 -1.72 -1.48 -1.58 -1.47 -1.62 -1.51 -1.42 -1.79 -1.74 -1.74 -1.66 
-1.94 0.449 -0.64 -3.22 -1.63 -1.24 -1.02 -0.40 -0.32 -0.03 -0.64 -0.38 -0.12 0.004 0.154 0.818 0.256 0.619 -0.09 -0.15 
3.375 3.234 1.941 3.094 2.438 2.266 1.948 1.576 1.618 1.311 1.121 1.074 1.838 2.048 1.736 1.317 -0.27 0.642 0.488 0.506 
1.935 -0.20 -0.47 -0.29 -3.27 -3.09 -4.33 -3.78 -3.25 -2.93 -3.67 -4.73 -4.58 -4.26 -4.17 -2.52 -2.54 -2.65 -2.55 -2.41 
11.94 5.105 3.140 0.604 0.567 1.308 2.760 3.552 2.980 3.130 2.325 2.382 2.278 2.171 2.675 2.371 2.279 2.052 1.814 1.759 
1.727 -3.45 -2.89 -1.16 -1.33 -2.70 -4.13 -3.52 -3.05 -2.40 -2.06 -2.05 -1.81 -1.29 -2.02 -2.09 -1.95 -2.29 -2.50 -2.14 
0.611 -1.29 -0.64 -0.01 0.654 -0.61 -0.50 0.054 -1.72 -2.02 -2.02 -0.84 -0.85 -0.49 -0.47 -0.86 0.070 0.055 -0.04 0.185 
-3.61 -3.15 -1.41 0.188 0.846 1.416 1.000 1.228 2.117 1.960 1.679 2.069 2.150 1.948 1.823 1.462 1.161 1.138 1.082 0.974 
-0.45 -0.31 -0.50 0.977 0.191 0.265 0.334 -1.12 -0.93 -0.67 -0.40 -0.40 -0.41 -0.31 0.327 0.347 0.394 0.418 0.330 0.244 
-4.20 -1.88 0.221 0.208 0.031 -0.05 -2.24 -2.10 -2.55 -0.84 -1.58 -1.34 -1.20 0.355 0.333 0.469 0.473 0.181 -0.68 -0.25 
-1.58 -2.10 -0.48 -0.22 0.770 -0.45 -0.51 -1.28 -0.99 -0.94 -1.17 -1.17 -0.42 -1.47 -1.42 -1.57 -1.68 -1.53 0.246 0.360 
3.515 -0.06 -1.14 -1.25 -0.87 -0.94 -1.41 -1.35 0.960 0.712 0.943 1.368 1.242 1.065 0.894 0.743 0.277 0.238 0.227 0.074 
-4.79 -3.24 -1.69 -1.86 -1.10 -0.08 0.475 0.623 1.254 1.617 1.432 1.365 1.564 1.728 1.614 0.978 0.902 0.538 0.442 0.509 
0.759 0.075 2.689 0.316 -1.76 -1.42 -0.25 -0.11 -0.27 0.053 0.015 0.100 -0.62 -2.01 -2.18 -2.28 -2.29 -2.84 -2.34 -2.29 
0.198 1.083 -0.10 -0.50 -1.01 -0.85 -0.27 0.197 0.089 1.733 0.813 0.813 0.699 0.641 0.596 1.096 0.884 0.842 0.801 0.877 
1.448 -0.72 0.254 1.510 0.787 0.704 0.985 0.523 0.692 0.372 0.447 0.385 0.380 0.231 0.180 0.344 0.180 0.210 0.266 0.729 
0.129 2.770 1.856 -1.89 -2.34 -2.38 -2.16 -1.86 -1.14 -1.32 -1.13 -1.07 -1.12 0.673 -0.21 -0.18 -0.16 -0.19 -0.21 0.017 
-7.27 -4.43 -2.98 -3.51 -1.85 -2.44 -2.09 -2.54 -3.15 -2.65 -2.14 -1.94 -1.25 -1.10 0.335 0.603 0.662 0.633 0.411 0.402 
-0.59 -2.07 0.054 -1.79 -1.47 -1.15 -0.66 0.073 -0.64 -0.44 -0.43 0.803 0.759 1.202 1.160 0.940 0.986 0.597 0.847 0.748 
1.159 0.969 1.319 -0.79 -1.83 -1.46 -1.14 -0.89 -0.11 -0.05 -1.25 -1.05 -0.59 -0.51 0.056 0.240 0.320 0.422 0.416 0.384 
4.286 1.399 0.907 -1.83 -5.14 -4.17 -3.36 -2.89 -1.17 0.260 0.030 0.148 0.167 -0.00 -0.44 -0.39 -1.82 -1.78 -1.58 -1.55 
2.049 2.408 3.136 2.616 4.118 3.243 1.413 0.666 -0.60 0.349 -0.37 -1.46 -2.00 -1.76 -0.83 -0.50 -0.44 -0.01 0.477 0.479 
1.959 0.858 0.802 1.601 2.565 2.118 2.079 2.455 3.556 3.210 3.015 1.990 2.169 1.027 1.013 0.924 1.795 1.055 1.052 1.149 
1.037 2.314 2.926 3.535 2.807 4.746 4.145 3.672 4.770 4.291 3.513 3.322 3.709 3.048 2.845 2.916 2.681 2.737 2.603 2.657 
23.74 12.25 11.79 6.517 0.573 1.072 1.502 1.557 1.458 1.774 0.543 0.417 0.396 0.132 0.265 0.161 -0.29 -0.58 -0.43 -0.40 
0.022 1.515 1.185 1.588 1.348 -0.18 -0.17 -0.62 -0.11 -0.07 -0.35 -0.34 -0.15 -0.06 -0.26 -0.15 -0.00 -0.08 -0.08 0.572 
15.19 8.349 6.058 8.329 6.950 5.742 5.369 4.449 3.879 3.472 3.537 3.949 3.658 2.803 2.346 2.271 1.978 2.068 2.201 2.270 
0.154 -2.09 -0.82 -0.23 -0.04 -0.27 -0.36 -0.59 -0.57 -0.37 2.018 1.579 1.177 1.123 1.093 1.078 1.018 1.071 0.593 0.892 
-5.59 -9.50 -5.82 -4.02 -3.25 -2.54 -2.76 -1.37 -1.55 -1.69 -1.36 -1.77 -1.94 -1.73 -1.24 -0.25 0.329 0.299 0.356 0.277 
2.115 -0.76 -0.56 0.611 0.709 2.500 1.993 1.357 1.158 0.700 0.588 0.810 0.614 0.400 0.341 -0.21 -0.32 -0.39 -0.76 -0.72 
-6.18 -3.55 -1.92 -5.92 -4.23 -3.73 -2.64 -1.90 -1.21 -0.99 -0.80 -0.64 -0.57 -0.52 -0.56 -0.58 -0.45 -0.06 0.005 0.057 
0.578 1.166 -0.03 0.038 -0.35 -0.09 -0.52 -0.07 0.491 0.442 0.894 0.816 0.561 1.026 0.621 0.550 0.284 -0.02 -0.08 0.057 
0.103 0.324 1.847 1.185 1.410 1.518 3.151 3.206 2.480 2.957 2.409 2.556 2.362 2.119 2.105 2.036 1.633 1.531 1.435 1.335 
-8.52 -4.43 -2.38 -2.73 -3.72 -2.80 -3.17 -2.78 -2.87 -1.81 -1.90 -1.70 -1.52 -1.26 -1.21 -1.07 -0.85 -0.81 -1.00 -0.96 
-0.23 -0.94 -0.49 -0.78 -1.77 -1.67 -1.38 -1.65 -1.22 -1.61 -0.84 -0.60 -0.60 -0.62 -0.25 -1.28 -1.31 -1.19 -1.12 -1.26 
-0.12 -0.66 -3.12 -3.22 -2.39 -2.02 -1.57 -1.47 -1.84 -2.06 -1.77 -1.80 -1.83 -1.52 -1.61 -1.45 -1.67 -1.32 -1.42 -1.31 
-7.91 1.796 2.547 2.168 2.151 0.868 0.892 0.393 0.254 0.278 2.229 2.578 2.430 2.063 1.345 1.319 1.249 1.860 1.373 1.189 
-0.70 -3.03 -2.85 0.732 1.195 1.270 1.093 1.186 1.230 2.369 2.323 2.140 1.912 1.728 1.337 1.178 0.936 1.227 1.169 1.133 
-0.84 0.508 2.789 2.092 2.012 1.725 2.069 1.303 1.385 1.185 1.735 1.572 1.051 0.966 0.845 0.009 0.006 0.077 0.092 -0.20 
0.786 0.103 2.562 2.268 1.491 0.590 0.496 1.046 0.499 0.509 0.462 0.389 0.345 0.313 0.365 0.376 0.442 0.443 0.298 0.288 
-4.59 -4.55 -1.73 -3.03 -2.34 -1.93 -1.65 -1.53 -1.12 -1.67 -1.56 -1.83 -1.55 -1.44 -1.44 -1.24 -1.34 -1.71 -1.68 -1.52 
-0.93 4.305 3.159 1.820 1.640 1.797 1.448 0.128 0.088 1.152 1.034 0.467 -0.13 -0.13 0.284 -0.80 -0.95 -1.05 -1.25 -1.08 
2.351 1.652 2.851 1.605 2.380 1.905 1.833 1.520 2.065 1.857 2.049 1.984 1.753 2.744 2.883 3.027 2.932 3.061 2.484 2.384 
3.826 3.187 2.242 0.593 -1.17 -1.21 -1.03 -0.75 -0.90 -1.44 -1.12 -0.98 -0.92 -0.76 0.168 0.152 0.015 0.035 0.229 0.558 
0.440 1.044 0.775 2.393 1.002 1.333 0.648 0.701 1.279 0.378 0.817 0.652 -0.06 -0.19 -0.29 -0.06 -0.03 1.309 1.203 1.055 
-0.89 -0.45 -0.33 -0.36 0.248 -1.13 -1.17 -1.20 -1.06 -1.27 -1.14 -1.53 -1.34 -0.41 -0.39 -0.36 -0.42 -0.36 -0.31 0.173 
7.673 4.554 -0.99 -0.28 -0.56 -0.36 -0.27 -1.26 -1.34 -1.25 -1.35 -0.02 -0.29 0.871 0.671 0.606 0.298 0.300 0.265 0.237 
-1.67 -1.72 -3.78 -4.98 -3.97 -3.50 -2.37 -2.26 -1.67 -1.64 -1.34 -1.51 -1.40 -1.27 -1.35 -1.34 -0.86 -0.95 -0.78 -0.77 
-2.90 -3.75 -3.66 -2.93 -2.23 -1.82 -1.33 -1.92 -0.80 0.650 1.204 1.266 0.957 0.828 0.748 0.651 0.603 0.746 0.766 0.987 
6.014 5.729 4.346 3.165 2.960 0.522 1.404 1.055 1.013 0.733 0.848 0.893 0.647 0.620 0.560 0.446 0.296 0.470 0.220 0.391 
4.011 -4.82 3.950 2.385 0.576 2.101 1.509 0.989 0.740 0.971 0.863 0.251 0.284 1.680 1.741 1.719 1.429 1.449 1.008 0.710 
2.783 0.213 -1.39 -0.24 -1.17 -0.92 -1.26 -1.11 -1.02 -1.05 -0.33 -0.02 -0.26 -0.26 -0.33 -0.46 0.115 0.261 0.322 0.372 
0.457 3.503 5.711 4.342 3.993 3.320 2.778 1.974 1.957 2.163 2.033 3.487 3.269 2.466 2.808 2.668 2.002 2.085 2.069 2.297 
-0.58 2.614 2.032 0.926 0.786 0.265 0.088 -0.76 -1.27 -1.09 -1.29 -1.14 -0.32 -0.41 -0.41 -0.58 -0.61 -0.60 -0.52 -0.38 
-2.16 -1.13 -10.5 -7.64 -6.06 -9.71 -8.03 -8.41 -8.09 -7.59 -6.00 -5.42 -5.46 -5.06 -5.14 -4.82 -4.69 -4.48 -4.36 -3.84 
0.685 2.317 -0.73 -0.06 -0.31 0.099 0.416 0.788 0.897 0.961 0.686 0.545 0.530 0.435 0.371 0.396 0.475 0.421 0.416 0.397 
2.943 -1.61 -2.94 -0.42 -0.30 0.493 0.493 0.422 0.460 0.039 -0.09 -0.10 -0.35 -0.24 0.063 -0.57 -0.56 -0.52 -0.47 -0.45 
-1.30 -1.05 -0.60 -0.61 -0.86 -2.43 -2.32 -2.06 -1.76 -1.46 -1.40 -0.93 -0.87 -0.80 -0.92 -0.87 -0.58 -0.39 -0.43 -0.20 
-0.82 -0.28 1.089 6.640 5.452 6.821 6.162 4.945 4.535 4.187 3.646 3.193 2.898 2.275 2.331 2.161 1.889 1.926 2.386 2.203 
-5.72 -2.48 -1.67 -2.67 -2.31 -1.74 -1.42 -1.99 -1.88 -2.47 -2.24 -1.27 -1.48 -1.20 -1.11 -1.31 -1.17 -1.22 -1.01 -1.25 
-2.92 1.951 -0.65 -1.49 -0.74 -0.42 0.228 -0.04 -0.58 -0.33 -0.18 -0.17 -0.52 -0.51 -0.52 -0.48 -0.45 0.068 0.066 0.172 
19.30 2.950 2.546 1.811 1.480 1.499 4.229 1.995 2.079 1.882 1.392 1.690 1.525 1.385 1.155 1.056 1.867 1.603 1.567 1.662 
-1.47 -1.45 -1.65 -0.94 -0.39 -2.29 -2.86 -2.99 -2.60 -2.16 -1.22 -1.27 -1.02 -1.20 -1.15 -0.94 -1.07 -0.90 -1.11 -1.16 
2.572 0.253 -1.33 0.285 0.440 -0.16 -0.15 -0.40 -0.20 0.087 -0.07 -0.15 -0.18 0.086 0.422 0.595 0.455 0.493 0.486 0.420 
-0.53 0.211 4.847 2.973 2.710 1.436 2.863 1.412 0.368 0.343 0.305 -0.08 -0.30 -0.30 -0.07 -0.04 -0.02 0.011 -0.01 0.003 
4.276 1.988 1.351 0.406 0.610 0.608 1.114 0.808 0.906 1.138 0.471 0.161 0.064 0.105 0.002 0.126 0.195 0.094 0.204 0.133 
-0.10 -1.42 -1.07 0.238 0.954 0.682 0.348 0.278 0.212 -0.66 1.273 0.999 0.837 0.831 0.786 0.584 0.192 0.158 0.280 0.215 
0.132 1.884 1.254 1.877 1.327 0.186 -0.62 -0.58 -0.76 -0.69 -0.94 -0.33 -0.27 0.197 0.173 0.429 0.531 0.266 0.429 0.433 
-12.5 -7.57 -4.84 -3.55 -2.96 -2.68 -3.14 -2.93 -3.05 -3.20 -2.94 -2.69 -2.53 -2.31 -1.36 -1.08 -0.88 -0.55 -0.37 -0.44 
0.431 0.978 0.437 0.734 0.820 -0.61 -0.35 -0.19 -0.56 -0.69 -0.62 -0.40 -0.31 -0.15 -0.13 -0.37 0.282 0.267 0.269 0.259 
6.282 3.290 1.886 1.528 1.563 2.113 2.210 2.035 2.091 1.768 1.481 1.271 1.308 1.172 1.465 1.323 1.245 1.199 1.241 1.417 
-0.45 0.092 0.035 0.117 0.090 0.149 0.120 0.140 0.523 0.299 0.233 0.252 0.377 0.259 0.220 0.099 0.193 0.153 -0.41 -0.47 
-12.4 -6.33 -4.05 -2.60 -1.55 -1.67 -1.68 -1.64 -2.35 -1.95 -1.78 -1.31 -1.01 -0.46 -0.36 -0.44 -0.37 -0.35 -0.56 -0.63 
-0.07 2.620 -1.15 -0.88 -0.76 -0.61 -0.58 0.085 -0.25 0.150 0.626 0.467 0.179 -0.17 -0.21 -0.48 -0.51 -0.43 -0.53 -0.43 
-5.87 -3.33 -2.55 -2.18 -1.70 -0.30 0.090 -1.01 -1.25 -1.94 -1.79 -1.97 -1.77 -1.80 -2.06 -2.05 -2.05 -1.98 -1.68 -1.89 
2.619 -0.88 -0.61 0.397 -0.25 -0.72 -0.62 -0.67 -0.63 -0.31 -0.21 -0.14 0.106 0.476 0.425 0.507 0.529 1.522 1.253 1.411 
1.760 0.778 0.428 0.317 0.054 0.048 0.087 0.466 0.421 1.174 -0.66 -0.54 -0.55 -0.58 -0.58 -1.04 -0.96 -1.14 -1.10 -0.07 
-7.79 -3.81 -2.59 -2.94 -0.40 -0.10 -0.31 -0.09 0.152 0.158 0.182 0.087 -0.23 -0.25 -0.14 -0.20 -0.30 -0.33 -0.16 0.211 
-3.02 -3.67 -1.60 -0.95 -2.66 -0.69 0.015 -0.02 0.197 0.258 0.538 0.496 0.314 0.300 0.297 0.338 0.696 0.668 0.678 0.667 
-2.62 -1.05 0.954 0.640 1.300 1.002 1.351 1.248 0.136 0.124 0.115 0.439 0.051 -0.36 -0.33 0.036 0.257 -0.09 -0.07 -0.81 
-1.10 -2.02 -0.53 -0.33 0.638 0.277 -1.04 -0.94 -0.78 -0.62 -0.61 -0.76 -0.69 -0.66 -0.63 -0.95 -0.51 -0.45 -0.39 -0.38 
-10.1 -6.28 -4.35 -2.89 -0.83 -0.97 -0.61 -0.56 -1.06 -1.85 -1.06 -2.20 -1.95 -1.77 -2.13 -1.82 -1.20 -1.14 -1.26 -0.90 
3.575 1.508 1.391 1.294 1.316 1.014 0.773 0.050 0.054 -0.29 -0.39 -0.73 -0.69 -0.35 -0.64 -0.44 -0.47 -0.44 -0.48 -0.38 
-1.18 -0.57 -1.58 -0.51 1.047 0.207 0.131 0.195 0.338 0.339 0.294 -0.02 0.240 0.389 0.368 0.220 -0.20 -0.17 -0.18 -0.38 
4.866 1.922 1.494 1.628 1.255 1.152 0.460 0.401 0.195 0.442 0.233 0.028 -0.06 -0.12 -0.18 -0.17 -0.15 -0.24 0.053 -0.02 
-0.02 5.460 3.805 2.850 2.560 1.850 1.535 1.337 1.386 1.285 1.185 1.318 1.683 1.481 1.468 1.082 1.434 1.334 1.293 1.139 
5.728 1.941 2.164 -2.42 -1.69 -1.47 -1.17 -1.10 -1.59 -1.46 -1.28 -1.06 -0.69 -0.63 -0.24 -0.25 -0.15 0.095 0.090 0.214 
-0.20 0.914 0.782 0.016 -0.46 0.100 0.825 0.888 0.739 1.067 1.130 0.939 0.322 0.189 0.190 0.277 0.247 0.250 0.216 0.152 
-0.97 -0.43 -0.10 -1.26 -0.80 -1.85 -1.76 -1.69 -1.07 -0.94 -0.83 -0.58 -0.62 -0.84 -0.80 -0.65 -0.57 -0.40 -0.38 -0.36 
1.112 -1.96 -1.50 -1.04 -0.80 -0.59 -0.28 -0.51 0.293 0.650 0.489 0.072 -0.09 -0.17 -0.02 -0.16 -0.15 -0.10 -0.04 -0.03 
-0.18 -3.44 -2.37 -1.77 -1.35 -0.90 -0.87 -0.61 -0.84 -0.57 -1.17 -0.94 -0.94 -0.82 -0.86 -0.90 -0.84 -0.76 -0.44 -0.31 
2.349 1.174 -0.26 0.597 0.518 0.338 0.087 0.111 0.358 -0.14 0.067 0.262 -0.05 -0.05 0.160 0.336 0.024 0.071 0.066 0.141 
-2.29 -4.25 -2.83 -1.97 -1.25 -0.95 -0.53 -0.42 -0.39 -0.31 -0.61 -0.57 -0.49 -0.55 -0.78 -0.92 -1.07 -1.02 -0.98 -0.96 
-0.35 -0.91 -0.00 2.055 1.491 1.055 0.653 0.570 0.702 0.736 0.512 0.183 -0.29 -0.43 -0.31 -0.32 -0.27 -0.36 -0.97 -0.80 
-1.21 2.044 -1.28 -5.38 -4.42 -3.66 -2.45 -2.40 -0.23 -0.07 -0.00 -0.41 -0.42 0.180 0.856 0.786 1.023 0.827 0.615 0.433 
0.210 -0.14 -0.14 -0.10 0.737 -0.75 1.245 1.060 0.869 0.963 1.511 1.428 1.253 1.227 1.166 1.568 1.624 1.591 1.560 1.717 
4.058 4.456 3.080 2.194 1.506 0.749 0.680 -0.15 0.971 0.904 0.852 0.914 0.675 0.547 0.484 0.379 0.052 0.081 0.096 0.082 
-0.00 -0.08 0.069 2.818 2.159 1.800 1.750 1.351 0.461 0.315 1.170 1.772 1.759 1.803 1.780 2.285 1.862 1.765 1.156 1.511 
3.338 5.999 3.720 2.884 2.159 1.772 2.045 1.878 1.769 1.598 1.360 1.275 1.242 1.119 1.026 0.602 0.566 0.580 0.571 0.392 
-1.83 -0.85 -0.41 -0.21 -0.05 0.105 -0.11 -0.13 0.237 0.215 0.196 0.068 0.088 -0.35 -0.41 -0.37 0.019 -0.04 -0.02 -0.37 
-7.48 -3.45 -2.39 -1.63 -0.86 -0.72 0.391 0.178 -0.34 -1.43 -1.24 -0.90 -0.88 -0.68 -0.52 -0.57 -0.42 -0.40 -0.50 -0.78 
2.430 0.976 1.787 0.591 0.717 0.126 -0.00 -0.14 -0.17 -0.37 -0.51 0.039 -0.06 0.015 0.002 -0.44 -0.43 -0.42 -0.22 -0.23 
8.676 4.568 3.535 3.413 4.120 2.794 2.588 2.244 2.422 2.197 2.025 1.936 1.628 2.023 1.926 1.244 0.973 0.830 0.667 0.580 
-0.19 -1.17 0.691 -0.41 -0.50 -0.47 -0.43 -0.82 -0.88 -0.89 -0.94 -1.20 -0.38 -0.99 -0.92 -0.72 -0.63 -0.69 -0.51 -0.52 
-6.81 -4.17 -2.77 -2.02 -1.80 -1.59 -1.09 -0.80 -0.63 -0.57 -0.29 -0.37 -0.43 -0.51 -0.62 -0.48 -0.48 -0.31 -0.29 -0.10 
-5.34 -3.64 -2.86 -2.05 -1.23 -1.02 0.006 0.099 0.056 0.336 0.277 0.246 0.188 0.541 0.448 0.388 0.291 0.237 -0.58 -0.46 
1.512 4.382 1.654 -0.12 -0.07 0.131 -0.03 0.126 0.131 -0.63 -0.70 -0.66 -0.42 -0.40 -0.38 -0.30 -0.18 -0.18 -0.16 -0.14 
-0.31 -0.31 -0.19 -1.33 -0.78 -0.55 0.033 -0.15 -0.25 -0.33 -0.66 -0.65 -0.51 -0.47 -0.47 -0.25 -0.24 -0.18 -0.12 -0.07 
-4.31 -2.42 -3.19 -0.12 -0.10 -1.31 -1.16 -1.18 -0.75 -1.00 -1.00 -0.75 -0.60 -0.53 -0.48 -0.44 -0.41 -0.38 -0.44 -0.43 
-0.42 0.815 0.799 0.833 0.729 0.928 1.234 0.992 0.941 0.846 1.312 1.084 0.910 0.834 0.617 0.434 0.340 0.336 0.319 0.332 
-2.41 -8.02 -4.87 -3.43 -2.74 -2.25 -1.75 -1.54 -1.40 -1.31 -1.08 -1.14 -1.47 -1.50 -1.13 -1.14 -1.09 -1.17 -1.34 -1.24 
0.291 -1.69 -1.43 -0.46 -0.57 -0.56 -0.23 0.475 0.501 0.469 0.453 0.201 0.142 0.326 0.240 0.135 0.256 0.017 0.855 1.195 
2.690 1.364 0.379 -2.08 -1.68 -0.84 -0.73 -0.18 -0.02 -0.05 -0.18 -0.26 -0.61 -0.53 -0.42 -0.47 -0.74 -0.41 -0.38 0.480 
-7.93 -3.99 -3.05 -2.29 -1.92 -2.27 -1.49 -1.66 -1.37 -1.09 -0.96 -0.70 -0.81 -0.75 -0.90 -0.88 -0.75 -1.16 -1.08 -1.00 
1.508 0.754 0.741 0.475 0.408 0.441 0.303 -0.13 0.353 0.294 0.292 0.220 0.252 0.480 0.456 0.171 0.264 0.254 0.264 0.241 
17.12 8.052 5.005 3.891 2.817 2.536 2.136 1.558 1.358 1.197 1.075 0.548 0.833 0.770 1.297 1.106 1.125 1.098 1.178 1.057 
1.074 2.123 1.042 2.925 1.768 1.910 1.313 0.978 0.854 0.688 0.382 0.378 0.252 0.449 0.134 -0.00 0.138 0.122 0.221 0.221 
4.415 4.075 3.634 2.473 1.582 1.230 1.307 0.997 1.024 0.899 0.911 0.810 1.216 0.977 0.872 0.909 0.903 0.904 1.054 0.961 
-0.46 -1.68 -1.08 -0.69 -0.71 -0.67 -0.18 -0.06 -0.02 -0.07 0.111 0.115 0.027 -0.00 0.221 0.255 0.561 0.397 0.502 0.040 
5.591 2.465 1.699 1.329 1.021 0.904 0.874 0.604 0.150 -0.17 -0.31 -0.17 -0.29 -0.27 -0.29 -0.26 -0.02 -0.02 -0.04 0.064 
2.755 6.084 4.236 3.011 2.043 -0.53 -0.62 -0.89 -0.89 -0.71 -0.66 -0.48 -0.65 -0.75 -1.05 -1.35 -1.16 -0.94 -0.71 -0.62 
0.531 2.733 1.944 1.470 0.536 1.039 1.284 0.075 -0.08 -0.03 0.008 0.092 0.078 -0.06 0.048 0.064 0.190 0.064 -0.07 -0.07 
-0.15 0.017 1.405 1.431 1.443 0.863 0.627 1.832 1.654 1.490 1.120 0.991 0.500 0.257 0.145 0.010 0.010 0.244 0.292 0.285 
0.278 3.525 1.970 1.210 1.587 1.251 1.296 1.754 1.618 1.722 1.011 1.281 1.094 0.765 2.170 2.856 2.715 2.493 2.353 2.162 
-5.64 -2.95 -1.96 -2.73 -1.84 -1.51 -0.87 -0.76 -0.51 -1.11 -1.24 -1.33 -0.87 -0.90 -0.61 -0.37 -0.65 -0.65 -0.67 -0.21 
7.851 4.483 2.359 1.132 0.676 0.582 0.763 0.724 0.543 0.637 0.473 0.269 0.439 0.498 0.535 0.850 0.864 0.781 0.957 0.859 
-1.08 -0.59 -2.09 -1.47 -1.17 -0.73 -0.74 -1.07 -1.22 -0.90 -0.12 -0.11 -0.11 -0.12 -1.24 -1.14 -1.13 -0.78 -0.76 -0.72 
0.644 -1.33 -1.61 -0.04 -0.05 0.161 0.185 0.229 0.074 0.381 0.345 0.269 0.259 0.240 0.085 0.009 -0.01 -0.05 -0.04 0.057 
0.361 2.298 2.373 1.825 1.639 1.546 1.244 0.810 0.782 0.676 0.266 0.078 0.073 0.083 0.364 0.378 0.287 0.303 0.381 0.407 
-0.51 -0.90 -1.29 -0.94 -3.37 -2.76 -2.66 -2.38 -2.35 -1.98 -1.47 -1.32 -0.97 -0.65 -0.62 -0.41 -0.65 -1.09 -0.91 -0.81 
2.213 0.761 0.632 1.712 1.377 1.279 1.041 0.918 0.490 0.500 0.957 1.052 0.369 0.152 -0.03 -0.04 0.321 0.500 0.458 0.409 
0.708 0.472 -0.27 -0.17 -0.14 -0.23 -0.09 -0.29 -0.64 -0.16 -0.09 0.160 0.345 0.301 0.444 0.184 0.217 0.238 0.245 0.280 
2.497 2.274 1.693 1.287 0.964 0.994 0.582 0.362 0.631 0.830 0.739 0.631 0.534 0.485 0.667 0.667 0.631 0.852 0.787 0.691 
-1.32 -0.27 0.267 3.409 2.816 2.354 -2.45 -2.11 -1.91 -2.12 -1.95 -1.59 -1.63 -1.45 -1.51 -1.16 -1.15 -1.07 -1.10 -1.06 
-0.07 0.146 0.301 -0.07 0.034 -1.57 -0.31 -0.23 -0.82 -0.95 -0.84 -0.79 -1.17 -0.79 -0.59 -0.46 -0.44 -0.51 -0.37 -0.47 
2.814 1.649 0.903 0.121 0.528 0.160 0.119 0.341 -0.05 -0.04 0.007 0.037 0.525 0.134 0.108 -0.15 0.044 -0.41 -0.41 -0.37 
2.890 1.790 1.174 -0.42 -0.78 -0.64 -0.45 -0.65 -0.57 -0.56 -0.57 -0.25 -0.00 -0.22 -0.11 -0.02 -0.13 -0.19 0.415 0.020 
-0.49 -0.17 -0.06 0.025 -1.23 -1.15 -0.94 -0.42 -0.91 -0.01 -0.42 -0.40 -0.43 -0.39 -0.41 -0.14 -0.65 -1.00 -0.78 -0.70 
0.785 1.227 0.536 0.663 0.474 0.376 0.377 0.237 -1.49 -1.40 -1.41 -1.30 0.132 0.547 0.385 -0.48 -0.46 -0.27 -0.20 -0.18 
2.592 1.571 1.649 0.587 0.846 0.554 0.687 0.041 -0.01 -0.11 -0.06 -0.59 -0.75 -0.93 -0.93 -0.83 -1.14 -1.02 -0.84 -0.65 
4.225 3.006 1.744 1.107 0.887 1.051 0.304 1.439 1.047 0.912 0.847 0.989 0.890 1.254 1.161 1.518 1.518 1.432 1.522 1.415 
-2.78 -0.20 1.320 1.003 0.333 0.927 2.645 2.250 1.839 1.628 1.447 1.855 1.471 1.367 1.275 1.222 1.011 0.709 0.827 0.704 
4.704 2.171 1.388 1.431 1.696 1.163 0.983 1.185 1.354 1.625 1.499 1.065 1.454 1.391 1.204 0.937 0.843 0.847 0.630 0.698 
0.486 -0.80 -0.53 -0.35 -0.19 -0.10 -0.22 -0.32 -0.28 -0.26 -0.37 -0.54 -0.37 -0.11 -0.10 -0.09 -0.00 0.006 -0.04 -0.17 
-0.08 -0.58 -0.78 -0.49 -0.02 -0.07 -0.06 0.434 0.868 0.797 0.649 0.745 0.719 1.048 1.016 0.604 0.638 0.707 0.646 0.687 
0.738 -1.49 -0.13 -0.10 -0.37 -0.25 0.098 1.021 0.488 0.775 0.767 0.611 0.709 0.659 0.733 0.759 0.713 0.680 0.570 0.537 
-1.39 -1.16 2.439 3.036 3.107 2.629 2.226 1.749 1.385 0.991 0.953 0.945 1.164 1.072 1.000 1.008 1.121 1.127 0.945 1.010 
0.578 0.285 -0.48 -0.09 -0.31 -0.47 -0.02 0.159 0.191 -0.18 -0.08 0.087 0.118 0.107 0.186 0.094 0.083 -0.12 -0.17 -0.20 
-0.31 -0.07 1.090 1.166 0.674 0.116 -0.22 -0.10 0.046 0.184 -0.04 0.351 0.527 0.527 0.501 0.452 0.125 0.137 0.161 0.161 
-0.63 1.858 -0.70 -0.24 -2.04 -1.74 -1.66 -1.29 -1.30 -1.93 -1.83 -1.51 -2.00 -1.23 -1.11 -1.17 -1.09 -1.08 -1.00 -0.96 
1.329 -0.05 0.135 0.046 1.471 0.022 0.026 0.411 0.238 0.492 0.461 0.730 0.675 0.665 0.620 1.266 1.269 1.227 1.020 1.046 
0.117 -0.84 -0.63 -0.05 -0.59 0.034 0.352 0.365 0.318 0.201 0.829 0.810 0.778 0.876 1.030 0.847 0.732 0.677 0.641 0.457 
-0.37 -0.25 0.840 1.624 1.212 1.076 0.868 0.740 0.574 0.468 0.186 0.161 0.179 0.148 -0.01 0.112 0.148 0.183 0.240 0.226 
0.266 0.169 -1.74 -0.77 -0.74 -0.63 -0.72 0.004 -0.07 -0.05 -0.04 -0.33 -0.43 -0.54 -0.53 -0.36 -0.33 -0.28 -0.24 0.067 
-0.36 -3.39 -3.88 -2.78 -1.98 -1.74 -1.52 -1.07 -0.16 -0.18 -0.14 0.526 0.456 0.547 0.633 0.669 0.657 0.385 0.310 0.086 
0.106 -2.55 -1.79 -1.35 -1.01 -2.23 -1.95 -1.65 -1.60 -1.43 -1.09 -0.87 -0.86 -0.76 -0.74 -0.67 -0.68 -0.55 -0.52 -0.46 
-0.03 -0.03 -0.07 0.563 2.022 1.674 1.270 1.105 0.924 0.716 0.678 0.637 0.672 0.668 0.398 0.338 0.319 0.135 0.092 -0.30 
-0.32 0.549 0.817 0.889 0.666 0.237 -0.04 0.432 0.349 0.287 0.174 0.275 0.092 0.052 0.083 0.074 -0.07 0.151 0.129 0.283 
0.151 0.491 1.358 2.122 1.952 0.798 0.826 0.729 0.574 0.633 0.774 1.116 1.268 1.181 1.067 1.058 0.942 0.925 0.782 0.691 
0.136 -0.04 -1.89 -1.26 -0.67 -0.47 -0.25 0.272 0.255 0.483 0.533 0.890 0.798 0.707 0.678 0.731 0.778 0.708 0.794 0.747 
1.649 0.862 0.526 0.423 1.465 1.169 0.979 0.844 0.794 1.119 0.967 0.873 0.496 0.485 0.380 0.356 0.285 0.191 0.249 0.270 
-1.86 -1.81 -1.70 -1.59 -1.16 -0.97 -0.94 -0.97 -0.88 -0.72 -0.81 -0.83 -0.74 -0.66 -0.40 -0.32 -0.34 -0.23 -0.24 -0.23 
-0.47 0.120 1.117 0.712 0.919 0.472 0.278 0.474 0.055 0.190 0.190 0.244 0.140 0.309 0.349 0.331 0.195 0.176 0.060 -0.47 
-1.80 -2.89 -1.78 -1.23 -1.21 0.193 -0.77 -0.54 -0.39 -0.32 -0.39 -0.26 -0.26 -0.27 -0.14 -0.08 0.062 0.169 -0.04 0.147 
-8.01 -5.82 -4.35 -3.59 -3.49 -2.45 -2.47 -2.18 -1.86 -2.01 -1.82 -1.52 -1.25 -1.35 -1.19 -1.38 -1.39 -1.36 -1.30 -1.61 
4.134 2.903 1.156 -0.12 -0.42 -0.10 -0.71 -1.18 -1.16 -1.05 -1.22 0.247 0.134 0.070 0.037 -0.02 -0.08 0.263 0.275 0.196 
2.270 -0.98 -0.63 -0.72 -0.47 0.890 0.820 0.688 0.509 0.263 0.113 -0.18 -0.15 -0.15 -0.09 -0.11 -0.10 -0.13 -0.15 -0.08 
0.175 0.298 0.731 1.019 0.803 -0.21 -0.19 -0.15 -0.52 -0.37 -0.41 -0.26 -0.43 -0.86 -0.71 -0.66 -0.64 -0.68 -0.61 -0.58 
0.597 0.292 0.140 -0.11 -0.12 -0.15 -0.11 -0.04 -0.79 -0.70 -0.68 -1.23 -1.18 -1.31 -1.23 -1.17 -1.09 -1.01 -0.46 -0.48 
-1.31 1.316 1.237 1.113 0.610 0.708 1.213 1.055 0.904 0.787 0.969 0.983 0.943 0.885 0.635 0.556 0.439 0.459 0.602 0.847 
1.433 0.176 -0.09 -0.00 0.213 0.811 0.700 0.567 0.554 0.398 0.367 0.285 0.319 0.166 -0.22 -0.20 -0.15 -0.18 -0.16 -0.08 
-1.86 1.817 1.229 0.981 0.697 0.603 0.483 0.418 -0.13 -0.20 -0.13 -0.07 -0.08 -0.09 -0.03 -0.02 -0.16 -0.15 -0.16 -0.23 
0.549 0.050 -3.83 -3.77 -3.18 -2.69 -3.41 -3.01 -2.70 -2.72 -2.42 -2.24 -2.20 -2.22 -2.06 -1.87 -1.99 -1.89 -1.71 -1.64 
3.817 2.730 2.187 1.512 1.122 0.936 0.842 0.719 0.719 0.706 0.689 0.508 -0.00 0.225 0.192 0.178 0.167 0.188 0.290 0.158 
1.026 0.321 -0.74 -0.33 -0.32 -0.28 -0.10 0.467 0.303 -0.30 0.042 0.199 0.059 0.820 0.722 0.767 0.370 0.411 0.415 0.402 
-2.07 -1.06 -0.47 -1.23 -1.21 -0.90 -0.96 -0.95 -0.74 -0.80 -1.10 -0.91 -0.96 -0.78 -0.71 -0.10 0.020 0.142 0.167 0.188 
-0.33 -0.20 -0.15 0.464 0.009 -0.19 -0.38 -0.08 -0.50 -0.45 -0.42 -0.53 -0.48 -0.54 -0.50 -0.56 -0.50 -0.49 -0.36 -0.37 
3.675 2.034 1.639 1.253 1.334 0.644 0.499 -0.80 -0.77 -0.77 -0.38 -0.28 -0.13 -0.13 -0.03 0.243 0.211 0.197 0.202 -0.02 
0.031 -0.67 -0.48 -1.35 -0.65 -1.24 -1.11 -0.71 -0.59 -0.48 -0.48 -0.52 -0.19 -0.74 -0.69 -0.62 -0.58 -0.21 -0.20 -0.20 
0.767 -0.46 -0.76 -0.77 -0.52 -0.49 -0.69 -0.58 -0.48 -0.25 -0.28 -0.30 0.020 -0.04 0.142 0.142 0.141 0.149 0.046 0.211 
-0.85 -1.30 -0.85 -0.77 -0.15 -1.26 -1.14 -1.01 -0.84 -0.81 -0.79 -0.76 -1.01 -0.85 -0.77 -0.99 -0.92 -0.87 -0.55 -0.62 
0.362 1.833 1.169 0.982 0.773 0.678 0.794 1.288 0.665 0.652 0.581 0.546 0.490 0.457 0.371 0.381 0.250 0.638 0.707 0.719 
-0.41 -0.16 -0.12 1.032 0.755 0.755 0.763 1.573 1.511 1.526 1.405 1.282 1.093 1.117 1.057 1.034 0.979 0.938 0.858 0.684 
9.511 3.874 2.717 1.090 0.863 0.876 0.820 1.100 0.762 0.963 0.915 1.101 1.151 1.205 1.236 1.285 1.227 1.254 1.238 1.240 
-0.02 0.066 -1.98 -1.50 -1.31 -1.03 -0.67 -0.46 -0.28 -0.28 -0.66 -0.59 -0.26 -0.34 -0.10 -0.08 -0.12 -0.12 -0.11 -0.03 
-0.90 0.442 0.423 0.111 0.102 -0.17 -0.14 -1.01 -0.93 -0.79 -0.73 -0.92 -0.84 -0.80 -0.71 -0.63 -0.47 -0.39 -0.29 -0.27 
3.231 1.413 0.900 0.534 1.063 0.981 1.683 1.902 1.678 1.507 1.590 1.402 1.295 1.330 1.254 1.223 1.217 1.148 1.065 1.044 
0.826 0.315 2.180 1.571 0.689 -0.31 -0.15 -0.23 -0.14 -0.10 -0.09 0.141 -0.03 -0.04 -0.14 -0.23 -0.18 -0.20 -0.22 -0.27 
0.001 0.226 0.084 0.294 1.285 1.059 0.929 0.688 -0.36 -0.02 -0.10 -0.27 -0.28 -0.25 -0.19 -0.19 -0.21 -0.30 -0.20 -0.17 
-0.42 -0.19 -0.04 -1.27 -1.06 -0.95 -1.04 -0.85 -0.93 -0.71 -0.76 -0.79 -0.73 -0.69 -0.67 -0.66 -0.66 -0.46 -0.50 -0.39 
-0.03 0.708 0.052 0.506 0.538 0.500 0.451 0.548 0.533 0.455 0.351 0.346 0.306 0.387 0.367 0.374 0.394 0.413 0.235 0.138 
-1.71 -1.11 -2.32 -1.80 -1.40 -1.30 -0.30 -0.25 -0.62 -0.37 -0.37 0.069 -0.14 -0.14 -0.13 0.010 0.083 -0.00 -0.22 -0.19 
-0.04 -0.89 -0.55 1.118 0.485 0.298 0.500 0.513 0.388 0.364 0.200 0.180 0.355 0.879 1.259 1.804 1.774 1.596 1.438 1.301 
0.020 -0.82 -0.35 -0.01 -0.33 -0.34 -0.27 0.033 0.087 0.362 -0.32 -0.30 -0.28 -0.40 -0.97 -0.78 -1.27 -1.33 -1.43 -1.50 
-3.15 -1.08 -2.65 -1.88 -4.83 -4.08 -3.53 -3.61 -3.22 -2.94 -2.61 -2.30 -2.03 -2.00 -1.94 -1.82 -1.42 -1.31 -1.28 -1.18 
2.328 0.961 0.325 0.252 1.147 0.967 0.656 0.483 0.538 0.495 0.418 0.611 0.521 0.655 0.645 0.445 0.376 0.374 0.259 0.242 
0.332 -0.59 0.305 0.133 -0.39 -0.54 -0.42 -0.66 -0.59 -0.55 -0.49 -0.25 -0.19 -0.18 -0.17 -0.16 -0.16 -0.17 -0.23 -0.22 
-0.41 -1.43 -3.94 -2.50 -2.18 -2.46 -1.71 -1.51 -1.57 -1.60 -1.48 -1.86 -1.82 -1.69 -1.45 -1.38 -1.31 -1.24 -1.08 -1.18 
4.509 1.959 1.676 1.124 1.985 1.284 1.206 1.093 1.138 1.078 0.599 0.605 0.789 0.751 0.909 1.038 0.871 0.853 0.788 0.843 
-0.08 -0.01 0.110 -1.08 -0.85 -1.05 -0.88 -0.65 0.243 -0.46 -0.47 -0.65 -0.55 -0.38 -0.51 -0.39 -0.49 -0.38 -0.35 -0.38 
0.681 1.328 0.828 0.620 0.518 2.166 1.694 1.449 1.323 1.399 0.862 0.712 0.800 0.692 0.621 0.605 0.497 0.469 0.277 0.247 
-0.84 1.705 1.174 1.142 0.912 1.697 1.044 0.564 0.574 0.202 0.265 0.070 0.159 0.279 0.184 0.226 0.572 0.515 0.489 0.823 
0.243 -2.86 -0.83 0.351 0.335 -0.64 -0.19 -0.39 -0.03 -0.05 0.014 0.051 -0.28 -0.35 -0.28 -0.27 -0.31 -0.09 -0.02 -0.42 
1.069 0.295 0.934 1.239 0.723 1.060 0.932 1.403 1.209 1.093 0.860 0.830 0.679 0.591 0.485 0.450 0.422 0.442 0.427 -0.05 
1.282 0.163 0.749 1.670 3.033 2.059 1.892 1.505 2.061 1.703 1.598 0.898 1.090 0.970 0.760 0.914 0.812 0.661 0.643 0.560 
1.854 1.393 0.746 0.804 0.959 0.796 0.682 0.439 -0.58 -0.49 -0.55 -0.51 -0.41 -0.14 -0.09 0.068 -0.03 -0.03 -0.02 -0.04 
-0.32 -0.22 -0.81 -1.29 -1.64 -0.89 -0.80 -0.96 -0.85 -0.75 -0.69 -0.55 -0.50 -0.40 -0.44 -0.34 -0.34 -0.50 -0.51 -0.50 
0.140 -1.03 -0.75 -1.10 -1.14 -0.88 -0.89 -0.77 -0.63 -0.65 -0.33 -0.26 -0.28 -0.27 -0.20 -0.20 -0.06 0.032 0.112 -0.06 
-0.74 -1.41 -0.94 -0.81 -0.30 -0.02 0.120 0.265 0.160 0.472 0.509 0.474 0.527 0.470 0.438 0.409 0.483 0.315 0.265 0.260 
-0.65 0.485 0.052 -0.26 0.227 -0.62 -1.02 -0.91 -0.79 -0.63 -0.53 -0.15 -0.42 -0.45 -0.93 -0.86 -0.85 -0.81 -0.75 -0.63 
-2.95 -2.08 -1.98 -1.53 -1.89 -1.66 -1.44 -1.37 -1.21 -1.14 -1.40 -1.28 -1.20 -1.13 -1.06 -0.98 -0.88 -0.53 -0.47 -0.46 
-1.32 -2.01 -1.43 -0.53 -0.65 -0.54 -0.29 -0.26 -0.16 -0.35 0.337 0.642 0.611 0.523 0.389 0.255 0.330 1.096 1.204 1.293 
0.014 -1.03 -2.38 -1.64 -1.22 -1.07 -0.83 -0.86 -0.93 -0.65 -0.76 -0.65 -0.54 -0.52 -0.53 -0.49 -0.54 -0.56 -0.64 -0.55 
-0.37 0.862 0.105 -1.02 -0.44 -0.44 -0.38 -0.15 -0.06 -0.14 0.529 0.380 -0.07 -0.22 -1.18 -1.10 -1.27 -1.20 -1.26 -1.25 
0.555 2.845 2.001 0.783 0.660 0.280 -0.26 0.026 -0.50 0.181 0.131 0.158 0.135 0.193 0.178 -0.15 -0.40 -0.64 -0.92 -0.86 
-0.45 -0.61 -0.37 -0.55 -0.08 -0.13 -0.09 0.198 0.467 -0.13 -0.09 -0.13 -0.13 -0.27 -0.28 0.360 0.261 0.240 0.211 -0.04 
-1.13 -0.60 -0.45 -0.33 -0.45 -0.38 -0.52 -0.49 0.017 0.039 0.034 -0.12 0.003 0.218 0.165 -0.07 -0.36 -0.34 -0.30 -0.13 
-2.82 0.336 -0.30 -0.04 -0.07 0.246 0.245 0.164 0.338 0.249 0.271 0.224 0.193 0.073 0.046 0.043 -0.10 -0.11 -0.11 -0.21 
0.850 -0.18 0.365 0.252 0.175 -0.27 0.220 0.379 0.346 0.142 0.297 0.260 0.325 0.479 0.444 0.556 0.474 0.527 0.523 0.470 
-3.31 -2.15 -1.14 -0.85 -0.62 -0.64 0.083 0.012 0.060 -0.08 0.085 0.274 0.258 0.267 0.233 0.144 -0.06 0.003 0.022 -0.01 
1.720 -0.40 2.639 1.891 1.389 1.163 0.673 1.122 1.007 0.700 0.593 0.183 0.170 0.008 -0.33 -0.27 -0.45 -0.44 -0.41 -0.30 
0.731 4.408 3.788 3.242 2.595 2.270 2.243 2.217 1.855 1.717 1.612 1.570 1.385 1.294 1.591 1.228 1.157 1.094 0.810 0.324 
0.431 -0.20 -0.07 0.390 0.205 -0.07 0.070 -0.00 -0.03 -0.03 -0.25 -0.11 -0.20 0.026 -0.01 0.123 0.114 0.031 0.034 -0.05 
0.394 -0.09 0.453 0.502 0.626 0.116 -0.49 -0.44 -0.24 -0.29 -0.42 -0.30 -0.04 -0.03 -0.11 -0.24 -0.20 -0.32 -0.39 -0.43 
1.097 -0.61 0.036 -1.11 -1.01 -0.91 -0.77 -0.69 -0.58 -0.49 -0.42 -0.38 -0.42 -0.33 -0.29 -0.33 -0.23 -0.24 -0.12 0.155 
-0.37 0.243 0.165 0.617 0.652 0.792 0.519 0.537 0.471 0.439 0.392 0.354 0.357 0.321 0.239 0.221 0.206 0.172 0.169 0.254 
-2.43 -3.75 -1.98 -1.53 -1.78 -1.45 -1.44 -1.22 -1.10 -1.19 -1.17 -1.25 -1.05 -1.23 -1.01 -0.99 -0.70 -0.61 -0.56 -0.56 
2.570 1.131 0.512 0.492 0.407 0.430 0.220 0.204 0.134 0.589 0.567 0.490 0.457 0.472 0.323 0.258 0.243 -0.07 -0.14 -0.16 
-0.47 -0.20 -0.87 0.315 -0.02 -0.02 -0.07 -0.26 -0.00 0.225 0.241 0.140 0.126 0.280 0.270 0.242 0.157 0.494 0.457 0.499 
0.755 1.508 -1.20 -0.90 0.896 0.621 0.632 0.413 0.522 0.384 0.356 0.253 0.153 0.157 0.068 0.086 0.081 0.019 0.055 0.038 
0.068 0.363 0.153 -0.06 -0.04 -0.13 0.174 -0.10 0.039 0.059 0.205 0.178 0.173 0.140 0.008 0.010 0.170 0.136 0.120 0.111 
0.567 0.516 0.338 0.134 -0.27 -0.82 -0.57 -0.56 -0.75 -0.17 -0.30 -0.43 -0.15 0.251 -0.15 -0.14 -0.18 -0.19 0.143 -0.03 
-2.81 -1.21 -0.57 -0.77 -0.62 -0.82 -0.61 -0.53 0.072 0.310 0.277 0.290 0.142 0.122 0.138 0.064 -0.01 -0.01 -0.08 -0.07 
-0.14 0.812 2.224 1.709 1.564 1.357 0.880 0.683 0.506 0.591 0.797 0.602 0.504 0.381 0.312 0.293 0.374 0.308 0.531 0.520 
1.547 0.675 0.609 -0.05 0.049 0.520 0.093 0.089 0.169 -0.08 -0.06 -0.04 -0.01 -0.06 -0.18 -0.21 -0.33 -0.28 -0.18 -0.09 
-1.72 -2.22 -1.50 -1.27 -0.83 -0.33 -0.36 -0.48 -0.47 -0.41 -0.38 -0.26 -0.24 -0.51 -0.44 -0.40 -0.37 -0.26 -0.21 -0.19 
3.524 2.550 2.041 1.955 1.726 1.241 1.039 1.018 0.909 0.739 0.753 0.591 0.866 0.770 0.929 0.897 0.824 0.786 0.740 0.648 
-2.83 -0.81 -1.51 -1.48 -1.20 -0.85 -0.83 -0.74 -0.67 -0.61 -0.43 -0.47 -0.42 -0.32 -0.36 -0.04 0.009 -0.27 -0.25 -0.01 
0.136 -0.16 -0.11 0.215 0.768 0.194 0.181 0.126 0.141 0.092 0.109 -0.12 0.216 0.202 0.284 0.183 0.070 0.038 0.100 0.049 
0.662 0.340 0.193 0.222 0.243 0.033 -0.15 -0.11 -0.34 -0.31 -0.21 -0.06 -0.03 0.103 -0.15 -0.18 -0.14 -0.09 -0.22 -0.07 
1.069 0.808 0.820 -0.27 -0.23 -0.28 -0.23 -0.08 -0.06 -0.00 -0.72 -1.00 -0.99 -0.90 -0.87 -0.82 -0.23 -0.21 -0.16 -0.13 
1.641 0.051 0.282 0.007 -0.66 -0.60 -0.21 -0.37 0.004 0.009 0.056 0.312 0.389 0.350 0.330 0.203 0.243 0.219 0.017 -0.01 
2.497 1.128 2.405 1.741 1.430 1.858 2.019 1.869 1.523 1.374 1.817 1.706 1.655 1.831 2.032 1.836 1.778 1.672 1.590 2.036 
-0.18 -0.70 -0.50 -0.33 -0.28 0.325 0.246 0.221 0.720 0.704 0.403 0.377 0.528 0.483 0.071 0.067 -0.06 -0.02 0.014 0.018 
4.852 2.600 1.867 1.373 1.002 1.609 1.862 1.228 0.920 0.974 1.117 1.008 0.928 1.015 1.015 0.941 1.143 1.092 1.000 1.066 
-0.93 0.537 -1.12 -1.36 -0.92 -0.72 -0.17 0.028 -0.09 -0.13 -0.13 -0.52 -0.47 -0.25 -0.21 -0.14 -0.32 -0.34 -0.51 -0.58 
-0.55 -0.85 -0.62 0.206 -0.33 -0.24 -0.09 -0.08 -0.03 -0.03 -0.14 -0.19 -0.18 0.163 0.236 0.063 0.011 -0.01 0.041 0.046 
-0.20 0.040 -0.58 -0.29 -0.24 -0.22 -0.15 0.151 0.149 0.412 0.521 0.478 0.259 0.294 0.321 0.278 0.396 0.436 0.515 0.477 
-1.40 -0.70 -3.06 -2.18 -1.93 -1.53 -1.68 -1.24 -1.16 -1.04 -0.98 -0.83 -0.77 -0.65 -0.49 -0.38 -0.29 -0.29 -0.17 -0.22 
1.571 0.836 0.911 0.581 0.537 0.366 0.239 -0.12 -0.47 -0.41 -0.36 -0.35 -0.27 -0.39 -0.32 -0.33 -0.39 -0.31 -0.51 -0.61 
-0.12 -0.15 -0.09 -0.08 -0.04 -0.05 0.260 0.306 0.242 0.187 0.408 0.200 0.187 0.343 0.319 0.421 0.392 0.343 0.340 0.313 
-0.85 0.039 0.005 0.175 0.017 -0.00 0.174 0.124 0.144 0.122 0.155 0.144 0.274 0.257 0.320 0.414 0.321 0.167 0.176 0.163 
0.381 0.216 0.128 1.057 0.802 0.727 0.616 0.554 0.394 0.661 0.625 0.556 0.306 0.693 0.517 0.530 0.505 0.475 0.518 0.495 
-0.01 -0.21 0.180 -0.24 -0.10 -0.12 -0.05 -0.10 -0.10 -0.24 -0.23 -0.20 -0.12 0.185 0.535 0.107 -0.01 0.024 0.118 0.196 
-1.30 -0.66 -0.45 -0.32 -0.14 -0.18 -0.67 -0.63 -0.45 -0.78 -0.60 -0.50 -0.55 -0.54 -0.54 -0.52 -0.41 -0.27 -0.21 -0.24 
-0.55 2.482 1.764 0.991 0.737 0.224 0.186 0.123 -0.12 -0.26 -0.39 -0.40 -0.45 -0.62 -0.59 -0.62 -0.60 -0.47 -0.58 -0.52 
0.393 1.518 1.067 0.757 0.540 0.482 1.540 1.107 1.105 1.014 0.923 0.727 0.629 0.509 0.171 0.102 0.090 0.059 0.063 0.103 
-3.29 -1.41 -0.75 -0.20 0.019 -0.49 -0.60 -0.06 -0.13 0.090 -0.00 0.104 0.278 0.374 0.381 0.376 0.332 0.316 0.229 0.212 
-0.05 0.008 -0.30 0.260 0.188 0.161 0.220 0.002 0.158 -0.27 -0.32 -0.43 -0.37 -0.45 -0.09 -0.08 -0.31 -0.28 -0.19 -0.23 
-0.07 -1.74 -1.23 -0.86 -0.28 0.017 0.343 0.299 0.176 0.232 0.204 0.038 -0.06 0.147 0.077 0.108 0.547 0.375 0.375 0.345 
0.119 0.151 -0.29 -0.26 -0.23 0.257 0.495 0.688 0.587 0.539 0.490 0.421 0.516 0.588 0.566 0.631 0.629 0.492 0.264 0.331 
-1.45 -0.46 -0.10 0.416 0.606 1.031 1.012 0.857 0.775 0.753 0.708 0.569 0.820 0.728 0.872 0.927 0.865 0.781 0.728 0.691 
0.198 1.570 1.736 1.037 1.253 1.637 1.262 1.006 0.672 0.521 0.395 0.413 1.093 0.843 0.784 0.663 0.821 0.780 0.871 0.834 
0.032 -0.42 -0.25 -0.24 -0.42 -0.47 -0.38 -0.48 -0.34 -0.34 -0.25 -0.28 -0.24 -0.28 -0.01 -0.11 0.096 0.033 0.112 -0.01 
0.989 0.189 -2.06 -1.76 -1.44 -1.16 -1.02 -1.27 -1.34 -1.06 -0.90 -1.29 -1.19 -1.21 -1.19 -1.18 -1.19 -1.06 -0.98 -0.99 
0.896 1.912 1.088 0.314 -0.25 0.270 0.273 0.361 0.328 1.123 0.747 0.829 0.498 0.406 0.565 0.681 0.659 0.304 0.322 0.300 
0.215 -0.70 -0.39 0.204 -0.16 -0.19 -0.62 -0.59 -0.82 -0.76 -0.75 -0.88 -0.72 -0.52 -0.71 -0.71 -0.66 -0.59 -0.65 -0.69 
0.021 -0.00 1.002 0.686 0.834 0.621 0.565 0.482 0.524 -0.15 -0.15 -0.05 -0.05 -0.00 -0.12 -0.02 -0.17 -0.15 0.121 -0.12 
0.058 -0.66 -0.78 -0.64 -0.00 0.092 0.116 0.199 0.184 -0.01 -0.01 0.222 0.134 0.120 0.192 0.433 0.535 0.490 0.425 0.433 
-0.85 -1.87 -1.57 -0.83 0.045 -0.11 0.247 0.345 0.023 -0.23 0.132 0.028 0.009 -0.09 -0.24 -0.20 -0.18 -0.10 -0.05 -0.10 
1.522 0.139 -0.00 -0.16 -0.81 -0.26 -0.42 -0.54 -0.55 -0.53 -0.21 -0.08 -0.09 -0.07 0.325 0.349 0.220 0.208 0.200 0.190 
0.050 -0.41 -0.32 -1.21 -1.05 -1.23 -1.15 -1.01 -0.91 -0.68 -0.57 -0.45 -0.41 -0.42 -0.65 -0.85 -0.90 -0.85 -0.71 -0.69 
-0.08 -0.41 -0.41 0.088 -0.00 0.182 0.090 0.087 0.582 0.545 0.325 0.249 0.201 0.192 0.263 0.228 0.162 0.149 0.193 0.163 
-0.64 -2.15 -2.25 0.002 0.310 0.128 0.088 -0.08 -0.21 -0.07 -0.31 -0.28 -0.30 -0.25 -0.31 -0.39 -0.38 -0.43 -0.44 -0.44 
-0.02 0.097 0.121 0.037 -0.06 -1.04 -0.77 -0.73 -0.82 -1.18 -1.07 -1.44 -1.37 -1.44 -1.09 -1.00 -0.94 -0.99 -1.15 -1.32 
-0.13 0.017 -0.23 -0.22 0.289 0.181 0.107 0.052 0.247 0.246 0.313 0.273 0.244 0.192 0.099 0.084 0.068 0.066 0.045 0.001 
