-534. -636. -421. -352. -234. -216. -221. -124. -240. -170. -179. -157. -151. -144. -200. -290. -209. -154. -88.7 -93.7 -90.2 -75.1 -77.0 -46.0 -74.6 -73.2 -38.3 -35.5 -27.9 -99.7 -91.6 -101. -31.1 -62.2 -78.9 -77.6 -85.0 -149. -145. -161. -154. -134. -131. -113. -115. -144. -148. -155. -153. -139. -94.1 -92.8 -85.1 -89.5 -78.5 -60.1 -64.0 -78.1 -62.6 -68.1 
-587. -654. -354. -367. -297. -216. -176. 44.55 114.4 88.27 105.2 155.9 64.29 47.08 -15.7 115.0 70.92 -10.7 -7.48 161.3 159.8 119.3 144.4 -2.93 27.86 145.5 136.5 166.9 128.2 131.5 109.3 99.18 93.81 67.37 59.31 60.52 4.994 -70.8 -60.5 -59.5 -147. -144. -185. -189. -184. -147. -79.9 -80.2 -81.7 -130. -142. -141. -153. -148. -140. -147. -139. -149. -173. -184. 
348.1 1011. 625.5 437.1 427.6 686.5 541.3 484.6 440.4 204.1 263.6 191.6 220.5 139.4 133.7 155.8 221.0 229.9 243.7 224.1 210.6 169.0 154.1 86.27 55.29 62.88 129.2 134.5 142.9 139.3 116.9 105.8 90.92 139.9 159.0 139.8 139.8 117.1 122.5 150.2 130.0 139.0 151.2 99.24 89.20 100.0 99.97 97.49 87.72 72.10 75.92 56.63 36.24 35.45 36.15 7.280 47.55 50.29 35.97 67.65 
2191. 2433. 863.6 230.3 176.2 251.0 164.4 47.68 19.60 -133. -163. -123. -116. -66.5 -53.8 219.5 173.3 156.0 -47.0 -41.8 -68.7 -56.4 112.4 98.71 171.5 159.9 253.6 250.7 255.6 311.5 299.5 232.1 229.9 205.8 185.2 180.0 172.8 183.1 216.3 220.1 240.4 233.9 218.6 231.5 205.9 173.8 199.6 181.0 166.1 237.9 248.5 242.6 253.8 245.6 281.3 277.6 274.2 251.9 233.7 258.4 
5284. 2167. 1804. 1359. 923.1 721.3 569.9 444.8 556.1 280.1 364.9 -1.19 371.1 431.4 527.9 545.1 583.1 352.0 338.3 345.0 461.3 456.7 424.8 404.3 321.7 298.9 277.8 304.8 -19.2 -13.9 -60.0 -57.1 -80.4 -75.6 -72.9 -95.2 -4.00 -29.1 -54.5 -56.7 -126. -122. -109. -94.8 -104. -91.7 -39.7 -46.9 -14.4 -34.9 -37.1 -20.9 18.99 -9.39 7.977 -0.11 4.883 38.76 51.29 56.00 
122.8 -636. 854.5 560.5 469.0 422.3 353.0 313.9 471.6 377.2 417.0 464.7 421.1 399.7 326.7 364.3 335.7 313.5 296.4 300.6 358.2 317.7 281.9 292.8 126.7 125.3 113.2 143.0 174.2 164.0 117.6 111.5 23.53 30.69 30.03 32.93 -31.5 0.709 45.63 -5.50 2.574 -43.4 -43.5 -45.0 -51.0 -65.1 -56.7 -32.6 -26.4 -25.2 -23.6 10.94 4.798 61.55 96.38 88.55 82.19 79.96 74.61 72.33 
-861. -569. -58.5 -312. -260. -577. -779. -508. -489. -558. -425. -8.57 -52.9 -26.1 -19.3 -40.2 -44.7 -156. -144. -34.2 -12.6 -11.0 9.571 -59.5 -81.3 -124. -91.4 -120. -119. -134. -129. -140. -138. -139. -120. -114. -123. -45.9 -42.0 -84.2 -64.6 -115. -121. -94.4 -40.0 -19.4 -22.0 -21.8 -32.4 -20.2 -29.6 -71.0 -103. -104. -95.3 -116. -126. -137. -81.2 -85.8 
338.8 49.84 164.5 61.31 -396. -331. -126. -14.0 26.58 49.17 -20.4 -66.4 -51.7 -107. -95.5 -94.9 -113. -66.5 70.29 112.8 300.8 272.7 241.4 285.2 242.6 229.4 244.7 128.2 128.5 126.4 125.1 125.2 148.4 169.3 152.0 149.7 134.3 105.9 130.3 112.3 56.98 -20.6 -21.7 2.821 3.817 4.733 -5.68 4.360 1.151 -34.8 -9.78 41.87 38.01 22.54 13.76 15.62 14.18 10.73 29.66 50.78 
-783. -563. -1059 -794. -615. -738. -638. -772. -728. -800. -718. -726. -694. -572. -581. -626. -527. -496. -510. -86.8 -127. -127. -145. -76.9 -71.0 -6.90 2.622 67.51 236.0 212.9 120.2 135.4 138.7 89.95 106.8 27.65 -11.3 62.87 75.85 113.3 178.7 186.1 254.6 256.5 351.5 384.1 362.1 347.1 347.8 341.5 328.9 312.8 316.8 346.3 337.1 330.2 329.0 318.3 349.9 339.0 
-2445 -1780 -1206 -901. -744. -604. -564. -204. -735. -817. -739. -678. -758. -478. -350. -208. -155. -181. -39.0 -102. 11.68 8.472 12.89 -47.6 -50.3 -51.4 -168. -172. -167. -164. -199. -189. -196. -142. -147. -116. -112. -126. -155. -150. -171. -172. -161. -150. -106. -131. -37.1 -63.2 3.855 35.68 43.26 43.28 43.34 18.51 38.82 38.83 22.75 30.32 29.20 63.52 
1643. 1710. 1094. 1015. 973.0 1058. 474.3 281.4 322.2 227.1 294.4 273.1 308.2 96.11 91.93 225.2 169.1 253.9 200.0 231.5 245.6 245.3 195.5 75.58 -2.94 -12.3 -10.3 -12.8 -3.44 82.72 71.90 92.67 63.09 3.718 3.817 101.9 77.08 97.70 102.3 101.1 110.7 82.08 64.66 65.84 104.0 128.4 119.5 119.8 66.80 10.07 44.97 7.995 17.84 7.017 -0.91 4.566 8.177 14.49 -24.5 -34.6 
-1907 -1052 -1430 -1854 -1615 -1159 -791. -926. -929. -929. -960. -890. -683. -562. -490. -443. -424. -400. -335. -325. -310. -280. -210. -201. -182. -173. -172. -120. -109. -110. -58.0 -44.3 -15.1 -29.0 5.769 91.01 73.67 71.14 85.81 17.27 4.163 17.39 35.13 16.93 -45.5 -38.9 -71.3 -82.7 -72.1 -71.9 -70.4 -38.3 -22.4 -10.3 1.017 17.47 -30.9 -5.17 -18.2 13.81 
-2594 -1296 -761. -631. -481. -498. -446. -481. -422. -304. -327. -271. -251. -227. -220. -179. -158. -182. -170. -332. -357. -328. -314. -291. -275. -226. -214. -205. -196. -173. -204. -150. -199. -191. -177. -188. -177. -172. -163. -157. -144. -141. -129. -132. -146. -122. -129. -16.0 -12.6 5.196 7.224 20.66 -17.5 -12.1 -7.83 -12.6 -1.99 -44.2 -42.6 -28.7 
-2089 -1142 -770. -618. -650. -516. -560. -569. -545. -358. -332. -309. -255. -303. -257. -189. -182. -258. -245. -284. -231. -241. -288. -283. -285. -270. -144. -127. -116. -115. -164. -156. -110. -99.3 -92.2 -180. -126. -170. -149. -165. -162. -156. -164. -158. -157. -162. -156. -192. -251. -270. -261. -256. -246. -216. -230. -222. -218. -161. -183. -202. 
9.196 2.533 101.4 1621. 1298. 1454. 1268. 1170. 1010. 838.9 720.9 668.6 613.6 599.2 557.7 489.0 380.0 374.8 350.5 350.4 336.7 309.1 296.9 287.3 417.4 331.6 263.3 250.4 237.8 260.3 242.2 233.1 201.6 184.7 192.2 159.5 155.3 203.3 165.2 161.3 160.1 148.6 101.8 113.7 102.9 98.63 109.9 110.2 127.5 101.6 80.82 81.88 66.37 38.63 32.24 59.28 29.91 27.82 23.96 20.01 
-2642 -1159 -774. -574. -200. -150. -114. -93.5 0.260 38.07 31.35 36.13 -36.8 -130. -41.6 7.795 -13.5 51.66 -86.6 -69.0 -58.1 -78.6 -74.9 -104. -107. -65.3 -86.1 -90.6 -173. -168. -157. -190. -188. -206. -179. -190. -214. -211. -228. -224. -218. -214. -218. -187. -220. -219. -224. -227. -202. -198. -178. -174. -172. -179. -177. -211. -212. -204. -219. -213. 
-760. -62.2 -59.1 -592. -234. -204. -172. 142.2 154.7 110.4 146.4 105.0 -43.5 36.08 27.13 94.32 85.97 58.00 75.73 50.44 -50.3 -90.6 -133. -106. -121. -117. -101. -97.4 -119. -134. -122. -157. -87.3 -104. -123. -29.0 -46.7 -25.6 -48.6 -59.8 -2.51 -1.42 10.01 -30.6 -27.3 -30.0 -37.8 -37.3 -59.5 -24.6 -24.4 -106. -115. -164. -113. -118. -117. -135. -133. -167. 
-21.2 -668. -447. -52.5 -196. -178. -111. -148. -98.1 -158. -142. -306. -287. -263. -221. -208. -190. -134. -131. -126. -161. -261. -252. -249. -223. -227. -223. -282. -285. -276. -266. -272. -241. -234. -225. -195. -188. -182. -189. -153. -200. -180. -176. -165. -162. -174. -173. -170. -164. -157. -168. -162. -163. -141. -122. -119. -66.8 -66.0 -67.3 -45.4 
180.4 -12.8 -346. -281. -227. -223. -222. -139. -138. -70.5 -156. -76.5 -19.1 -23.9 -24.5 -35.5 -59.0 -31.7 -37.6 -35.7 -16.7 -15.5 106.7 109.8 108.3 101.3 118.0 73.07 103.6 101.1 127.2 107.7 91.74 82.21 72.45 75.12 73.48 63.46 31.38 8.257 7.902 30.05 11.52 11.34 7.325 7.064 13.53 30.35 -3.77 -3.64 11.45 6.497 6.551 27.37 15.34 40.95 28.00 51.88 47.62 45.51 
-103. -162. -204. -88.0 -41.8 26.95 -141. -126. -132. -156. -109. -12.5 142.9 171.8 178.1 161.4 191.8 185.1 172.6 188.5 179.7 129.3 146.3 141.9 147.7 141.2 139.6 54.45 35.15 16.81 16.80 39.37 41.67 28.03 18.92 -9.72 38.49 46.54 51.27 48.68 49.81 39.56 76.98 73.64 87.25 79.64 53.03 51.78 49.42 54.30 65.92 64.18 63.16 68.48 65.21 65.03 61.22 53.64 52.51 49.73 
-39.1 -6.76 650.5 425.9 813.4 647.7 564.5 489.8 440.0 356.4 437.2 276.3 225.1 201.3 234.8 113.0 120.1 144.7 150.3 151.8 139.0 150.7 192.7 200.4 209.4 203.7 174.4 222.8 190.9 184.0 181.8 170.6 184.0 174.8 212.9 210.8 199.0 189.0 194.2 180.1 171.5 169.4 150.9 144.6 138.8 102.3 83.28 100.7 122.8 120.2 119.3 126.6 132.4 130.5 140.9 132.6 130.8 126.3 134.5 113.5 
8.387 121.2 95.24 100.2 63.36 67.14 -40.0 -5.55 -11.0 32.20 21.33 8.253 14.05 154.0 115.7 84.07 74.37 93.79 95.59 91.86 88.76 96.99 96.17 92.32 69.97 74.00 78.09 69.85 74.76 63.85 61.16 73.35 92.84 90.72 101.4 87.87 74.49 98.80 84.67 87.51 86.52 85.52 96.23 94.71 92.54 86.24 94.91 94.60 104.8 104.0 110.3 127.2 127.2 126.3 132.8 134.7 142.3 139.9 137.5 136.0 
-748. -518. -340. -243. -111. 61.79 67.40 163.4 128.9 93.07 70.72 71.99 106.8 105.6 92.64 86.94 99.55 83.14 84.95 111.7 144.3 147.7 128.6 115.9 122.6 114.1 109.9 98.85 107.7 110.6 108.0 110.2 104.2 98.21 96.56 86.57 38.36 35.08 46.63 22.78 20.30 19.70 20.44 19.03 30.77 30.87 18.24 23.71 26.52 11.90 10.19 8.777 3.032 3.869 10.66 3.116 -8.12 -3.03 -2.89 -3.83 
-84.2 43.95 -154. -98.4 -50.6 -29.6 -101. -23.8 -17.9 2.210 25.32 -23.8 -14.0 58.31 97.64 99.91 94.06 106.5 99.33 113.9 90.74 77.49 83.91 54.61 80.78 69.33 69.74 69.51 64.90 57.60 77.04 53.26 57.29 59.42 63.16 56.49 59.36 47.83 48.24 42.78 36.16 47.63 44.39 43.85 46.14 45.61 52.35 50.07 44.44 30.19 26.01 23.75 8.730 9.536 4.048 4.989 1.394 3.164 0.744 2.763 
53.23 -134. -101. -10.0 -34.2 13.91 8.605 -18.6 -9.35 -90.3 -40.3 -37.0 -26.8 -26.1 14.60 31.86 30.53 24.92 28.15 16.16 11.70 15.31 13.98 5.739 6.200 16.40 23.27 16.19 15.17 15.51 25.21 30.15 31.05 58.24 57.30 57.02 65.47 73.24 72.80 72.86 75.75 80.26 63.63 64.44 63.34 69.83 69.66 68.45 66.08 58.69 48.82 54.52 51.99 43.26 34.85 50.92 48.36 47.66 47.63 45.45 
-533. -322. -347. -253. -178. -127. -121. -87.0 -80.2 -108. -97.0 -89.1 -92.8 -51.8 -54.3 -80.1 -63.2 -56.7 -36.6 -38.7 -39.5 -37.3 -46.2 -60.3 -65.7 -49.2 -45.8 -45.2 -53.8 -52.9 -58.5 -80.3 -76.7 -74.4 -72.5 -70.6 -68.4 -72.9 -76.2 -74.1 -73.3 -76.7 -77.2 -73.8 -88.7 -98.3 -87.9 -87.6 -89.9 -87.0 -81.9 -79.3 -78.5 -77.3 -67.6 -63.1 -63.4 -61.5 -60.2 -56.3 
659.7 152.1 120.0 79.19 88.58 60.46 53.28 17.84 -15.2 -17.4 -52.2 -48.2 -47.2 -46.0 -44.2 -36.7 -43.5 -37.8 -28.3 -41.6 -42.2 -59.0 -47.8 -41.0 -36.8 -35.7 -35.6 -53.8 -44.2 -40.8 -41.2 -35.9 -36.3 -36.8 -54.2 -45.7 -45.0 -47.6 -47.6 -47.3 -48.9 -42.8 -42.4 -29.1 -35.3 -35.1 -32.0 -35.4 -34.7 -33.8 -36.4 -36.9 -38.1 -41.3 -50.6 -47.4 -44.5 -36.3 -33.3 -29.1 
-91.6 361.1 238.7 175.5 143.4 118.9 108.5 119.5 115.0 125.8 108.4 133.6 117.1 101.2 113.7 106.4 76.39 28.95 17.57 38.72 33.09 49.66 36.10 34.62 43.23 43.47 43.91 51.40 50.45 44.58 32.02 31.57 37.13 35.71 55.52 55.47 66.59 79.59 93.83 91.97 91.76 89.16 87.13 89.17 88.05 83.97 79.04 75.48 74.53 71.36 70.25 65.20 64.00 59.12 59.66 46.28 48.20 47.39 46.38 45.61 
-62.5 -117. -58.4 -44.5 -35.7 -26.5 -12.4 -25.8 -17.4 -15.1 -14.0 -27.2 -24.7 -24.1 -12.1 -12.3 -13.2 -13.1 -4.19 -3.84 -6.43 -6.92 -11.2 -8.83 -5.94 -5.22 -4.92 -7.73 -0.98 -4.48 -3.75 -3.63 -0.58 -6.68 -10.5 -10.0 -10.1 -8.74 -9.83 -4.13 -4.32 -4.23 -5.69 -6.48 -6.36 -4.01 -4.06 -4.41 -4.20 -4.42 -5.22 -5.60 -5.45 -5.03 -5.21 -5.17 -4.77 -5.50 -2.53 -2.05 
24.85 -110. -63.9 -8.39 -3.24 13.33 10.96 11.39 17.87 20.60 36.07 38.09 34.37 40.52 27.61 25.34 22.36 14.18 9.762 13.57 13.89 12.29 12.24 11.74 12.34 9.311 7.473 11.32 10.40 18.39 14.36 14.17 29.53 30.51 27.59 26.77 20.26 21.44 20.32 20.85 20.32 17.84 17.46 19.55 20.66 20.56 20.25 19.58 19.51 20.21 19.55 19.79 18.77 18.63 18.39 19.26 17.71 17.28 12.38 12.87 
-2.48 3.368 3.047 33.50 17.63 34.82 42.15 43.67 19.13 26.66 34.19 34.01 41.50 32.16 29.17 40.22 36.96 35.08 36.19 34.72 21.20 21.39 23.59 38.46 32.45 29.30 28.16 25.60 27.36 24.73 23.07 22.50 22.19 23.72 21.81 25.47 24.63 23.72 25.56 25.99 20.77 20.57 19.71 20.71 22.13 12.60 11.88 11.99 9.497 8.215 7.669 7.595 7.562 8.150 6.659 6.543 6.591 6.763 6.851 7.050 
6.187 -30.0 -28.1 -23.4 -6.32 -14.2 -16.1 -12.1 -12.7 -9.38 -8.45 -7.29 -11.7 -10.6 -7.91 -11.5 -12.8 -12.2 -6.41 -14.9 -13.6 -14.0 -19.0 -19.5 -18.8 -17.5 -19.5 -20.3 -18.4 -17.8 -18.0 -20.1 -19.2 -17.1 -15.5 -15.2 -14.8 -11.6 -13.0 -12.3 -11.7 -12.1 -11.9 -12.3 -12.0 -11.9 -14.4 -15.6 -15.0 -14.2 -13.9 -13.4 -11.9 -11.5 -11.8 -11.8 -11.2 -10.2 -11.4 -11.1 
-0.81 -30.1 -19.5 -14.5 -19.3 0.255 2.793 -6.98 -6.09 -4.99 5.862 6.357 10.79 3.996 8.038 3.800 3.840 3.385 4.627 14.98 15.27 15.90 15.27 16.40 16.90 12.36 9.762 9.511 8.972 10.94 10.87 10.16 5.546 4.097 5.590 6.045 5.642 5.477 5.558 5.701 5.114 5.164 3.954 4.008 3.886 4.064 3.976 3.995 3.619 4.572 4.674 3.992 3.690 3.969 3.893 4.978 5.659 5.514 4.592 5.205 
28.54 193.4 127.9 93.34 65.75 51.41 51.95 45.23 37.40 38.74 37.03 42.77 35.54 38.35 37.67 48.76 45.58 45.29 49.29 49.23 47.88 44.27 36.11 35.20 30.59 29.42 27.71 28.03 27.26 27.36 26.27 26.51 25.94 24.41 22.19 21.40 21.02 20.03 19.31 18.83 19.32 18.75 18.34 19.32 18.89 18.39 19.23 18.50 18.37 18.01 17.56 17.34 19.34 19.18 22.42 21.60 20.99 20.74 21.48 21.12 
-85.7 -61.9 -39.3 -43.6 -44.5 -27.4 -5.86 -1.56 0.044 0.407 -4.44 -0.30 1.231 3.542 3.368 3.082 2.245 3.839 4.137 9.117 8.676 6.789 4.110 3.352 1.304 1.325 1.483 -0.54 -0.45 5.171 4.017 0.926 0.656 0.037 1.829 4.363 3.278 5.285 5.517 6.596 7.434 7.697 7.519 5.336 5.164 5.340 5.028 4.937 5.257 4.551 4.417 4.232 4.329 3.489 3.387 5.083 5.325 4.848 4.729 4.306 
54.98 38.96 19.61 20.05 19.43 19.33 3.532 2.875 2.838 1.856 3.837 8.709 7.984 7.773 5.479 5.635 6.142 1.367 -0.47 -5.05 -6.19 -6.14 -7.54 -8.05 -7.73 -7.53 -8.87 -8.76 -9.38 -8.15 -8.55 -8.48 -7.10 -8.36 -8.51 -9.04 -9.36 -13.5 -13.1 -12.9 -13.8 -13.9 -13.9 -14.2 -13.8 -14.3 -12.6 -12.9 -12.5 -11.9 -11.9 -11.5 -12.0 -11.8 -11.3 -11.2 -11.4 -11.2 -11.0 -10.7 
13.78 36.62 25.90 16.67 7.100 3.052 -3.86 -3.33 -5.17 -4.98 -7.00 -10.2 -11.2 -13.2 -12.9 -12.9 -3.66 3.810 5.531 1.683 4.785 4.473 3.813 3.916 4.247 4.294 4.173 6.475 7.684 8.006 8.690 8.445 7.398 6.338 5.626 5.964 6.871 6.849 6.471 6.148 6.978 7.303 7.123 7.491 7.114 7.192 6.997 6.543 6.135 6.274 6.269 6.040 5.913 6.768 5.971 6.023 6.252 6.154 6.110 5.667 
-1.23 7.246 -8.95 -6.71 2.573 -14.6 -20.5 -22.6 -14.2 -22.2 -18.0 -20.8 -19.1 -19.8 -10.7 -8.96 -8.43 -8.40 -7.91 -7.44 -7.17 -7.05 -3.66 -0.93 -2.36 -3.60 -3.52 -1.35 -0.84 -0.78 -0.74 -0.82 -1.74 -1.85 -1.95 -1.79 -1.73 -1.16 -1.19 -1.75 -2.11 -2.46 -2.68 -1.24 -1.25 0.196 0.681 0.107 0.306 0.377 0.303 0.270 0.559 3.522 3.108 3.004 2.971 2.501 2.453 2.453 
-32.2 -16.1 -2.15 -7.02 -5.61 -5.23 -4.88 -5.50 -0.88 -12.0 -13.1 -11.7 -15.5 -8.87 -6.69 -6.24 -4.05 -4.85 -5.18 -9.97 -9.55 -8.59 -8.15 -7.23 -9.54 -3.86 -5.35 -3.71 -2.18 -1.91 -1.79 -3.40 -3.32 -3.11 -2.82 -2.66 0.805 0.832 0.614 0.992 1.043 1.042 -0.23 0.161 1.112 2.590 2.823 1.748 0.672 0.565 0.898 0.035 0.560 0.706 -0.69 -0.80 -1.15 -1.22 -0.02 -0.02 
9.194 11.80 7.748 -13.0 -7.27 -6.17 -0.25 -12.9 -14.5 -14.9 -12.1 -2.72 -8.35 -7.37 -14.9 -15.1 -13.2 -12.5 -11.5 -11.1 -12.2 -11.3 -12.3 -9.18 -6.76 -4.64 -5.83 -4.48 -3.42 -5.25 -4.84 -5.43 -5.26 -5.39 -4.18 -3.33 -3.21 -3.52 -3.81 -3.80 -3.95 -3.45 -1.23 -0.27 -0.71 0.382 -0.31 -0.93 -1.04 -0.88 -0.89 -0.76 0.256 -1.32 -1.30 -1.25 -0.68 -0.93 -1.28 -0.09 
32.54 72.36 41.95 34.26 27.45 23.17 31.28 25.25 22.31 17.90 20.21 18.32 16.29 15.07 13.44 8.540 8.925 7.422 6.735 8.886 8.530 8.548 8.173 7.829 8.076 7.022 9.221 5.339 5.650 5.356 5.015 5.242 6.584 5.334 3.959 3.978 2.041 1.620 1.756 1.606 2.072 0.570 1.026 0.673 0.628 0.060 0.164 4.293 4.448 4.544 4.030 3.382 2.975 0.774 1.717 1.546 0.303 1.005 1.137 0.834 
-5.81 -7.12 -13.5 -9.49 -7.16 -4.42 0.173 -5.45 -5.90 -3.26 -3.54 -1.65 -1.53 -3.93 -4.13 -5.64 -3.30 -1.14 -0.87 -2.65 -3.66 2.490 2.866 3.219 2.832 2.803 3.479 3.352 3.179 2.846 1.969 0.947 0.807 0.500 3.231 2.319 2.920 2.803 2.101 2.699 2.936 2.527 3.784 3.866 3.863 2.338 2.284 2.387 2.506 2.543 2.500 2.415 1.777 1.708 2.726 3.150 2.926 2.907 4.716 4.809 
-7.80 -4.38 -3.08 -4.04 -1.99 -4.43 8.421 17.22 15.07 14.39 13.39 9.589 10.99 9.932 8.901 10.81 10.21 9.394 8.608 8.836 10.44 10.81 11.16 11.98 14.10 10.58 10.63 9.717 11.48 11.41 11.55 11.17 10.72 9.995 8.766 7.270 7.308 7.280 10.58 10.57 10.24 9.406 9.720 10.54 11.50 11.25 10.88 10.56 10.67 10.50 11.01 10.90 9.714 11.07 11.23 10.32 10.11 9.476 9.303 9.145 
-72.1 -60.5 -41.9 -29.5 -32.1 -25.5 -21.4 -33.2 -28.0 -24.1 -14.6 -13.9 -13.7 -15.4 -15.3 -14.4 -13.4 -12.7 -12.0 -10.2 -16.5 -16.3 -16.1 -14.4 -8.46 -9.37 -9.70 -10.5 -10.8 -10.9 -10.8 -10.1 -8.07 -7.10 -6.67 -6.46 -6.28 -6.50 -6.50 -6.79 -8.09 -8.26 -8.03 -9.50 -9.28 -11.0 -11.4 -12.1 -11.9 -10.9 -10.9 -10.9 -10.7 -7.26 -6.98 -7.14 -6.72 -6.89 -6.41 -5.82 
-3.06 -0.19 -0.42 -4.43 14.77 15.48 15.57 13.11 12.07 13.42 12.44 11.46 12.41 11.53 11.12 8.775 11.93 11.22 10.56 10.84 8.599 9.091 6.416 3.408 8.001 7.681 4.452 3.657 -0.20 2.443 6.957 6.698 10.22 9.503 4.983 4.857 4.733 4.578 4.665 4.842 5.047 4.961 6.258 5.806 5.711 6.788 8.300 7.345 6.856 5.282 5.342 5.330 5.062 5.989 5.400 5.456 4.527 5.101 4.916 4.791 
-12.3 15.53 15.11 13.64 12.15 25.86 24.30 21.49 10.00 8.157 7.847 3.921 4.460 2.407 2.878 0.371 0.348 1.225 1.136 -2.25 -2.11 2.071 6.292 4.825 3.705 3.011 1.772 1.704 0.670 2.032 2.934 2.876 2.886 3.067 3.562 4.725 4.573 4.419 3.585 3.730 5.407 5.136 5.031 4.842 5.016 1.588 0.089 0.075 1.553 1.876 1.577 1.583 0.855 0.854 1.937 1.762 3.963 5.140 4.575 5.999 
-27.8 -0.62 -9.57 -14.2 -11.6 -0.94 -6.55 -1.07 -0.77 -1.49 1.228 3.506 -4.53 -8.06 -7.96 -5.71 -2.94 -4.34 -3.71 0.536 2.248 4.536 4.582 -0.29 -1.84 -2.82 -3.17 -1.83 -2.60 -4.54 -4.44 -3.20 -3.56 -2.23 -1.62 -2.58 -2.55 -2.62 -1.80 -2.79 -3.09 -5.64 -7.82 -7.34 -6.49 -6.76 -3.10 -4.06 -3.06 -3.02 -2.95 -2.83 -4.11 -4.14 -3.47 -3.47 -2.23 -2.25 -1.51 -0.89 
-19.1 -7.99 -45.4 -33.7 -21.9 -22.8 -19.2 -18.8 -13.0 -8.45 -8.04 1.991 2.546 4.439 4.331 5.966 0.550 0.188 0.891 0.116 1.388 1.739 2.060 3.824 7.468 5.863 6.965 6.622 6.155 5.965 4.955 4.652 5.004 4.932 5.884 6.027 5.403 2.517 4.907 5.029 4.041 4.319 4.008 4.373 4.095 3.877 3.782 2.391 3.855 0.794 1.016 1.714 1.786 1.704 1.648 1.725 1.242 1.817 2.051 2.524 
5.594 -2.64 -2.31 -3.88 1.426 0.991 5.491 1.040 1.547 -1.83 -1.25 6.016 13.11 6.998 5.048 -2.18 -5.90 -6.87 -6.39 -6.09 -5.79 -4.24 -4.73 -4.31 -1.18 -0.67 -1.16 -0.87 -1.34 -1.77 -2.13 -1.66 -1.78 -1.45 0.286 0.731 0.873 0.192 0.096 -0.12 0.042 0.575 2.133 5.477 4.385 4.260 4.197 5.623 5.523 5.385 4.815 5.542 6.374 6.565 6.636 5.223 5.242 4.433 3.813 3.553 
39.26 17.45 7.668 14.82 22.42 19.04 16.55 18.96 16.94 18.31 16.63 16.66 14.88 17.34 12.13 14.99 10.07 10.00 11.03 13.70 13.17 11.94 10.07 8.862 8.359 7.245 4.259 4.059 3.918 4.354 2.862 4.522 6.114 8.821 9.230 8.673 9.621 10.24 9.006 8.751 7.345 8.375 7.906 8.203 7.847 7.578 7.272 9.418 9.225 9.074 8.956 10.43 9.705 9.390 9.243 9.112 9.094 9.017 8.825 6.730 
-8.59 10.29 6.639 4.299 18.48 19.63 38.10 40.79 37.19 34.33 31.81 24.97 23.43 17.02 14.12 5.166 5.303 6.288 5.602 7.196 6.660 5.594 17.26 23.42 22.39 21.36 19.91 19.27 19.85 19.18 18.46 17.06 16.64 15.14 14.74 15.36 15.05 14.35 12.95 11.15 11.03 5.806 5.854 6.260 3.468 3.273 2.786 4.164 4.259 4.084 3.633 3.626 2.973 3.797 3.531 3.490 3.446 3.501 3.316 3.236 
-15.3 -7.63 -2.30 4.390 -3.86 -3.47 7.178 10.85 10.50 7.575 6.786 7.493 9.897 9.997 12.18 11.22 10.73 5.755 5.464 6.041 5.737 6.762 6.413 8.097 7.725 7.342 3.855 1.051 -0.35 -0.09 2.302 1.578 1.471 0.904 2.137 1.826 0.540 0.269 0.255 0.441 0.531 0.144 0.018 -1.15 -2.25 -3.57 -2.58 -2.26 -1.89 -1.28 -1.46 -1.42 -1.67 -1.51 -2.77 -2.80 -3.38 -3.23 -2.55 -1.61 
-8.63 -8.17 -2.98 9.004 13.72 13.32 10.38 9.371 13.62 10.62 8.606 5.682 12.61 7.754 6.358 5.900 4.249 3.843 3.606 -1.95 1.790 1.857 1.758 2.478 2.691 4.090 3.232 2.878 4.095 4.135 3.927 3.642 2.956 3.399 5.104 2.719 3.407 4.496 3.806 3.718 3.562 4.308 3.721 3.658 3.390 2.477 2.617 3.081 3.158 3.893 4.021 4.030 3.650 3.675 3.680 3.771 4.114 4.356 4.239 4.457 
-2.86 -16.6 -10.9 -6.33 -4.07 -2.38 -2.02 2.845 7.772 -0.22 -0.18 2.724 6.238 4.893 6.578 7.539 7.318 6.945 7.767 7.032 6.719 6.282 9.128 10.12 9.700 15.95 15.73 13.93 13.53 13.51 11.89 10.83 10.40 12.82 12.39 11.85 11.16 11.00 10.83 6.381 6.292 5.807 5.908 6.547 6.322 6.877 6.733 8.142 8.037 8.270 8.221 7.990 7.836 7.219 6.105 5.817 5.645 5.323 5.770 4.679 
-102. -66.7 -40.9 -31.0 -25.3 -26.3 -27.3 -37.0 -29.7 -27.2 -24.7 -14.4 -13.9 -13.1 -10.5 -7.14 -7.75 -6.70 -5.93 -5.69 -3.84 -3.25 -3.15 -4.45 -1.63 -1.51 -1.46 -2.18 -1.98 -2.03 -2.83 2.060 2.056 1.832 0.825 -0.51 -0.48 -0.55 -0.86 -1.17 -0.99 -0.22 -0.66 2.924 2.868 -0.27 -0.22 -1.53 -1.13 -2.11 -3.12 -2.34 -1.18 -0.27 -0.22 0.978 1.287 1.238 0.974 1.666 
1.763 2.327 -6.63 4.365 15.91 14.11 13.84 12.11 7.588 6.597 -0.83 -0.41 -0.36 -7.53 -10.3 -15.8 -14.6 -18.4 -19.4 -14.8 -11.5 -12.3 -11.8 -10.5 -12.9 -12.2 -11.9 -11.4 -12.8 -12.1 -11.7 -12.1 -12.1 -10.7 -11.2 -12.4 -12.0 -12.3 -12.1 -10.7 -14.0 -13.0 -10.8 -10.6 -10.1 -9.58 -13.2 -12.7 -11.6 -11.2 -10.9 -10.9 -11.5 -11.0 -10.1 -9.86 -10.2 -10.1 -9.99 -9.74 
27.88 6.129 6.656 8.345 11.60 -0.48 -0.92 -1.41 0.030 -0.68 -0.64 -0.81 0.381 -5.89 -7.58 -6.53 -10.3 -9.48 -9.79 -9.07 -8.60 -7.64 -8.62 -3.59 -3.11 -2.52 -2.44 -2.34 -2.80 -2.68 -2.41 -1.71 -1.91 -2.01 -0.54 -0.63 -0.42 -0.21 -1.25 -0.88 -1.27 -1.56 -0.82 -0.17 -1.19 -1.21 -1.16 -1.65 -2.96 -2.99 -2.85 -3.07 -2.86 -2.08 -2.65 -2.92 -3.50 -3.09 -2.34 -2.18 
1.810 15.96 4.346 3.122 2.307 -4.04 -16.1 -13.3 -10.2 -10.8 -9.83 -6.57 -8.16 -5.44 -2.87 -1.18 1.466 1.503 1.380 1.481 -0.08 -0.18 -3.36 -2.84 -0.02 -1.68 -1.54 -0.61 -0.51 0.090 0.824 0.496 0.918 2.205 2.299 0.950 0.848 0.553 0.505 -1.07 -1.26 -2.06 -1.77 -1.92 -2.64 -2.60 -2.77 -2.66 -2.43 -2.10 -1.57 -2.28 -2.40 -2.34 -1.99 -1.67 0.078 0.102 -0.02 -0.18 
-4.57 22.53 16.70 -17.0 3.295 2.270 5.663 3.084 2.390 2.304 5.094 4.393 5.434 8.870 8.614 6.931 7.236 6.520 6.065 4.775 3.047 4.248 2.315 2.786 3.687 3.938 3.644 4.216 4.921 1.246 2.276 2.085 1.969 1.164 7.129 8.443 8.480 8.450 9.791 9.567 11.45 11.67 11.47 8.331 9.076 8.845 7.058 6.997 6.909 6.442 6.249 4.540 4.848 6.229 5.566 5.667 5.118 4.599 5.680 5.726 
4.222 1.884 2.376 1.954 2.049 -1.71 -1.28 0.647 8.168 10.01 10.45 7.571 7.032 7.401 6.386 5.239 8.748 16.62 15.83 14.97 18.30 18.48 18.47 14.84 11.75 8.349 8.037 7.737 8.409 8.368 11.30 10.75 10.42 8.894 9.014 8.189 7.196 7.004 6.486 5.313 4.847 4.788 4.840 4.368 4.331 4.376 4.272 4.263 5.003 5.308 3.116 3.690 3.831 4.013 4.653 4.685 4.365 3.884 3.147 3.471 
-36.6 -21.1 -17.1 -14.1 -13.9 -5.41 -6.07 -2.96 -0.14 -5.81 -1.18 -1.10 -1.49 -1.08 -1.31 -0.92 1.243 7.679 6.911 0.638 1.040 -1.97 -1.42 -2.49 -2.40 -2.27 -1.42 -3.01 -2.99 -1.44 -2.94 -1.92 -2.12 -1.66 -1.32 -4.80 -4.61 -4.49 -4.09 -4.24 -1.05 -1.17 -0.89 -0.89 -1.33 -1.31 -1.28 -1.64 -2.28 -1.87 -1.84 -1.29 -1.48 -1.06 -0.67 -0.87 -0.81 -1.25 -1.52 -1.54 
48.09 -18.0 -16.8 -8.19 -7.62 -3.10 -3.78 5.996 5.875 4.299 4.808 6.460 5.832 2.676 9.310 9.490 10.22 9.326 11.62 16.59 14.74 14.26 13.84 12.70 12.32 10.61 9.920 10.77 11.35 11.97 11.76 14.58 13.91 12.60 12.08 8.738 9.629 9.679 8.235 11.57 11.52 10.84 8.103 7.524 7.368 7.281 7.835 7.727 6.845 6.343 8.026 7.752 7.068 7.114 7.152 6.063 6.303 6.063 4.871 4.822 
20.09 -45.6 -26.5 -46.4 -36.0 -43.3 -38.5 -28.1 -24.9 -21.7 -19.2 -20.0 -15.4 -16.4 -14.5 -12.4 -11.9 -12.6 -12.0 -10.9 -13.1 -12.2 -12.8 -14.4 -14.6 -14.5 -15.6 -15.6 -15.9 -15.9 -15.7 -12.5 -11.8 -12.9 -11.0 -10.3 -10.3 -9.16 -9.10 -8.78 -7.63 -9.98 -9.49 -9.60 -7.69 -7.76 -6.86 -6.14 -5.93 -6.17 -6.05 -5.68 -6.15 -6.03 -5.93 -5.69 -5.59 -5.34 -4.76 -4.58 
-11.1 8.828 6.304 8.911 18.39 21.86 18.68 15.02 16.51 -3.05 -3.20 -2.53 -2.54 -7.64 -1.74 -3.06 -6.87 -7.53 -8.21 -5.54 -8.24 -7.80 -5.96 -6.57 -4.90 -4.94 -1.44 -0.65 -0.93 0.411 -3.19 -3.13 -7.61 -10.2 -10.0 -10.5 -10.2 -9.10 -8.70 -9.99 -12.3 -11.7 -9.27 -9.12 -10.0 -9.96 -10.3 -9.44 -9.25 -8.88 -9.04 -9.97 -9.71 -9.73 -7.32 -7.15 -8.01 -8.17 -8.21 -7.71 
-14.3 -13.9 30.89 15.97 -10.6 -20.6 -20.8 -11.9 -10.8 -19.3 -17.6 -14.2 -13.7 -12.3 -11.4 -12.4 -11.7 -8.48 -8.02 -8.08 -9.93 -9.31 -8.50 -7.01 -6.35 -6.90 -6.78 -6.26 -6.15 -6.57 -5.82 -7.23 -7.04 -8.36 -8.22 -5.49 -7.68 -7.51 -5.49 -9.06 -9.66 -9.54 -7.00 -7.09 -8.45 -7.99 -8.23 -8.24 -7.83 -8.01 -8.42 -8.36 -8.58 -7.91 -7.90 -7.51 -7.19 -6.94 -6.71 -6.14 
18.29 15.77 -1.06 -4.08 -3.61 -1.27 0.991 7.519 7.594 11.75 10.72 10.72 10.06 10.97 12.03 11.39 12.16 11.70 11.83 11.20 10.64 9.372 7.353 6.249 7.336 7.377 5.534 4.777 4.541 3.628 2.809 3.625 3.499 2.406 1.303 1.263 1.795 3.739 5.420 4.840 4.212 4.214 3.789 3.829 3.422 6.361 6.191 6.038 7.473 7.196 7.015 6.769 6.943 6.640 11.62 11.61 11.57 11.38 11.16 11.04 
9.263 6.454 8.167 6.366 13.09 2.161 1.428 -3.06 -0.68 0.531 -1.30 -3.23 -4.37 -4.46 -4.51 -3.27 -3.13 -1.73 -2.60 -6.28 -5.99 -7.30 -7.72 -7.82 -8.20 -11.5 -11.9 -7.62 -7.30 -8.48 -6.16 -5.77 -6.90 -7.35 -6.92 -8.45 -13.4 -12.3 -11.4 -10.2 -13.5 -14.5 -13.7 -13.1 -13.4 -13.3 -12.5 -12.2 -13.0 -12.7 -12.2 -11.9 -11.5 -11.5 -11.7 -11.8 -11.4 -11.2 -10.7 -10.5 
-2.68 11.10 16.83 17.61 15.80 13.11 5.937 10.05 15.47 13.33 12.48 8.574 6.893 4.765 4.393 4.033 5.712 4.684 4.636 4.989 5.013 5.598 5.515 6.336 6.474 10.67 12.32 10.04 9.649 3.725 2.793 2.909 2.554 2.697 1.848 2.397 2.601 3.564 3.517 2.389 1.403 1.618 1.343 1.258 1.265 1.139 1.466 1.294 1.217 1.253 1.587 1.555 0.095 0.098 0.168 0.396 0.283 0.224 0.784 0.178 
11.81 -1.43 -3.01 -11.5 -12.8 -12.1 -11.4 -11.0 -9.89 -8.09 -4.82 -4.99 -3.35 -9.15 -5.33 -3.68 -2.78 -2.62 -2.44 -2.30 -3.88 -2.85 -1.73 0.046 0.508 1.733 2.022 1.799 1.748 3.021 1.704 1.695 1.510 1.728 -2.56 -3.92 -3.99 -5.16 -5.71 -4.75 -6.99 -6.86 -6.70 -5.31 -5.12 -5.69 -5.01 -4.83 -4.67 -4.88 -4.93 -4.04 -3.98 -3.93 -4.42 -4.01 -4.26 -4.33 -2.99 -3.35 
0.641 -25.4 -15.0 -22.8 -15.6 -10.6 -9.70 -3.76 -3.24 -2.74 -3.61 -1.76 -3.24 -1.98 -1.98 -0.79 -0.92 -1.33 -0.25 -3.85 -4.37 -4.18 -4.18 -3.94 -3.73 -2.71 -1.35 -3.55 -4.18 -4.50 -3.68 -3.86 -2.97 -1.65 -4.51 -5.17 -5.09 -4.79 -4.91 -3.41 -4.50 -2.87 -2.77 -1.59 -2.29 -1.97 -2.11 -1.91 -2.62 -2.19 -1.74 0.104 0.487 0.716 0.406 0.225 -0.32 -0.32 0.455 0.491 
2.727 -21.9 -8.38 -4.14 -3.81 -3.42 -2.46 -5.52 -10.5 -9.21 -8.40 -3.46 -5.05 -4.51 -4.86 -5.78 -8.46 -8.06 -7.60 -5.98 -5.57 -4.12 -3.94 -10.7 -10.5 -9.83 -9.84 -9.21 -8.71 -8.47 -13.7 -13.8 -13.8 -10.5 -7.24 -8.42 -7.83 -7.04 -6.72 -5.93 -7.09 -6.51 -6.66 -6.72 -6.52 -7.16 -8.38 -7.72 -7.54 -7.22 -6.56 -7.72 -7.00 -6.91 -7.36 -7.67 -7.45 -7.72 -8.20 -8.07 
2.819 8.492 5.098 3.011 -3.71 -4.56 -0.50 0.547 0.789 3.170 2.558 2.145 2.910 1.300 -2.63 -2.92 -2.85 -8.58 -10.0 -9.93 -10.8 -6.52 -6.52 -6.50 -6.28 -5.43 -5.08 -3.97 -3.31 -3.07 -5.66 -3.54 -1.88 0.696 0.492 3.779 3.691 3.609 3.802 2.739 2.567 2.778 3.374 3.107 1.805 1.592 2.033 1.210 1.472 2.307 2.261 2.157 1.034 1.067 0.887 0.618 1.316 0.990 0.928 0.388 
0.279 42.29 28.07 18.77 16.19 8.279 6.448 8.463 7.709 -0.17 -0.71 1.706 1.674 -1.01 5.167 8.069 8.146 8.452 4.010 4.170 5.030 4.849 4.620 4.515 4.282 4.339 5.334 5.701 7.440 6.194 6.987 6.481 5.753 0.495 0.919 1.080 1.812 -0.23 -0.30 -0.47 -0.66 0.580 0.586 1.200 0.933 0.539 2.208 2.372 2.293 2.014 1.821 2.113 2.063 1.386 0.509 0.425 1.284 0.810 1.011 1.103 
3.384 23.72 3.868 -1.50 4.197 7.256 19.88 2.143 1.691 -6.49 -15.3 -12.8 -11.7 -11.2 -8.01 -9.14 -8.64 -9.84 -11.5 -7.99 -7.35 -5.98 -5.28 -5.22 -4.98 -3.89 -1.50 -0.38 -0.41 0.039 0.256 -0.68 1.482 1.438 1.293 1.230 -0.74 -0.85 -1.07 -1.04 -0.89 -0.54 0.312 0.261 0.271 -0.01 0.105 0.301 -0.02 -0.18 0.728 2.003 1.964 2.023 2.317 2.183 2.277 2.018 2.150 2.654 
25.68 12.17 15.62 -2.54 -10.6 -3.58 -3.91 -0.94 -2.95 -4.13 -3.77 -0.75 -0.73 -1.17 -2.80 -2.01 -1.28 -1.48 6.265 6.626 7.012 10.41 10.14 9.740 10.04 10.37 10.59 10.40 10.42 9.221 8.369 9.207 8.972 8.821 11.04 10.62 10.31 9.704 10.11 10.36 10.38 10.23 10.41 10.23 11.84 11.22 10.83 11.77 11.43 12.09 12.31 12.32 12.63 12.35 11.57 11.41 10.36 10.44 9.550 9.227 
131.8 59.64 35.31 28.15 19.45 27.41 24.37 17.81 15.85 19.11 19.18 14.07 14.85 9.710 11.64 13.52 12.37 12.95 12.12 11.74 12.21 12.96 12.41 11.82 11.12 10.05 9.696 10.21 10.39 10.67 10.29 9.937 10.54 11.21 10.89 13.18 13.13 12.13 12.18 11.73 14.96 14.67 14.62 13.95 15.60 15.29 15.43 14.13 13.73 13.64 13.40 13.72 13.73 14.34 13.65 12.43 11.09 11.08 10.90 10.59 
-51.5 -53.1 -47.2 -35.3 -33.9 -25.0 -13.0 -17.4 -17.9 -18.3 -16.9 -16.6 -11.5 -6.63 -6.75 -10.3 -9.84 -9.64 -9.06 -9.29 -8.87 -8.83 -7.98 -7.58 -7.47 -7.44 -7.99 -7.13 -5.10 0.014 0.248 1.102 1.297 1.241 1.253 0.840 -1.63 -1.86 -1.83 -3.46 -2.79 -2.51 -4.47 -4.33 -5.02 -4.95 -4.42 -4.25 -3.84 -3.09 -2.77 -2.75 -1.99 -2.40 -2.65 -3.30 -3.28 -3.26 -6.87 -6.40 
-19.3 -24.4 -24.0 -19.0 -16.6 -8.02 -8.29 12.33 12.61 13.28 10.25 8.467 8.386 10.16 5.921 5.835 8.766 9.810 2.074 1.429 3.217 4.492 5.765 8.168 8.628 7.709 5.521 4.564 3.070 1.929 2.244 1.411 0.816 0.620 0.705 1.345 0.999 0.733 1.901 1.389 1.761 1.250 1.502 3.663 3.689 3.493 2.773 3.603 4.455 4.876 4.767 4.191 4.810 5.484 5.594 5.338 5.389 5.034 4.926 4.867 
-2.77 -15.5 -40.0 -36.5 -30.2 -24.9 -8.01 -13.4 -13.1 -13.4 -11.6 -10.8 -10.4 -8.73 -7.69 -5.41 -7.20 -5.95 -5.49 -3.56 -4.79 -3.25 -3.06 0.407 -0.30 -0.09 -0.09 -0.28 -0.35 -3.96 -3.63 -3.39 -4.12 -4.10 -3.52 -3.71 -3.61 -3.09 -2.77 -1.33 -1.01 -1.24 -0.92 -0.84 -0.62 0.171 -0.11 -0.24 -0.27 0.026 0.728 -0.65 -0.55 -0.37 -0.34 -0.61 -0.37 -0.71 -0.34 -0.12 
1.123 4.274 7.335 27.34 25.15 16.19 10.72 10.73 8.912 12.78 13.61 14.11 23.92 23.34 15.42 13.85 12.54 11.38 9.950 6.980 7.327 5.080 6.828 6.845 4.411 4.450 4.890 4.884 4.767 4.588 6.096 6.348 7.139 7.100 7.773 6.130 6.431 6.344 6.973 5.692 7.872 7.805 8.119 8.815 8.282 8.034 7.807 8.753 8.589 8.427 8.389 8.686 8.110 8.002 11.14 8.716 8.551 8.405 10.09 11.01 
23.33 46.63 31.78 23.66 17.77 16.97 12.51 10.99 9.623 4.630 5.347 0.465 2.037 0.518 -0.06 0.057 -0.92 -3.03 -3.34 -3.30 -1.24 0.161 -4.19 -4.31 -4.29 -5.02 -6.21 -4.45 -7.96 -5.97 -5.85 -5.63 -2.24 -2.24 -2.22 -3.83 -3.62 -2.98 -3.37 -5.12 -3.91 -3.84 -3.18 -3.32 -3.57 -4.81 -4.64 -4.54 -4.10 -4.09 -3.77 -4.05 -6.58 -6.72 -6.83 -6.65 -6.99 -7.31 -6.80 -7.03 
-10.8 -2.38 -11.9 -24.0 -18.3 -26.3 -22.0 -17.7 -18.0 -12.9 -15.8 -15.4 -14.2 -12.9 -12.0 -9.23 -8.15 -7.54 -5.45 -3.51 -3.39 -3.68 -3.56 1.610 1.978 1.501 0.962 0.888 0.965 2.247 2.090 3.016 3.161 3.685 4.112 5.201 5.304 5.365 7.354 6.613 6.606 6.045 5.569 6.685 6.806 6.078 5.894 4.986 5.046 6.480 6.646 6.963 6.109 6.676 6.042 4.848 5.152 4.397 4.367 3.493 
42.19 0.927 0.401 0.734 0.330 -1.11 -1.67 0.813 2.005 4.142 3.608 4.082 6.682 6.217 5.726 10.60 10.49 9.965 9.067 9.133 9.528 10.76 9.989 8.278 8.698 8.530 7.692 7.973 7.981 7.142 5.687 5.619 6.408 6.382 6.091 5.945 5.271 3.250 4.142 3.516 4.094 4.572 4.516 3.953 4.125 3.822 3.436 5.117 4.974 4.617 3.996 4.451 4.045 4.738 4.664 4.494 4.826 4.747 4.447 5.122 
1.837 1.908 13.03 52.71 46.05 38.15 26.22 22.80 21.33 18.07 20.26 16.08 14.84 14.34 10.84 10.28 12.92 12.57 10.92 7.315 5.839 7.508 8.303 7.932 7.708 7.022 4.243 3.057 3.048 2.140 1.942 -1.28 -0.78 -0.03 0.486 0.645 -0.68 -0.93 -0.51 -0.38 -0.61 -0.76 -5.86 -4.42 -4.51 -4.27 -4.47 -4.75 -5.20 -5.46 -6.16 -5.75 -5.49 -5.58 -5.22 -4.79 -3.59 -3.36 -2.83 -3.62 
-22.3 -10.0 -2.10 -8.93 0.287 0.155 -15.4 1.455 -0.51 -0.02 -0.61 -0.96 0.045 -2.56 -2.47 -2.06 -1.95 -3.63 -9.70 -8.46 -9.42 -7.50 -5.78 -3.91 -4.10 -4.79 -6.60 -6.32 -6.97 -5.37 -3.53 2.101 0.365 0.024 1.126 0.002 1.728 1.701 1.326 1.290 1.199 0.162 0.282 0.592 0.416 0.652 1.099 1.089 0.935 0.770 0.151 -0.31 -0.42 -0.32 0.751 0.086 0.138 0.312 -0.42 -0.42 
-7.11 24.83 14.12 10.21 -5.33 10.21 7.752 -1.48 -0.32 0.964 -0.35 -0.57 -1.71 -0.72 -1.39 -1.18 -1.13 -6.87 -7.31 -6.96 -7.33 -7.04 -5.70 -5.34 -5.35 -5.67 -2.71 -7.44 -7.14 -6.94 -6.19 -4.88 -4.88 -5.67 -5.47 -4.67 -4.26 -4.89 -5.09 -4.55 -2.52 -2.20 -2.17 -2.69 -2.75 -3.49 -3.41 -2.88 -2.79 -0.81 -0.78 -0.76 -0.37 -0.11 -2.84 -2.39 -2.14 -2.47 -1.92 -1.20 
-7.36 -51.8 -34.0 -12.7 -19.0 -15.6 -13.3 -12.2 -10.8 -8.87 -11.2 -7.11 -6.14 -3.41 3.048 2.066 -1.41 -1.17 -1.11 -0.88 -1.94 -1.95 -1.56 0.010 -0.08 3.932 4.560 6.337 6.469 6.133 6.996 7.014 6.147 6.308 4.693 4.500 4.358 4.222 3.067 2.627 3.498 3.232 2.940 3.036 2.522 2.770 1.883 3.452 2.923 3.491 3.331 2.979 2.606 1.966 2.392 2.261 2.030 0.235 0.823 0.874 
3.143 7.377 6.243 -0.39 -1.61 -5.87 -2.58 -3.51 -3.22 -4.88 -1.54 -1.73 -1.60 -0.15 -0.79 -0.19 -0.73 0.921 -0.38 -1.09 0.111 0.238 0.473 2.054 2.013 2.247 1.613 -0.16 -1.63 -0.64 -0.54 -3.44 -3.86 -3.01 -2.98 -2.92 -3.53 -4.03 -4.93 -4.98 -3.87 -3.46 -1.82 -1.66 -1.65 -2.45 -2.31 -2.56 -2.76 -2.42 -0.91 -2.60 -2.54 -2.78 -2.34 -1.01 -0.99 -1.09 -1.21 -1.65 
10.30 4.346 -4.15 -0.43 0.414 0.509 3.188 0.377 -3.67 -3.81 -3.50 -0.41 -0.30 -0.59 -0.84 -0.99 -0.86 -1.13 0.388 0.098 0.103 2.636 1.484 1.183 -0.80 -0.68 -1.13 -0.33 -2.22 -1.50 -0.88 -0.62 -1.42 -1.44 -1.03 -1.37 0.753 1.052 0.969 2.311 2.334 1.715 1.982 2.606 1.704 1.820 1.776 1.763 1.821 1.749 2.093 1.535 1.486 1.755 1.624 1.942 2.856 2.878 2.807 3.168 
-1.94 -6.10 0.692 4.731 -8.60 -8.55 2.400 1.042 0.438 0.414 4.278 3.220 1.988 5.256 5.187 10.05 8.688 8.374 9.002 7.263 8.800 8.578 7.931 8.650 7.945 5.739 6.782 6.934 9.073 8.740 8.214 8.061 8.035 7.819 7.317 7.175 7.316 6.348 6.992 6.716 6.538 6.845 9.952 9.918 9.741 9.352 9.153 8.141 6.499 6.507 6.591 6.737 6.598 6.590 5.788 5.240 5.567 5.415 4.792 4.591 
1.637 -1.23 5.544 5.225 17.41 13.53 7.622 0.435 -0.51 -2.39 -6.16 -4.89 -6.97 -6.70 -5.68 -5.24 -8.42 -1.61 -2.92 -1.41 -2.04 -1.69 -3.14 -3.45 -4.06 -2.38 -1.90 -1.61 -2.44 -2.52 0.062 -0.10 0.025 0.753 -1.10 -1.03 3.228 3.401 3.464 3.818 4.716 3.125 3.041 2.680 2.628 2.907 2.803 4.983 5.693 6.931 7.007 6.502 6.442 6.544 6.470 5.921 5.998 5.946 3.956 2.591 
-26.8 -4.40 -4.88 8.310 4.465 12.95 11.54 6.491 5.463 5.490 0.034 -1.06 -1.45 -3.91 -3.13 1.466 3.318 2.644 1.260 2.989 7.334 11.50 11.33 14.15 14.77 12.02 11.60 13.80 12.42 12.12 11.48 10.56 10.29 8.409 8.004 7.260 7.722 9.569 9.417 8.478 8.304 9.126 9.629 9.849 9.279 10.03 9.302 9.135 8.638 8.483 8.299 7.537 7.354 7.151 6.849 6.677 6.552 5.052 5.035 4.820 
2.485 47.63 38.46 24.61 19.65 18.94 13.72 11.49 19.07 14.79 14.09 13.60 10.67 4.306 3.627 -0.26 0.187 1.450 4.065 4.978 4.505 2.175 2.081 3.028 3.709 3.195 2.739 8.257 8.428 8.832 6.527 6.626 6.639 7.718 9.305 9.607 10.90 10.35 10.08 10.82 11.17 11.33 11.05 10.02 10.12 9.698 9.865 9.444 8.507 8.492 8.269 6.036 5.908 5.948 6.786 6.671 6.431 5.798 5.690 5.723 
57.34 35.43 23.11 21.50 21.37 18.40 11.77 12.22 21.27 17.81 29.14 25.02 23.12 25.85 24.72 23.89 22.73 21.79 20.93 20.06 19.72 19.91 18.41 19.06 16.78 16.42 16.16 15.48 14.68 14.61 14.27 13.86 12.93 12.24 12.26 12.55 12.65 11.89 10.23 8.221 8.022 7.904 7.643 7.601 7.474 6.894 6.938 6.793 6.654 6.487 6.384 6.664 6.107 5.882 5.535 5.508 5.453 4.908 4.515 4.884 
-21.2 -28.5 -19.2 -8.84 -11.1 -8.74 -6.19 -6.24 -7.95 -3.73 3.008 2.709 2.516 0.740 1.548 3.442 2.888 2.886 3.399 2.573 3.082 3.184 2.865 2.783 2.730 4.596 5.152 4.969 7.244 7.583 6.998 6.707 7.232 6.867 7.162 7.162 7.617 7.130 7.331 7.186 7.113 6.986 10.08 9.968 9.365 9.844 9.706 9.940 7.973 7.815 7.685 8.492 7.786 7.607 7.438 6.898 6.852 6.693 6.563 6.502 
-23.1 -19.2 -14.3 -16.7 -5.32 -14.2 -37.1 -28.6 -25.3 -32.5 -31.9 -29.3 -26.1 -24.2 -19.6 -18.3 -11.5 -11.6 -11.4 -12.7 -12.1 -12.0 -16.7 -16.9 -16.8 -16.0 -14.3 -12.3 -11.9 -11.6 -11.2 -11.1 -11.8 -10.4 -9.82 -9.57 -9.43 -9.00 -8.78 -5.60 -5.51 -5.22 -4.13 -3.77 -3.85 -3.81 -3.92 -3.78 -3.20 -3.16 -3.22 -3.48 -3.45 -3.73 -4.18 -3.89 -3.96 -3.73 -3.17 -2.78 
15.28 6.272 8.362 6.399 31.49 25.58 -0.78 -4.22 -2.43 -2.91 -2.64 1.517 2.874 2.495 9.298 7.938 10.19 11.22 9.817 8.100 9.055 8.400 7.630 7.600 6.796 6.609 7.490 7.169 6.221 6.367 6.115 6.028 5.456 5.019 4.364 4.186 4.736 5.689 5.558 5.322 6.814 6.879 6.531 6.412 5.814 7.409 7.696 7.332 7.108 7.580 6.851 6.683 6.446 7.051 6.975 6.483 8.366 8.319 8.674 8.933 
-3.38 10.20 6.915 11.37 10.55 13.41 9.300 8.043 8.380 7.712 8.997 5.667 5.085 1.983 6.290 5.692 5.483 3.739 -0.36 0.007 -0.06 0.665 0.738 0.087 1.167 0.241 0.235 2.184 2.169 1.094 -0.93 2.095 1.511 1.323 -0.19 -2.47 -2.37 -2.86 -2.81 -3.28 -1.07 -0.90 -3.02 -2.91 -3.68 -4.07 -3.94 -3.08 -2.84 -2.76 -1.90 -1.62 -3.01 -3.37 -3.40 -3.60 -3.26 -3.90 -3.73 -3.49 
-22.1 -14.2 2.484 5.681 -2.06 2.734 1.884 0.810 0.317 -2.30 -3.12 -3.21 -2.53 -1.45 -1.17 -0.55 -0.53 -2.19 -2.05 -7.38 -8.01 -6.96 -7.71 -6.48 -6.37 -6.05 -5.87 -5.97 -7.69 -7.46 -7.32 -8.57 -8.36 -7.92 -7.75 -6.91 -6.41 -5.12 -5.14 -4.85 -5.00 -4.62 -4.20 -4.31 -4.22 -4.09 -3.63 -3.59 -3.73 -3.68 -3.73 -3.49 -2.63 -2.65 -2.79 -2.70 -2.27 -2.32 -1.99 -2.36 
3.700 8.403 13.51 5.735 15.05 -0.78 1.787 -2.36 -2.44 -2.85 -3.67 -3.90 -4.53 -4.17 -3.96 -3.45 -0.32 -3.88 -3.83 -2.79 -2.50 -2.63 -5.09 -4.91 -1.90 -1.67 -1.60 -1.79 -1.30 -1.44 -2.30 -2.08 -0.45 0.717 1.058 0.549 0.526 2.265 2.719 2.323 2.309 2.335 1.838 1.495 1.741 2.712 2.550 1.311 1.284 0.906 1.584 2.186 1.083 1.671 2.097 2.040 2.319 2.257 2.188 2.290 
-1.63 -4.76 20.85 13.59 10.22 15.97 14.42 16.19 15.54 14.24 12.82 8.655 6.465 9.515 12.68 12.08 12.39 11.72 11.01 13.40 12.98 7.577 6.555 6.375 5.594 4.672 4.587 4.846 2.973 2.222 2.526 2.316 2.842 4.221 2.771 3.251 3.269 4.009 3.900 3.395 3.604 3.110 3.313 4.916 5.333 5.443 7.564 7.122 6.574 6.287 6.048 5.280 5.471 5.368 5.212 4.884 4.488 4.639 4.481 5.311 
89.33 47.25 41.93 42.62 32.00 32.07 26.14 23.04 21.07 21.05 19.12 16.86 17.19 17.59 19.18 17.90 17.04 11.94 12.02 11.26 10.10 9.486 9.083 11.96 9.443 9.063 9.541 10.41 9.802 9.163 8.703 7.863 7.618 7.487 7.384 7.657 7.297 5.925 5.318 4.867 4.858 4.462 3.634 3.609 3.542 2.942 2.456 5.026 4.494 4.434 4.516 5.126 4.624 4.465 4.764 4.718 1.105 1.103 2.647 2.616 
96.49 60.40 31.45 36.98 50.46 43.68 39.37 32.90 26.39 22.71 23.37 20.88 16.61 16.08 12.60 12.11 14.61 14.43 13.84 13.10 12.16 14.24 13.36 13.09 10.64 9.087 8.529 7.962 6.964 6.759 5.767 5.649 6.308 6.111 6.013 6.296 6.751 6.315 6.038 6.095 5.958 3.696 4.063 4.002 5.077 4.685 4.399 2.869 2.787 1.154 3.493 4.465 4.377 4.298 4.131 3.850 3.774 3.410 3.713 4.170 
2.777 2.010 -3.38 4.088 3.110 24.39 16.45 17.45 14.55 15.36 12.36 13.64 15.55 13.89 9.318 9.965 10.65 8.275 10.52 9.361 7.411 6.985 6.568 6.162 6.882 11.77 11.31 11.66 11.18 10.83 10.30 10.93 9.933 9.514 9.371 9.071 10.92 10.78 10.32 8.173 7.729 6.065 5.932 5.489 5.347 4.041 4.079 2.815 2.733 3.300 3.059 2.985 3.258 2.857 2.806 3.172 3.464 3.756 3.689 4.885 
-5.32 6.875 4.621 4.234 3.564 0.070 2.271 1.533 2.648 2.402 7.182 3.494 2.936 -2.11 -2.55 -9.02 -7.14 -6.51 -5.21 -3.23 -2.91 -2.83 -5.12 -6.13 -4.99 -5.87 -4.20 -4.05 -6.24 -5.46 -4.74 -4.42 -3.26 -4.71 -6.83 -7.24 -7.98 -9.85 -9.87 -9.47 -8.90 -8.88 -9.03 -8.98 -7.96 -7.80 -7.57 -7.93 -7.77 -8.44 -8.36 -9.36 -8.78 -8.58 -8.43 -8.49 -8.38 -7.96 -8.52 -7.18 
-15.4 6.333 -2.89 -2.66 -6.61 6.944 25.60 24.68 20.44 18.36 15.81 15.14 9.858 9.733 7.952 8.531 13.21 15.77 14.80 14.28 13.49 13.13 13.58 12.96 13.02 9.257 12.14 11.73 11.08 11.40 11.02 10.12 9.927 11.04 11.10 10.75 10.66 10.85 11.54 11.59 11.42 11.27 10.99 11.37 10.75 10.82 10.33 9.608 9.766 9.625 10.53 10.35 10.18 9.444 9.228 9.000 8.802 8.510 8.414 8.296 
10.05 -9.73 -6.15 3.870 2.097 0.862 -2.81 4.050 2.614 -7.62 -8.28 -9.59 -9.65 -9.10 -7.79 -8.09 -10.0 -6.31 -4.59 -4.18 -5.37 -4.27 -3.23 -3.32 -2.69 -3.04 -1.68 -2.33 -2.26 -1.83 -2.87 -3.47 -3.44 -3.45 -3.35 -4.80 -4.56 -3.62 -3.44 -3.61 -3.41 -3.01 -2.44 -2.34 -2.44 -1.96 -1.91 -1.85 -1.95 -1.71 -1.69 -1.63 -1.30 -1.62 -1.20 -0.88 -0.91 -0.74 -0.67 -2.55 
51.71 23.47 16.00 12.20 16.55 16.69 12.75 10.66 10.70 10.99 9.164 8.371 8.053 7.220 7.175 6.663 9.129 2.657 6.075 5.718 7.670 10.09 10.37 10.14 10.07 9.223 10.01 8.738 8.893 7.937 7.809 7.410 8.514 12.85 12.45 12.08 11.70 11.40 11.13 11.08 10.57 9.408 8.492 8.129 8.716 8.188 6.906 4.860 4.713 4.621 4.628 4.701 4.553 4.566 4.553 3.869 3.796 3.592 3.330 3.475 
20.99 11.35 7.154 14.19 11.38 7.961 7.620 5.945 4.300 -0.21 -1.73 -1.47 -0.39 0.192 0.106 -2.84 -4.08 -1.75 -0.57 0.191 -0.39 -0.34 -2.36 -1.61 -0.91 -0.11 -0.12 -0.05 -1.21 -0.48 -1.07 -1.95 -0.52 -0.44 -1.20 0.905 0.706 0.675 1.441 1.882 1.824 1.886 2.113 2.060 3.159 3.199 3.703 3.663 2.952 2.843 2.938 2.978 2.760 2.198 1.575 0.763 0.753 1.540 3.268 2.903 
2.616 5.536 31.99 25.67 16.23 7.277 6.597 8.022 8.901 9.317 14.44 12.39 9.137 10.53 10.27 15.43 14.78 9.682 9.628 8.178 10.19 9.744 10.29 10.86 10.13 9.560 9.253 9.032 6.748 7.254 6.292 5.930 5.642 5.408 5.031 4.690 4.565 5.788 4.576 3.910 3.530 3.204 4.172 2.701 2.690 2.595 2.608 1.398 1.864 5.667 5.392 5.323 5.163 5.761 4.900 5.191 3.978 3.863 3.872 4.298 
-6.09 7.899 6.000 5.697 4.717 14.53 12.10 13.22 11.08 10.14 9.877 11.65 9.865 11.06 10.18 9.472 8.923 8.550 8.017 6.757 5.054 4.645 4.438 4.206 3.768 3.974 4.101 3.656 4.102 7.414 7.056 7.091 7.327 7.739 7.379 6.473 4.897 5.148 5.155 4.777 5.039 6.707 6.565 5.966 5.180 4.992 4.882 3.406 4.207 3.311 3.523 3.422 3.607 3.540 4.120 4.062 3.710 3.909 3.378 3.147 
19.55 -41.6 -27.1 -16.6 -26.1 -21.3 -13.6 -8.44 -8.23 3.311 3.187 2.898 4.526 3.873 2.771 6.919 4.519 4.449 4.630 4.482 3.104 3.077 2.999 2.271 2.472 2.248 1.342 1.117 1.497 -0.50 0.329 0.096 1.140 1.141 -0.71 -0.05 -0.22 0.793 0.737 0.412 0.360 -0.33 -0.39 -1.49 -1.53 -1.03 -1.61 -2.49 -1.52 -0.99 -0.93 -1.64 0.204 0.220 0.231 -0.29 -0.24 -0.35 -0.33 -0.26 
-8.72 -7.39 -2.12 6.983 13.18 13.28 11.09 16.84 24.38 14.73 14.03 25.08 19.51 17.72 16.16 7.293 5.608 6.723 4.879 4.487 3.955 5.004 7.152 6.612 7.284 6.802 6.539 6.335 6.065 6.278 5.827 5.812 5.555 6.871 6.552 6.364 5.481 6.171 5.708 5.566 5.362 5.167 5.254 6.598 6.051 5.923 6.498 6.091 6.224 6.576 6.223 5.948 5.792 6.461 6.384 5.664 6.081 5.692 5.439 5.798 
-0.73 -43.6 -31.2 -16.7 -16.2 -21.4 -16.4 -16.4 -7.97 -7.18 -6.74 -5.63 -5.13 -3.03 -4.28 -3.93 -3.71 -3.75 -3.89 -3.79 -6.35 -6.01 -5.74 -6.18 -5.57 -6.28 -5.96 -5.94 -4.55 -2.30 -1.57 -1.40 -0.37 0.347 0.572 0.610 1.725 2.505 0.222 -0.03 -0.21 0.020 1.236 1.391 1.587 1.366 1.177 1.183 0.751 0.687 0.523 -1.73 -1.65 -1.78 -1.74 -2.26 -2.34 -2.18 -2.65 -2.52 
45.17 48.49 14.84 11.37 10.10 10.00 5.452 3.896 3.125 3.436 3.245 2.034 12.72 12.22 11.46 7.683 2.865 1.923 2.012 2.202 -0.66 -2.18 -0.55 -0.51 -1.05 -1.16 -0.44 -0.26 -0.12 -0.58 -1.33 -1.46 1.723 1.437 1.946 2.358 2.047 2.245 2.092 1.771 1.502 1.248 1.321 0.741 1.356 2.923 2.776 2.035 2.075 1.719 2.095 2.142 2.504 2.427 2.461 3.282 3.261 2.974 3.424 3.364 
92.26 45.84 31.07 15.63 11.90 10.00 14.53 12.91 16.65 13.66 12.54 22.95 21.48 20.89 20.92 19.61 18.60 17.80 16.05 16.72 15.94 15.51 14.82 14.82 13.13 12.81 12.18 11.75 14.45 13.22 12.80 13.58 12.66 13.31 13.24 12.33 12.70 12.89 12.22 12.21 11.90 11.69 11.59 11.50 10.90 9.964 9.768 8.787 9.111 8.183 8.013 8.067 7.747 7.619 7.172 6.144 5.403 5.571 5.429 6.914 
4.335 30.40 17.77 5.744 -4.75 -4.36 0.026 3.312 0.469 2.206 0.629 -3.16 -2.92 -3.72 -5.84 -2.77 -2.32 -8.25 -7.57 -7.71 -6.15 -6.28 -3.82 -3.88 -4.08 -2.99 -3.13 -3.05 -3.41 -3.75 -4.47 -6.74 -6.57 -6.90 -7.15 -7.30 -9.36 -9.17 -9.14 -9.35 -14.7 -12.7 -11.9 -11.7 -11.4 -11.3 -10.6 -10.0 -10.3 -11.7 -11.4 -10.3 -10.1 -9.47 -9.36 -8.97 -8.64 -8.13 -8.07 -8.12 
25.77 36.29 23.01 27.28 23.20 19.78 13.67 11.93 8.743 7.762 8.426 8.161 6.651 5.762 5.023 6.550 8.127 7.305 7.835 5.381 3.394 3.636 4.002 3.835 3.309 2.866 2.332 4.377 4.266 4.871 4.336 3.739 3.171 2.568 3.404 3.461 3.475 3.382 3.475 3.104 3.033 2.000 0.508 0.474 0.437 1.709 0.896 0.624 0.676 1.733 1.312 1.008 0.975 1.001 1.175 1.043 0.060 1.529 1.282 1.229 
-5.49 -46.9 -30.6 -24.1 -27.0 -7.30 -6.19 11.01 8.470 7.548 8.856 17.28 15.26 11.59 9.426 7.258 8.352 7.307 6.251 6.133 5.683 3.681 4.015 3.695 4.027 6.288 5.065 5.037 5.269 5.139 4.976 6.716 6.581 5.675 5.739 8.722 7.949 6.654 5.570 5.447 5.252 5.054 5.116 5.619 4.440 4.822 4.604 2.830 2.770 2.097 2.168 2.364 2.038 2.416 2.343 2.917 2.291 2.234 2.292 2.565 
-49.4 -25.8 -17.1 -12.2 -6.61 -5.71 -3.13 -2.15 -6.31 -4.24 -5.47 -5.42 -4.84 -4.56 -4.61 -5.77 -5.20 -8.13 -8.13 -8.28 -7.81 -5.99 -4.32 -4.08 -5.20 -5.65 -4.73 -4.43 -5.32 -5.37 -5.50 -5.39 -3.52 -3.12 -3.54 -3.44 -3.51 -5.31 -4.13 -4.16 -4.06 -4.14 -4.03 -4.03 -4.08 -4.14 -3.92 -4.23 -4.32 -4.31 -4.36 -3.84 -2.84 -2.74 -2.91 -2.95 -3.82 -3.80 -3.77 -3.70 
61.31 31.48 21.83 16.11 29.29 31.87 24.90 22.09 14.75 12.87 11.25 6.677 6.360 8.176 8.773 7.783 7.470 7.606 5.798 5.030 5.327 5.172 5.157 4.284 5.901 5.876 5.916 5.132 1.989 2.338 2.363 1.938 0.964 0.229 -1.30 -1.11 0.044 -1.22 -1.19 -1.39 -2.52 -2.76 -2.77 -2.69 -1.57 -1.47 0.719 0.999 0.939 0.826 0.844 1.156 1.039 0.624 1.784 2.049 2.334 1.996 0.842 0.832 
33.55 15.26 10.69 1.276 2.019 2.420 3.491 2.993 0.316 2.931 2.698 2.646 3.582 3.617 3.844 5.419 4.419 3.071 2.911 2.653 2.532 2.034 1.948 2.221 2.138 2.156 1.534 0.851 0.871 0.355 -0.81 1.881 1.421 1.753 2.636 1.670 1.261 1.017 1.441 -0.66 -2.28 -1.38 -0.04 0.020 0.615 0.939 0.612 0.417 0.224 1.798 2.671 2.480 3.365 3.299 3.368 3.199 3.130 3.640 2.839 2.143 
-20.8 -11.3 6.110 2.314 1.096 -1.16 -4.62 3.108 1.634 7.450 8.058 8.874 7.540 9.048 8.919 6.242 8.458 9.907 13.28 12.74 9.777 9.084 9.432 7.627 7.650 6.353 6.350 8.607 8.429 7.867 7.412 8.723 8.160 8.059 7.656 7.162 7.164 7.070 6.976 5.911 6.144 5.498 12.02 10.53 10.45 10.60 11.54 12.25 12.04 11.80 10.26 10.33 9.779 9.222 8.569 8.416 8.264 8.436 8.519 8.377 
18.51 10.12 4.778 8.626 7.617 6.207 5.066 4.663 4.510 3.289 -11.9 -11.1 -8.94 -8.71 -7.56 -6.19 -5.83 -5.48 -4.35 -3.79 -3.10 -2.96 -2.86 -3.22 -2.86 -1.31 1.867 2.398 2.878 0.211 0.929 7.453 7.967 7.653 8.906 8.705 8.399 8.900 9.702 9.833 9.795 8.634 8.468 6.566 6.650 5.503 5.371 5.640 5.467 4.727 4.409 4.932 4.870 4.655 4.561 5.238 5.346 5.116 4.448 4.966 
-14.2 -6.16 -4.40 -3.21 -7.32 15.30 13.24 12.27 10.47 9.720 9.088 16.68 15.82 7.860 9.781 9.236 8.416 8.070 7.538 8.179 7.756 7.566 7.406 7.061 7.288 7.288 7.010 7.220 7.311 6.805 6.976 7.523 8.183 7.706 8.722 8.494 7.615 9.315 9.163 6.906 6.985 6.185 5.876 6.257 5.838 6.353 6.143 6.050 5.698 6.235 6.042 5.965 6.056 5.700 5.533 4.979 5.086 3.984 5.069 4.640 
70.26 50.29 46.48 33.79 21.72 18.00 20.04 15.41 18.14 17.96 18.71 19.94 18.15 14.59 13.15 13.33 8.679 7.954 7.358 6.853 7.162 6.878 5.616 5.789 5.680 5.093 4.917 4.905 5.308 5.088 5.005 2.656 3.843 1.175 2.047 2.527 1.585 3.190 2.473 2.619 2.399 2.231 2.028 2.001 3.150 2.647 4.602 4.332 4.776 5.082 4.877 4.742 4.646 4.459 3.854 3.433 3.203 3.146 3.127 3.103 
41.90 16.61 11.07 84.28 67.93 52.72 45.47 40.72 35.34 40.58 38.04 33.70 35.08 33.04 31.21 30.13 27.90 26.39 25.08 26.31 22.60 22.36 22.06 23.56 26.09 25.20 24.56 24.19 23.73 22.95 21.42 20.60 19.30 18.31 17.56 17.73 17.08 17.65 17.22 15.06 15.98 14.79 14.24 13.75 13.47 12.98 12.94 12.61 12.47 12.24 12.50 12.26 12.18 11.80 11.71 11.56 11.38 11.09 10.20 10.02 
-33.7 -16.9 -12.2 -10.0 3.651 2.413 1.770 1.497 2.414 2.696 -5.70 -6.39 -5.67 -5.06 -4.81 -3.38 -6.26 -6.24 -7.14 -6.16 -5.90 -7.52 -5.96 -7.34 -7.19 -7.29 -6.72 -6.01 -5.43 -4.46 -4.30 -4.08 -3.80 -2.31 -2.36 -0.67 0.134 -0.06 0.003 -0.26 -0.29 -0.28 0.521 0.496 0.384 -0.11 -0.50 -0.34 -0.70 -1.17 -1.07 -2.13 -2.00 -1.34 -0.84 -1.02 -0.70 -0.69 -0.04 0.387 
0.905 -3.99 -2.85 -1.12 -8.68 -8.00 -6.36 -5.49 -2.79 -1.64 -4.20 -3.99 -3.28 -4.73 -8.74 -10.9 -6.89 -3.96 2.556 5.695 6.440 4.989 5.361 2.849 2.735 2.594 2.922 7.447 6.817 5.949 5.786 5.064 4.848 4.655 4.503 3.753 1.954 -1.88 -1.88 -1.86 -2.53 -2.01 -1.93 -1.83 -1.67 -1.43 -0.39 -0.26 0.890 0.888 0.852 -0.52 -0.38 -0.73 -0.65 -0.58 0.585 0.798 1.142 1.006 
-38.0 -10.6 -7.28 2.993 -1.11 -1.26 2.230 11.03 5.373 8.099 4.323 -0.50 0.287 2.231 0.749 -0.27 0.065 -5.59 -3.87 -3.75 -5.29 -5.38 -5.05 -4.82 -4.22 -4.08 -3.62 -4.03 -3.88 -4.07 -3.81 -2.65 -2.48 0.521 -0.05 0.044 3.016 3.304 3.828 3.818 3.781 5.386 6.361 6.046 5.948 5.872 5.648 4.593 4.077 4.488 4.891 4.958 4.636 5.200 5.177 4.661 5.982 5.877 5.830 5.754 
88.33 58.92 36.36 27.58 22.96 19.95 15.86 14.83 13.02 11.59 11.40 11.68 11.37 7.356 6.417 5.502 5.333 4.623 4.371 4.212 2.471 1.505 2.433 2.545 2.520 2.545 2.530 3.042 3.534 4.862 4.711 4.564 4.408 2.859 2.824 4.137 4.099 2.226 1.699 1.871 2.075 1.601 3.112 2.975 2.983 2.237 1.593 0.080 -0.76 -1.35 -1.55 -0.87 -0.95 -0.74 -0.03 -0.06 1.567 0.870 0.745 1.258 
54.00 17.77 12.81 7.530 3.868 3.050 2.534 3.978 4.538 4.175 3.595 3.465 4.510 4.608 4.978 -0.25 -0.60 4.319 6.270 5.048 5.094 5.301 5.072 6.018 0.852 0.183 0.957 0.918 0.498 0.455 0.559 0.338 -0.00 0.036 -0.36 0.235 0.420 2.942 2.078 2.554 3.096 1.005 0.971 1.380 1.507 1.968 1.570 1.879 1.744 2.975 3.194 2.657 1.611 1.379 0.843 0.708 0.683 0.434 0.656 1.141 
-7.72 33.85 21.87 16.65 11.45 10.62 8.666 7.756 3.031 9.468 9.329 7.837 11.37 10.58 9.827 9.697 8.963 7.802 7.764 6.940 6.585 6.070 6.048 6.303 6.771 7.136 6.941 6.630 6.269 6.114 6.100 5.499 5.470 5.151 5.254 5.598 4.418 4.243 4.577 4.747 4.644 4.237 3.725 2.530 2.231 2.387 2.681 2.874 2.858 2.915 3.046 2.801 3.328 3.287 2.944 2.507 1.990 2.731 2.879 2.826 
8.335 -12.3 -9.17 -2.14 -4.75 -5.41 -2.35 -2.15 -1.15 2.224 6.350 1.628 0.466 -0.65 -10.1 -9.37 -8.15 -10.6 -7.45 -7.09 -6.80 -6.33 -6.38 -5.47 -5.08 -6.20 -6.62 -6.45 -6.53 -6.57 -6.83 -6.77 -6.58 -6.63 -6.86 -6.93 -6.16 -6.15 -6.01 -6.33 -5.71 -5.41 -4.07 -3.93 -3.90 -3.39 -3.15 -0.25 -0.34 -0.39 -2.16 -2.23 -2.85 -2.78 -1.90 -1.70 -1.80 -1.87 -1.84 -1.96 
0.172 22.27 9.640 15.45 13.88 8.053 9.241 3.133 0.565 -1.16 -2.27 -5.72 -6.03 -7.25 -7.10 -5.06 -3.50 -3.56 -3.29 -2.00 -5.23 -1.96 -2.54 -1.86 -2.09 -2.21 -2.65 -1.48 -1.76 0.393 0.316 0.457 0.212 -0.07 -1.21 -0.64 -1.12 -1.09 -1.20 -1.96 -2.67 -2.53 -2.46 -2.33 -2.32 -0.33 -0.34 -0.33 0.190 4.097 4.174 4.146 4.369 4.507 3.910 3.954 3.877 3.111 2.546 2.487 
-7.62 -15.7 -6.40 -11.6 -16.2 -10.9 -8.80 0.945 1.737 -1.34 -1.32 -4.46 -4.14 -2.52 -5.46 -5.52 -5.21 -5.59 -5.47 -5.72 -5.46 -5.28 -4.62 -3.41 -1.55 -1.55 -1.46 1.115 0.180 0.176 0.017 -0.03 -0.02 0.600 2.198 2.162 2.395 2.657 3.197 1.744 2.052 1.899 3.192 3.133 2.808 2.842 2.779 2.787 3.572 3.592 4.571 3.873 3.843 3.710 3.998 4.131 4.152 2.992 3.653 2.594 
39.50 5.670 5.748 4.868 4.257 3.483 3.295 3.216 3.245 1.860 2.457 1.171 -1.26 0.204 -2.58 -2.21 -1.80 -2.38 -3.03 -2.98 -1.72 -1.70 -1.29 0.601 -6.65 -6.17 -5.71 -5.62 -6.44 -6.65 -6.04 -5.76 -3.90 -3.77 -3.22 -2.20 -2.32 -3.73 -3.53 -3.47 -3.41 -3.62 -2.71 -2.70 -0.84 0.633 1.468 3.718 4.068 4.079 4.213 4.019 3.848 2.954 2.964 2.924 2.684 3.415 3.789 3.331 
5.449 5.642 7.371 5.643 7.519 15.11 12.38 9.508 6.846 6.995 6.383 6.052 5.051 5.597 4.976 6.061 4.021 3.615 3.192 2.973 5.285 5.175 5.089 4.836 4.630 4.294 5.372 4.871 4.889 5.228 5.646 4.953 4.711 4.523 4.204 4.685 4.858 4.154 5.494 5.061 5.546 6.183 5.572 5.438 5.272 5.162 4.093 3.995 3.689 3.475 3.214 3.426 4.196 5.183 4.127 3.979 4.234 4.167 4.263 3.913 
9.142 -0.18 1.106 -3.52 -1.49 11.11 8.265 6.431 17.32 16.30 11.89 7.682 5.389 8.236 6.177 6.408 5.192 5.627 3.233 2.961 2.761 2.548 0.068 0.233 0.645 0.528 0.318 0.321 0.127 0.133 -1.46 -1.68 -1.71 -3.53 -3.86 -4.53 -3.06 -1.82 -1.62 -1.42 -1.29 -0.51 -0.57 -1.13 -1.29 -0.15 -0.03 -0.17 -1.42 -1.58 -1.14 -0.36 -0.32 -0.39 -0.50 0.707 1.399 1.387 2.263 2.227 
1.489 -2.17 3.454 3.346 2.192 6.585 5.506 3.421 3.086 2.723 2.496 3.546 2.097 -0.44 7.136 6.388 7.034 9.780 12.49 10.69 11.98 12.09 11.18 10.16 9.925 9.750 9.010 8.496 4.944 7.042 6.623 7.181 6.880 6.661 6.477 7.496 7.291 7.954 8.344 8.135 7.627 6.487 6.649 5.334 3.995 5.533 5.596 4.782 5.177 5.078 5.047 4.846 3.674 3.550 3.942 3.751 3.715 3.377 3.376 3.295 
44.27 26.93 20.26 10.65 21.27 14.20 13.93 11.98 11.34 10.20 10.02 10.03 10.25 9.175 8.986 8.008 7.476 7.521 6.374 6.256 5.853 4.239 4.451 3.421 3.382 2.672 3.044 4.493 2.899 2.586 2.484 2.563 1.740 1.882 1.126 1.049 1.261 1.093 0.456 -0.96 -0.14 -0.74 -0.69 -0.09 -0.23 -0.12 0.055 -0.25 -0.59 -0.54 -1.06 -1.04 -1.29 -1.29 -1.26 -1.33 -1.03 -0.84 -0.89 0.617 
-45.9 -22.2 -19.6 -13.6 -21.6 -18.0 -16.7 0.731 1.583 2.138 2.306 -0.57 2.756 -0.37 0.146 2.098 8.678 8.136 8.030 8.942 8.137 5.901 5.574 9.026 8.263 8.296 9.779 9.319 9.329 8.787 8.492 8.400 9.183 8.929 8.709 9.392 9.132 8.464 8.770 8.566 8.280 9.651 9.432 8.769 9.400 8.287 8.325 8.172 8.522 8.088 8.271 8.350 8.240 9.059 8.734 8.562 6.629 7.086 6.967 6.973 
16.55 8.083 13.99 -10.9 -2.40 -1.77 -4.77 -6.92 -5.88 -6.12 -7.38 -7.00 -4.68 -3.78 -3.70 -2.41 -2.75 -3.10 3.661 3.462 3.093 2.238 4.035 3.842 3.290 3.495 3.289 3.354 3.494 3.054 2.557 2.469 2.296 1.859 2.224 1.873 1.670 1.560 1.971 1.923 2.684 2.208 2.310 2.217 1.806 2.213 1.993 2.077 1.600 1.557 0.892 0.945 0.729 0.650 0.362 0.362 0.416 1.483 1.253 1.486 
-2.85 -0.94 10.10 11.76 10.18 10.95 23.54 28.03 29.80 27.07 24.36 28.23 26.09 24.61 22.95 21.89 19.91 18.80 18.35 17.70 17.74 18.84 17.53 16.96 15.33 13.75 14.85 14.38 15.88 15.32 16.09 15.65 14.06 10.50 10.28 5.954 0.966 2.417 2.759 4.574 4.324 4.697 5.467 5.231 4.413 3.919 3.925 1.682 1.119 3.772 3.313 4.797 4.716 3.894 3.913 3.821 4.578 4.353 5.478 5.212 
-2.52 -3.38 -2.98 -2.55 -1.64 -1.63 3.015 3.097 20.35 17.66 19.55 18.22 17.03 16.25 16.47 13.34 12.81 12.28 10.46 10.13 11.63 11.37 10.86 8.808 8.419 4.353 4.548 4.517 4.433 4.606 4.456 3.555 3.397 3.602 1.113 1.534 1.644 1.770 2.565 2.725 3.071 3.523 4.099 4.199 4.184 4.095 3.805 3.762 3.477 3.415 3.364 3.125 3.727 -0.22 -0.07 -0.26 -0.35 3.287 4.035 4.005 
0.356 2.772 3.085 -0.96 -2.53 3.372 1.757 1.213 0.998 -0.59 1.190 -1.16 -1.43 -0.42 0.350 0.943 6.267 5.907 4.675 6.388 5.517 5.454 3.035 2.974 3.738 3.878 5.254 4.983 5.814 5.197 6.431 5.844 5.970 5.771 5.450 5.401 7.445 8.446 8.097 8.039 7.789 9.442 9.505 10.55 9.834 10.56 9.459 9.237 11.60 11.36 11.15 10.94 11.31 11.17 11.72 12.91 13.29 13.41 13.00 12.61 
0.989 4.439 1.055 2.696 7.141 3.128 5.119 4.469 3.695 4.493 -5.54 -5.07 -3.54 -3.55 -3.66 -1.88 -2.23 -0.97 -3.33 -3.10 -2.98 -2.81 -2.93 -3.27 -3.35 -3.72 -7.32 -7.02 -7.66 -7.77 -7.19 -7.04 -5.24 -5.80 -5.47 -5.31 -5.57 -4.84 -4.54 -4.41 -4.54 -4.30 -3.93 -3.78 -3.45 -3.48 -3.98 -4.02 -3.74 -3.58 -3.63 -3.81 -3.18 -3.68 -2.99 -3.62 -2.95 -3.36 -2.85 -2.64 
-15.6 -10.2 -5.66 -8.30 1.377 5.790 1.546 1.053 3.899 -0.27 0.125 -0.28 -0.46 -2.61 -2.89 -2.07 -4.35 -4.44 -5.36 -3.84 -4.51 -2.72 -3.08 -2.10 -2.15 -1.93 -1.47 -1.68 -1.58 -1.64 -2.62 -3.25 -2.20 -2.63 -3.65 -3.93 -3.88 -3.93 -3.86 -2.80 -2.55 -2.30 -1.43 -1.73 -0.06 0.605 1.219 0.377 0.246 0.218 0.570 0.334 0.863 0.511 0.743 0.645 0.666 0.599 0.076 2.263 
-2.37 2.316 0.087 -1.26 -4.01 -2.83 -2.62 -3.41 -4.23 -2.07 -1.46 -1.00 -2.67 0.528 -2.81 0.759 -0.24 -1.28 -1.02 -4.20 -3.52 -3.56 -0.88 -0.70 0.051 0.319 -1.06 -0.93 -0.00 -0.06 -0.11 -0.46 -0.57 -0.52 -1.11 -0.94 -1.82 -1.60 -1.43 -0.80 -1.48 -1.26 -1.90 -0.55 -1.43 -0.82 -0.80 -1.45 -0.28 -0.34 -0.06 -0.08 -0.05 -0.34 -0.34 -0.23 -0.29 0.585 0.545 -0.36 
25.41 12.73 8.477 6.574 6.064 6.220 0.335 2.810 2.595 -1.25 -0.55 -0.59 3.698 1.547 3.617 2.268 2.138 1.783 1.516 2.667 4.053 4.305 3.242 9.921 6.435 6.149 5.649 5.497 5.129 6.788 6.532 6.141 6.165 5.761 4.268 3.812 4.022 4.160 4.018 2.536 2.605 1.869 1.479 1.451 1.419 0.975 0.797 1.167 -0.19 0.416 0.825 0.810 0.842 0.838 -0.17 -0.19 -0.42 -0.32 -0.01 0.763 
30.01 6.253 -4.23 -1.01 -0.34 -0.46 2.847 3.691 7.606 5.817 -0.02 5.466 12.52 13.19 12.67 12.43 11.69 10.63 11.98 11.85 11.13 11.71 10.89 10.80 6.238 5.588 5.758 5.756 5.624 4.679 4.903 4.735 4.676 4.552 5.019 6.307 6.077 6.130 6.179 6.105 5.905 5.761 5.194 4.929 4.874 4.754 4.383 4.532 4.717 4.641 4.728 5.536 7.527 7.177 6.818 7.003 6.787 6.717 6.685 6.501 
53.37 27.70 21.39 19.74 14.05 10.74 12.78 12.06 7.812 6.991 6.225 11.89 11.63 12.34 11.84 12.13 12.61 12.17 10.65 9.983 8.421 8.921 11.93 11.85 11.34 9.935 6.510 5.599 5.217 6.727 6.443 6.224 6.038 5.923 5.094 4.909 4.897 4.753 4.955 5.071 4.689 6.071 6.046 6.061 7.383 7.233 7.839 7.646 7.597 7.185 6.771 6.904 6.809 6.657 6.508 6.478 6.504 7.798 7.871 7.742 
3.291 8.222 1.532 -2.21 -4.05 3.430 4.782 7.341 6.505 5.459 5.071 3.549 3.355 2.416 3.978 4.070 5.389 5.038 4.710 4.238 2.441 0.912 0.666 0.850 1.465 3.611 4.314 5.339 5.213 5.831 4.634 4.770 4.851 4.645 3.469 2.779 2.649 2.652 2.274 1.758 3.242 2.780 1.283 1.165 0.974 1.047 -1.52 -0.50 -0.51 -0.75 -0.82 -0.80 -0.84 -0.87 -0.93 -0.90 -0.68 -0.69 -0.87 -0.93 
-1.85 13.74 11.96 10.88 8.572 7.463 1.738 8.905 12.11 8.209 8.596 5.343 5.347 9.809 7.083 3.555 4.589 6.794 6.355 7.527 6.792 6.948 6.314 5.183 4.920 4.730 3.686 3.416 3.104 3.037 3.415 3.085 2.541 1.442 -1.01 -1.07 -0.85 -1.69 -1.69 -2.95 -2.55 -2.46 -1.23 -0.96 -0.91 -1.17 -1.35 -2.34 -2.17 -1.61 -2.24 -1.92 -2.92 -2.83 -2.64 -1.60 -1.53 -1.63 -1.55 -0.99 
-12.3 -8.59 -16.3 -14.0 -11.7 -12.4 -9.51 -11.9 -9.88 -12.3 -11.1 -17.2 -14.7 -13.9 -13.7 -12.4 -16.2 -14.5 -11.9 -11.5 -11.7 -11.1 -10.1 -10.7 -9.87 -9.85 -11.5 -11.1 -10.7 -10.3 -9.99 -10.5 -10.4 -8.31 -6.87 -6.56 -9.70 -9.30 -9.12 -8.62 -8.88 -8.70 -8.61 -8.65 -6.81 -6.41 -6.38 -7.87 -8.76 -9.30 -7.47 -7.44 -7.35 -6.13 -5.95 -5.75 -5.68 -5.52 -5.42 -5.25 
70.02 63.36 53.58 56.19 44.61 36.04 28.14 23.31 24.95 21.62 19.98 18.26 17.49 16.29 15.77 14.25 14.15 12.88 14.44 13.99 12.67 12.52 11.95 11.46 11.29 11.04 11.03 8.441 8.050 10.89 10.29 8.370 8.294 5.665 5.218 4.557 4.387 4.643 4.531 2.795 2.472 2.294 2.250 2.372 2.717 2.682 3.020 3.000 3.736 3.531 5.222 5.032 6.487 6.024 6.048 5.887 5.891 5.713 5.149 4.148 
67.06 30.01 13.68 10.42 16.84 8.748 5.379 3.164 -1.07 -3.31 -7.05 -3.43 -2.96 -2.09 -4.27 -3.45 -3.39 -3.95 -4.47 -6.30 -6.88 -6.47 -7.14 -6.95 3.199 1.453 1.763 1.641 1.611 1.745 1.054 2.109 2.064 2.029 0.848 0.188 0.270 -0.50 -0.30 -0.51 -0.57 -0.84 -0.06 -0.91 -1.15 -1.03 -0.95 -0.89 -0.81 -0.96 -2.03 -2.33 -2.43 -2.53 -3.19 -2.28 -1.72 -1.76 -1.71 -1.53 
-9.17 17.30 9.016 9.202 27.30 21.90 4.342 4.926 5.030 3.997 4.261 3.812 3.185 0.879 3.713 1.250 -0.74 -2.12 -2.33 -2.31 -2.60 -1.53 -3.93 -3.70 -3.63 -4.32 -4.18 -3.15 -3.03 -2.81 -3.13 -2.67 -2.63 -1.98 -1.52 -1.79 -1.86 -1.75 -1.16 -1.02 -1.03 0.520 0.510 0.107 0.271 0.607 0.491 0.764 0.889 0.818 0.273 0.242 0.275 0.274 0.388 0.273 0.805 0.502 0.248 -0.30 
10.42 5.216 3.400 2.343 -6.54 -8.19 -7.72 -9.27 -4.20 -2.89 15.42 15.85 15.08 17.95 14.45 12.84 10.99 10.53 11.43 17.01 17.18 13.69 12.73 12.27 10.43 10.25 12.71 11.84 10.96 10.70 11.20 6.591 6.294 6.131 5.689 5.352 5.359 5.319 5.263 5.280 5.081 4.536 4.425 5.056 5.355 5.019 4.655 4.565 3.899 3.624 3.454 3.746 4.341 4.127 3.795 3.000 2.960 2.819 3.158 2.947 
1.475 -2.09 5.190 6.581 0.603 2.874 -3.19 1.366 2.163 5.216 4.836 11.21 12.12 16.42 15.26 18.86 18.24 23.81 21.32 20.13 23.20 22.37 22.08 21.34 22.89 21.20 20.07 19.27 20.27 20.73 19.87 19.78 21.13 19.37 19.44 18.85 18.22 17.72 15.57 15.15 14.57 13.80 13.43 13.62 12.17 10.87 10.50 9.338 10.83 10.46 10.54 10.71 10.06 10.27 10.33 9.191 9.019 9.530 9.319 10.20 
23.68 20.27 13.12 9.323 10.72 11.13 12.96 6.968 10.09 9.091 8.264 7.579 7.018 13.46 12.61 10.89 12.94 12.14 12.03 11.48 8.539 8.293 13.19 12.87 10.84 10.70 10.76 10.85 10.38 10.06 9.216 8.537 1.286 1.678 1.753 2.752 3.068 3.646 3.467 3.893 4.454 4.081 2.883 2.906 2.675 2.586 2.527 1.406 0.945 1.143 2.078 1.931 1.754 1.680 2.047 2.485 2.441 0.234 -0.00 -0.11 
12.99 -20.4 -14.9 -23.5 -18.8 -19.8 -22.7 -20.0 -15.1 -17.8 -15.4 -9.42 -9.79 -10.4 -9.55 -12.5 -13.4 -12.5 -13.5 -14.2 -13.5 -12.9 -11.2 -10.1 -5.94 -5.12 -3.98 -4.83 -4.72 -4.58 -4.21 -3.18 -3.17 -3.22 -3.33 -2.66 -2.70 -2.59 -0.38 -0.43 -0.82 -1.27 -0.33 -2.14 -1.92 -1.67 -1.58 -1.27 -0.88 -1.18 -2.18 -2.39 -2.26 -1.54 -1.08 -1.08 -0.47 -0.86 -0.37 -0.37 
-14.7 6.009 2.486 -3.86 -10.0 -9.14 -6.64 -5.82 -9.53 -9.59 -9.00 -5.23 -6.10 -5.65 -11.2 -12.3 -12.1 -13.0 -13.7 -14.3 -14.0 -13.5 -10.8 -10.4 -10.3 -7.74 -9.07 -9.65 -9.86 -9.59 -9.23 -9.94 -9.39 -9.09 -8.53 -8.23 -7.56 -7.32 -6.81 -4.03 -4.16 -3.20 -3.19 -2.97 -2.99 -2.89 -3.41 -3.57 -4.47 -4.27 -4.57 -4.72 -4.76 -4.67 -5.97 -5.83 -5.89 -6.04 -5.34 -4.55 
13.02 8.465 5.244 5.120 2.761 2.268 3.131 4.189 7.521 7.780 7.160 8.083 8.730 8.035 7.829 8.823 8.662 12.95 14.99 15.31 15.56 16.03 15.28 14.49 15.08 13.60 13.21 10.88 10.33 12.00 11.77 12.08 10.50 10.30 9.959 13.32 13.10 14.51 14.23 13.90 14.05 13.53 13.43 13.05 13.01 12.52 13.49 13.23 13.97 16.42 16.08 15.54 16.41 15.54 15.54 15.23 15.19 15.04 15.57 15.62 
80.69 35.39 15.16 8.809 10.78 6.644 8.001 4.761 3.623 1.133 2.404 5.530 4.628 4.837 3.615 3.417 4.943 4.935 2.628 0.314 0.524 0.103 1.670 1.722 1.072 0.878 0.929 1.513 2.017 1.723 1.383 0.166 -0.05 0.184 0.123 -0.45 -0.12 1.543 1.703 1.342 1.792 2.463 2.410 2.099 1.558 2.577 2.233 2.834 2.576 2.142 2.496 2.569 2.407 2.318 1.756 1.997 2.086 0.770 0.683 1.233 
5.705 4.163 19.94 14.98 11.77 5.710 6.933 7.844 10.23 8.307 -2.09 -2.10 1.500 1.351 0.821 0.791 1.341 1.855 1.651 1.026 1.460 1.281 1.359 -2.13 -2.20 -2.86 -2.59 -1.82 -0.96 -0.88 -0.43 -0.78 -0.78 0.666 0.480 1.030 1.111 1.275 1.259 1.608 1.605 1.489 1.278 1.475 1.139 1.113 1.625 1.318 1.316 0.461 0.131 0.308 0.503 0.297 0.284 0.241 0.734 0.661 0.136 -0.79 
1.481 -0.42 -14.0 -13.7 -10.7 -9.74 -11.9 -11.4 -10.1 -9.08 -7.84 -1.91 -1.07 1.240 0.957 1.038 1.132 0.990 1.753 1.935 0.159 0.113 0.143 -0.41 -0.29 -0.04 0.737 2.274 5.358 4.600 5.125 3.134 3.195 1.806 1.661 1.823 2.915 2.430 4.484 5.058 4.977 5.654 5.660 4.964 4.850 4.881 3.785 2.752 2.900 2.964 2.671 3.278 3.200 3.143 3.461 3.688 3.204 3.188 3.162 3.086 
-39.0 -26.1 -19.1 -24.7 -15.2 -9.77 -8.38 -8.56 -7.69 -4.64 -5.22 -9.28 -9.41 -8.02 -7.47 -8.98 -9.06 -8.41 -8.34 -7.92 -8.07 -7.44 -9.42 -10.0 -9.88 -9.57 -10.7 -9.20 -8.71 -8.70 -9.14 -8.49 -7.98 -8.70 -8.41 -8.94 -8.49 -8.03 -9.60 -9.62 -8.59 -8.11 -7.07 -6.91 -5.90 -5.74 -5.57 -5.86 -5.74 -7.20 -5.98 -6.25 -6.23 -6.59 -6.79 -6.60 -6.74 -6.24 -5.89 -5.63 
81.89 28.66 25.42 20.86 22.87 13.74 7.161 4.423 5.277 4.300 4.255 5.146 3.671 2.427 -1.03 -1.53 -0.51 -0.50 -1.46 -1.56 -2.06 -1.89 -2.55 -1.85 -3.13 -3.04 -3.54 -3.46 -2.03 -1.38 -0.85 -0.85 0.716 0.667 1.851 -1.89 -1.46 -2.67 -2.54 -1.95 -3.13 -3.35 -3.59 -3.33 -1.66 -1.84 -2.35 -0.76 -1.12 -1.12 -1.13 -1.09 -0.92 -0.73 -0.70 -0.95 -1.01 -1.18 -1.30 -1.20 
-16.1 -6.58 -0.94 3.899 3.371 3.891 -2.66 8.058 15.95 13.35 13.86 12.72 11.26 10.07 13.85 12.30 11.53 10.88 9.726 8.514 7.868 7.554 7.755 7.137 5.881 5.533 4.730 4.648 3.921 4.247 4.124 4.019 3.949 3.713 3.768 3.823 3.550 1.443 2.650 2.668 2.503 2.271 2.228 2.197 2.120 2.228 2.181 2.765 2.224 2.220 3.004 3.125 3.112 5.003 4.786 4.975 5.189 5.066 4.868 5.030 
1.299 -0.69 6.742 6.347 5.025 5.164 4.046 3.727 4.614 1.518 9.381 7.555 6.049 5.101 4.087 3.370 3.737 3.473 3.097 3.882 3.577 3.990 3.503 9.140 9.691 9.070 9.054 7.919 8.632 9.743 9.579 9.357 9.163 9.024 10.81 10.39 10.11 8.301 8.488 8.341 8.110 8.217 7.678 7.571 7.691 7.718 7.882 7.683 6.696 6.452 6.375 6.653 6.499 6.249 6.489 5.910 5.818 5.767 5.637 5.307 
17.46 8.268 1.062 -0.89 -0.23 -0.98 0.501 0.497 1.005 8.215 9.230 8.922 10.48 11.24 8.317 8.948 7.944 7.056 6.879 4.309 3.772 3.599 3.240 2.933 2.655 2.550 3.353 3.168 2.734 2.592 3.030 2.835 2.452 2.277 2.297 0.044 0.119 -0.14 0.150 0.785 2.005 1.544 1.463 1.447 2.450 2.438 1.985 1.983 1.004 2.207 2.587 2.319 2.748 2.387 1.661 1.593 2.166 2.122 2.093 2.232 
-8.35 -22.2 -14.5 -15.5 -17.4 -11.3 -10.3 -11.8 -8.19 -1.49 -1.54 -8.85 -7.30 -6.48 -6.57 -6.41 -6.15 -4.00 -3.71 -3.46 -2.92 -2.77 -2.39 -1.78 -1.49 -1.79 -1.73 -1.59 -1.42 -1.39 -1.22 -2.03 -1.85 -2.99 -2.14 -2.08 -1.75 -1.87 -1.26 -1.09 -1.47 -0.69 -0.66 -0.89 -0.13 -0.37 -1.51 -1.48 -1.42 -1.41 -1.16 -1.22 -1.16 -0.89 -1.12 -1.99 -1.94 -1.86 -2.14 -2.40 
42.18 35.10 27.51 20.03 10.42 9.559 8.198 7.852 7.406 8.732 6.864 5.355 7.954 7.368 7.293 6.876 6.639 6.404 6.074 6.101 6.494 6.244 5.985 5.267 4.632 4.884 4.013 4.266 5.464 5.250 5.082 6.189 5.544 5.629 5.388 5.556 5.448 6.676 6.439 6.622 5.508 5.637 5.200 5.550 5.532 4.749 4.373 3.850 3.427 3.456 2.700 3.271 5.022 4.922 4.845 4.761 4.867 4.759 4.649 4.319 
0.100 10.13 7.536 4.854 -2.40 -9.18 -7.92 -4.44 0.645 2.639 2.667 -2.72 -8.41 -5.78 -5.33 -5.73 -6.58 -5.94 -3.86 -3.44 -4.81 -4.18 -4.09 -3.43 -3.38 -3.30 -3.26 -3.21 -3.41 -2.90 -3.04 -2.38 -4.45 -4.31 -4.17 -3.34 -2.12 -1.90 -1.85 -1.72 -1.21 -0.55 0.153 0.354 0.283 0.939 0.791 1.043 0.676 1.116 0.529 0.722 0.448 0.262 0.193 0.236 0.296 0.313 0.241 0.304 
14.54 18.04 21.49 16.81 3.351 3.951 3.416 3.914 9.036 8.573 8.367 9.518 8.103 7.436 4.469 3.688 3.526 3.384 3.308 4.244 1.925 1.472 1.406 0.452 0.781 0.278 0.043 -1.30 -1.45 -1.31 -1.16 -1.02 -1.41 -1.28 -1.75 -0.36 -0.95 0.433 0.398 0.192 0.830 0.793 2.055 2.110 2.884 2.898 2.839 2.897 3.097 3.849 3.710 3.599 3.466 3.038 3.013 3.680 3.332 2.996 3.109 3.444 
-39.5 -15.6 -10.2 10.74 12.60 14.41 11.98 14.47 13.46 11.70 10.06 12.09 10.97 10.34 8.449 5.002 4.703 4.113 3.582 3.423 0.301 -0.81 -0.74 -0.71 -0.26 -0.76 -0.61 -0.29 -0.11 1.345 1.474 2.134 3.506 3.506 2.704 3.609 3.480 3.554 1.659 2.261 2.852 2.788 3.642 3.456 3.436 2.341 2.842 2.812 2.432 2.393 1.928 2.350 2.257 2.676 2.788 2.717 2.574 2.495 2.355 2.456 
11.61 -4.07 -7.54 -5.04 -3.17 2.060 9.480 8.161 10.80 9.736 9.491 -1.19 2.763 2.670 8.909 10.96 3.202 6.782 6.535 9.310 9.090 9.348 9.435 9.050 9.704 9.285 9.259 9.243 8.060 7.867 7.749 7.520 7.343 5.723 5.514 5.404 5.333 6.637 6.360 5.177 4.197 5.233 5.059 4.949 2.233 3.073 2.996 3.458 3.649 3.597 3.367 3.249 3.219 3.735 3.387 3.254 3.290 3.060 3.102 2.913 
63.15 32.26 29.06 21.08 13.45 22.74 21.44 19.46 19.35 20.23 18.09 20.53 19.91 14.29 12.19 17.03 16.14 16.23 15.21 13.85 13.40 12.80 11.99 14.10 15.61 15.95 15.03 14.46 14.65 13.57 12.32 12.33 12.17 12.54 12.02 11.31 10.79 11.43 10.68 10.09 9.769 11.04 9.700 9.396 8.809 9.087 8.902 8.725 8.447 8.311 8.640 8.485 8.320 8.395 8.223 8.107 7.167 7.169 6.903 6.853 
-3.32 32.31 18.36 13.31 8.468 8.944 6.449 5.565 -1.31 -0.72 3.577 3.142 4.636 1.637 2.007 1.624 2.518 2.741 2.382 0.049 -0.03 0.214 0.950 0.964 1.744 1.857 2.605 4.067 3.844 3.643 3.553 3.446 3.163 2.362 2.429 2.574 1.140 0.564 1.928 1.853 2.752 1.541 1.281 2.552 2.867 2.864 0.855 1.222 1.219 1.083 1.114 1.290 1.392 1.426 1.429 1.989 2.262 2.259 1.805 1.760 
-2.62 5.328 -5.06 -0.96 2.846 3.397 6.762 5.925 4.166 4.986 7.626 5.838 9.396 14.62 15.44 14.84 11.51 11.00 11.89 12.88 13.36 12.75 9.449 8.545 8.595 7.678 7.341 7.374 6.996 8.620 8.138 7.826 8.538 9.104 9.411 8.453 8.275 8.523 8.622 8.200 8.211 8.025 7.517 8.250 9.143 8.952 9.567 9.435 9.294 8.981 9.516 9.141 9.047 9.945 9.632 10.67 10.02 9.206 10.00 9.340 
-8.14 -7.04 -4.23 5.806 11.87 9.321 7.363 10.80 8.196 6.369 5.626 3.984 3.285 0.874 -3.25 -3.11 -4.67 -3.65 -3.57 -7.78 -8.19 -6.12 -6.78 -6.22 -5.87 -5.73 -4.97 -3.89 -3.87 -4.18 -3.14 -4.01 -3.68 -3.55 -3.89 -5.06 -5.15 -4.54 -4.74 -4.30 -4.08 -4.18 -4.63 -4.48 -5.18 -4.62 -4.60 -5.17 -4.78 -4.13 -3.94 -4.39 -4.57 -4.35 -4.08 -4.04 -3.96 -3.64 -3.67 -3.99 
42.43 24.81 14.91 11.88 9.790 3.479 -1.36 0.038 3.288 3.225 2.689 2.465 1.382 -0.60 -0.12 -1.15 -2.47 -3.69 -3.39 -2.81 -2.84 -3.71 -3.44 -3.32 -3.76 -2.16 -1.13 -2.11 -2.01 -2.35 -0.27 -0.32 0.366 0.448 0.143 -0.06 0.075 0.061 0.056 0.327 -0.08 0.209 -0.04 0.025 -0.01 0.308 -0.39 0.178 -1.18 -1.09 -0.29 -1.07 -1.04 -0.71 -0.76 -0.45 0.422 0.433 0.987 0.705 
35.62 9.174 5.147 1.997 3.324 3.073 3.299 14.04 13.68 10.89 8.317 6.625 6.013 3.272 5.568 2.356 3.430 4.224 5.339 4.831 4.107 4.217 3.992 4.090 4.262 4.073 4.367 4.294 4.037 3.974 2.615 3.476 3.998 2.556 3.117 3.007 2.060 1.809 1.960 2.655 1.897 2.190 2.144 1.990 2.076 2.091 1.873 1.825 1.541 0.395 0.399 0.454 0.310 -0.16 -0.31 -0.37 -0.29 -0.61 -0.96 -1.33 
1.005 1.329 16.81 44.28 51.39 40.60 28.94 22.28 21.56 18.48 18.91 17.92 15.94 15.29 9.055 8.671 7.911 7.219 8.008 8.315 8.102 7.450 6.515 7.169 6.147 5.633 3.672 3.303 2.876 2.828 2.498 2.696 2.303 2.126 7.182 7.391 7.120 6.982 6.749 6.531 7.889 7.247 7.024 6.845 5.890 6.426 6.225 5.454 6.153 8.222 7.929 7.846 8.904 8.597 8.831 7.487 7.335 6.734 7.400 7.280 
37.67 16.03 -0.58 3.005 -1.38 -6.40 -4.45 1.378 1.554 2.268 -2.93 -7.12 -10.6 -10.2 -7.44 -2.19 -1.24 0.651 0.063 -0.49 0.541 1.144 1.114 1.999 1.638 2.816 3.257 3.831 3.703 3.710 3.513 3.986 4.759 5.102 4.413 1.538 1.349 1.026 2.112 1.548 1.508 1.361 1.827 0.531 0.575 0.427 0.438 0.262 0.615 0.649 0.670 0.728 0.194 0.749 0.799 0.871 1.638 1.223 1.095 0.926 
-9.15 -4.42 -3.98 -3.06 -1.84 9.029 10.43 4.680 6.993 6.377 5.148 -3.02 -0.59 2.126 5.350 5.660 4.581 5.638 13.17 12.35 10.71 11.22 9.859 10.28 10.47 9.878 8.843 9.372 7.112 6.740 6.499 5.886 5.475 5.392 4.511 3.159 3.204 3.911 4.501 4.130 5.358 4.976 5.291 5.166 5.115 3.708 3.999 3.993 4.018 3.872 4.310 4.376 4.295 4.233 4.215 4.168 3.853 4.143 4.129 3.225 
19.15 3.172 -10.1 -10.2 -9.13 -4.68 4.536 5.156 5.051 1.202 -5.73 -6.43 -7.51 -6.85 -7.19 -8.14 -7.98 -7.36 -6.96 -7.57 -7.25 -7.48 -6.03 -5.69 -6.13 -5.78 -5.55 -4.54 -5.51 -5.29 -5.04 -4.86 -4.54 -4.54 -3.80 -3.75 -3.06 -2.76 -2.71 -3.54 -4.83 -2.89 -3.45 -3.37 -3.26 -2.53 -1.91 -0.76 -0.87 -0.84 -0.64 -0.94 -0.29 -0.46 -0.40 -0.47 -0.47 -0.22 -0.09 0.532 
22.97 10.16 34.86 34.32 19.34 16.35 12.58 9.623 5.108 5.656 5.381 5.865 5.454 4.599 5.941 3.108 3.304 3.296 2.998 2.870 2.754 3.190 4.064 4.044 3.831 3.522 1.774 1.726 1.724 1.913 1.460 0.546 0.628 0.487 0.693 0.937 0.673 0.722 1.695 1.692 1.694 1.898 1.927 1.876 1.254 1.794 1.632 1.511 1.230 -0.13 -0.39 -1.28 -1.30 -1.26 -1.00 -1.75 -1.89 -1.60 -1.57 -1.73 
2.258 -20.6 4.562 16.25 22.87 13.38 12.57 11.28 9.947 11.27 16.45 14.29 10.58 10.44 9.439 9.752 8.870 7.520 7.087 5.472 6.610 6.290 7.565 6.878 7.697 5.527 5.581 4.969 5.366 5.227 4.714 3.605 3.952 3.959 3.710 3.674 4.130 4.172 3.871 3.415 1.869 1.745 1.828 1.375 2.235 2.194 2.872 4.070 4.213 4.774 4.990 5.745 6.498 6.156 4.956 4.959 4.849 5.893 5.713 5.512 
-16.4 11.07 5.431 3.567 6.843 3.770 2.206 1.949 2.094 2.979 0.227 1.256 1.555 2.909 2.995 4.740 8.952 7.999 2.483 2.764 4.018 3.483 3.336 2.879 1.824 1.747 2.292 3.450 3.216 3.290 2.951 2.531 4.585 4.758 4.652 5.180 5.576 6.131 6.458 6.401 7.527 7.455 7.626 7.412 7.378 7.660 7.351 7.159 6.958 7.184 6.456 6.890 6.839 6.920 6.612 6.328 6.238 6.234 6.619 6.607 
-0.37 3.559 5.211 3.044 3.743 4.814 4.653 5.915 11.49 10.57 17.10 17.47 16.81 16.27 18.12 18.38 18.16 17.21 16.85 16.21 14.87 15.52 13.00 10.93 8.352 10.16 9.829 8.908 7.590 6.676 5.641 5.472 5.242 5.604 5.364 5.330 4.859 4.445 2.138 1.972 1.729 1.696 1.415 1.453 1.212 1.233 2.086 1.733 1.613 1.682 2.588 2.445 1.845 1.563 1.508 1.508 1.526 1.480 1.567 1.712 
-0.45 10.24 -4.14 -3.05 12.75 11.46 7.144 5.773 2.157 1.839 2.471 -0.57 -0.18 -0.25 -0.33 -0.42 -3.69 -3.46 -1.61 -0.19 -0.37 0.341 0.697 2.503 0.217 1.149 0.987 0.684 0.309 1.526 1.473 1.040 1.028 0.804 0.882 4.010 5.058 5.776 4.112 3.682 3.667 3.663 3.916 4.048 4.122 4.343 4.222 4.612 4.442 3.967 3.956 3.550 3.635 3.908 4.199 3.945 3.802 3.246 3.151 3.173 
-67.6 -34.5 -24.5 -20.4 -15.3 -9.95 -9.24 -8.03 -6.31 -5.59 -2.08 -2.11 -2.48 -6.09 -1.95 -3.14 -6.76 -4.11 -2.82 -4.89 -5.54 -5.16 -4.82 -3.17 -2.98 -2.50 -1.19 -1.96 -2.20 -2.10 -2.31 -4.29 -6.08 -7.17 -6.68 -6.61 -6.30 -6.32 -5.90 -4.86 -4.88 -4.76 -3.79 -3.36 -3.01 -2.79 -1.62 -2.48 -2.40 -1.82 -1.43 -1.51 -1.30 -1.28 -1.15 -1.38 -1.56 -1.84 -1.80 -1.84 
-0.14 -38.4 -26.5 -15.1 -16.8 -6.00 -5.12 -4.70 -4.48 -4.39 -3.52 -1.50 -1.12 -0.68 -2.95 -2.82 -2.24 -2.37 -2.50 -2.64 -1.73 -0.91 -1.65 -1.98 -3.00 -2.99 -2.76 -2.79 -2.70 -2.16 -1.83 -1.82 -2.02 -1.90 -2.62 -2.48 -2.12 -1.95 -3.67 -4.15 -3.51 -4.03 -3.94 -3.90 -4.26 -4.10 -4.07 -2.17 -2.58 -2.64 -2.57 -3.15 -2.21 -1.80 -1.62 -1.84 -1.80 -1.84 -1.28 -1.26 
12.92 17.40 9.546 0.221 -0.27 -0.29 0.799 0.946 1.145 1.213 -0.53 0.444 -0.98 2.630 -0.06 -4.16 -2.06 -3.40 -1.84 4.686 4.418 3.837 4.283 3.045 3.097 3.025 2.948 3.201 2.969 2.615 4.097 3.773 3.195 2.842 1.698 1.648 1.527 1.565 1.517 1.190 1.340 1.287 0.859 0.851 0.711 0.759 0.704 0.826 2.316 2.407 2.984 2.870 3.178 3.055 2.570 3.347 3.316 3.240 3.716 3.643 
-0.00 28.80 16.74 17.57 20.36 16.77 14.41 12.25 10.32 7.421 6.200 9.353 8.356 7.767 5.694 5.193 5.481 5.158 6.416 3.856 4.900 10.19 11.28 11.64 12.11 11.53 11.01 10.80 9.590 9.487 9.158 7.363 7.182 6.901 6.768 6.759 5.784 6.212 6.064 6.336 6.201 5.881 6.374 6.199 6.321 6.381 6.257 6.165 6.347 6.192 6.275 5.970 6.078 6.060 5.944 5.368 5.513 5.504 5.353 6.202 
0.491 5.695 4.732 4.099 1.016 -0.01 -3.54 -9.63 -11.5 -10.5 -6.88 -5.99 -5.24 -4.89 -5.65 -5.54 -5.33 -5.90 -4.67 -5.46 -5.35 -3.83 -1.94 -1.08 -1.30 -2.10 -2.09 -1.92 -1.64 -1.94 -1.78 -1.19 -0.86 -1.36 0.041 -0.25 0.064 -0.27 -0.62 -1.49 -1.12 -0.96 0.064 -0.18 0.163 0.203 0.200 -0.10 -0.14 0.014 0.059 0.311 0.123 0.844 0.743 0.923 0.930 0.917 0.571 0.696 
-1.66 -2.39 15.37 11.20 2.024 1.324 1.113 0.501 6.814 6.602 4.417 4.012 4.492 4.654 10.49 11.99 11.54 10.32 9.678 11.65 11.39 10.28 10.65 10.42 10.25 10.07 8.474 9.263 8.774 8.963 8.751 8.725 7.968 6.678 6.402 5.770 5.877 6.039 6.223 3.817 3.810 3.968 3.563 3.321 3.232 3.028 2.793 2.447 2.528 2.814 2.802 3.569 3.573 3.702 3.615 3.953 4.092 3.745 3.543 3.543 
6.006 -70.4 -48.4 -36.8 -27.9 -31.5 -30.1 -26.6 -22.9 -20.8 -18.9 -18.1 -16.1 -18.4 -22.3 -20.8 -19.6 -18.4 -17.1 -15.8 -15.0 -12.9 -12.2 -10.6 -10.6 -10.1 -9.90 -9.46 -8.26 -7.31 -7.04 -6.88 -7.60 -7.67 -7.74 -7.63 -7.45 -7.02 -6.85 -5.93 -5.52 -5.33 -4.83 -4.44 -3.48 -4.02 -3.95 -3.83 -3.76 -3.73 -4.48 -4.63 -5.98 -4.91 -4.81 -5.32 -5.13 -5.05 -5.87 -5.82 
