0.06531676 -0.8160095 -0.7994522 -0.1175525 0.52613404 -0.8898062 1.44704170 0.28586966 0.53554159 0.16489993 0.36438559 0.64795247 0.06143925 0.08738319 -1.1331555 -0.7099180 -1.2597341 -0.7163161 -0.3150175 0.56176921 0.63891773 0.81108928 0.89930346 1.39184515 1.08879449 0.69309412 0.85013741 0.37810528 -0.6971215 -1.9007519 

//////////// LOG ////////////
Control Init:
0.00000000 0.00000000 0.00000000 0.00000000 0.00000000 0.00000000 0.00000000 0.00000000 0.00000000 0.00000000 0.00000000 0.00000000 0.00000000 0.00000000 0.00000000 0.00000000 0.00000000 0.00000000 0.00000000 0.00000000 0.00000000 0.00000000 0.00000000 0.00000000 0.00000000 0.00000000 0.00000000 0.00000000 0.00000000 0.00000000 
Q: 0.2000
QT 300.00
R: 0.0000
perturb_coefficient_train: 0.0005
step_coef: 0.0000
ctrl_step: 0.1000
sim_step: 0.1000
step_num:   30
rollout_train:    