1203.1233800000005 4.547473508864641e-13 1203.1233800000005 4.547473508864641e-13 0
1203.20913002 0.9389077919192027 2220.88834272 795.0386707902122 5
1203.3132059 1.9990672111384795 3666.35309732 1847.9192692528918 10
1204.0505852199997 3.035122450340172 4885.829569320001 2723.6465731429935 15
1204.3773678200002 3.7583542418912876 6344.7398832399995 3418.412692770474 20
1205.45439218 4.8628606733435635 7046.472877459999 3597.7494436625857 25
1205.8211197800001 6.082474433956115 8361.48104886 4060.5115823055517 30
1206.90749456 7.581644158565032 8870.98132138 4158.259406711729 35
1208.24076552 7.936164807128837 9977.84121748 4265.460681303484 40
1208.6108216599998 10.932365563583732 10731.35002728 4476.29543693149 45
1210.1461970199998 11.740667088151277 11017.31813516 4280.075278830368 50
1211.5343152799999 13.674915811355806 11826.165022019999 4311.275037917175 55
7551377.050885981 121106415.00404389 12404.99303798 4283.8214872513845 60
33777843.68387884 443110771.79986584 12780.28665742 4455.2722494906075 65
37296093.199111804 450613286.9827292 13178.19101076 4320.780668515585 70
30846853.565143384 430501522.1502925 13531.3084348 4326.763046006486 75
28020646.60684586 313163180.8465364 14383.955093959998 4374.636485619883 80
48199628.795615934 499561868.2767222 14833.270117580001 4439.0015006253525 85
61960686.69526748 577173389.1067175 15134.047369199998 4274.182923550647 90
103389654.28906369 826095643.8583354 15450.8703871 4688.553916580182 95
98565363.49029177 678502262.4911895 16105.147432979998 4080.981702314415 100
