266.88764799999996 5.684341886080802e-14 266.88764799999996 5.684341886080802e-14 0
267.994928842 1.1132640605876767 285.57621149400006 12.303210632992428 5
271.563269128 4.234302786274411 341.701231824 50.481758920034686 10
276.5757991919999 7.8806610036222695 438.36768706 107.73280982335227 15
285.850667928 15.776940181206323 573.800770678 199.23911100325557 20
294.11516238400003 20.68443935059147 731.8809485539999 316.6003591069315 25
310.05792386800005 34.63747451973534 944.196838434 415.819864349796 30
322.039145506 47.35045001464342 1243.7413263699998 669.2537725570731 35
336.37115287800003 52.928139657298566 1467.2868446380003 820.9854645327295 40
360.44006723599995 69.88010896989688 1864.87121662 1041.4237759403632 45
380.06366360199996 90.5909116523887 2213.626681248 1332.136313947226 50
402.354176938 102.04223926837076 2561.6482412660002 1454.7243056162554 55
431.271589944 129.6935929186052 2974.901958822 1825.0234538238753 60
464.15982565799993 162.90412015083822 3592.6399401119997 2084.531562211565 65
476.16861085 157.12752902902028 4175.04335571 2441.703310908505 70
524.90982203 209.6061619560492 4703.965540384 3105.354116621428 75
550.0585605699999 218.2064636187263 5312.5582546880005 3184.407205590125 80
602.886959734 264.4068767659983 5674.6154584880005 3544.674025506269 85
669.381896426 316.9358973849082 6260.730923426 3912.039070877649 90
664.967009618 326.2819356305844 7440.361670446 4825.479405639896 95
733.048784992 354.50286367302 7571.8853302239995 4793.60315495783 100
