-200. -1095 923.5 1087. 613.8 497.0 900.8 858.0 800.3 1127. 843.8 786.5 1635. 1625. 1446. 1699. 1342. 1258. 1069. 1145. 
-1171 -1628 -3858 -3069 -2441 -1989 -2901 -2997 -2847 -3379 -3048 -2783 -2562 -2617 -2445 -2309 -1565 -1470 -1382 -1323 
231.5 731.9 -1775 -1274 -871. -137. 205.8 221.3 -44.1 -55.8 38.62 -145. -520. -509. -506. -421. -344. -331. -562. -530. 
1281. 495.0 311.7 1032. 728.8 706.4 388.8 229.9 197.7 120.1 1.418 104.0 314.7 18.63 12.73 -93.7 355.7 231.3 53.34 115.0 
483.5 -254. 156.1 150.0 356.7 827.4 669.3 394.3 709.5 944.7 871.9 281.0 139.0 190.0 137.1 -2.64 104.0 140.4 162.3 151.6 
-671. 293.7 97.56 -5.50 565.2 867.4 169.7 551.3 429.2 148.0 99.92 122.3 68.14 91.04 286.2 268.0 265.8 764.3 722.4 546.6 
-452. -672. -1050 -104. 188.3 357.6 -69.4 -706. -629. -568. -573. -723. -1515 -1461 -1285 -1087 -954. -853. -821. -923. 
9266. 2274. 2050. 1503. 1058. 782.9 660.3 590.7 454.9 606.3 580.7 578.6 338.4 285.4 258.4 293.9 -55.1 -128. -256. -284. 
-1425 -644. -124. -279. 560.0 541.4 685.0 463.7 307.6 258.6 -148. -111. -82.2 -96.1 -184. -350. -312. -779. -839. -762. 
588.2 357.7 196.2 -490. -504. -1050 -1254 -1095 -972. -901. -910. -560. -634. -732. -755. -714. -709. -748. -753. -1156 
-2280 -2840 -2433 -1103 -196. 615.5 449.8 504.6 320.1 370.1 340.6 322.2 314.4 840.8 794.9 779.5 752.1 706.7 667.9 713.9 
-2145 -2021 215.1 508.1 415.1 611.6 485.1 158.2 81.38 90.80 -150. -143. -156. -466. -440. -292. -280. 138.3 125.4 25.52 
-861. -1638 -1295 -1098 -1182 -745. 524.4 314.3 187.6 171.1 -267. -333. -324. -590. -559. -587. -584. -525. -459. -636. 
2226. 2455. 928.6 700.6 -280. -81.7 -503. -392. -453. -567. -450. -587. -138. -319. -168. -126. -467. -383. -375. -247. 
-2376 -3799 -1200 -841. -686. -458. -373. -325. -333. 23.65 202.1 315.0 277.6 316.6 254.0 153.3 153.0 314.8 283.6 267.0 
1631. -1203 2229. 1505. 750.7 2137. 1977. 1760. 1590. 1009. 996.7 1496. 1817. 1584. 1371. 1312. 1054. 990.9 910.1 839.5 
-36.5 229.7 136.0 -719. -553. -207. -503. -85.7 -79.7 -28.6 -20.7 -169. -106. -79.7 -90.8 -121. 248.7 303.5 242.5 276.2 
-5539 -4052 -2881 -2063 -1471 -951. -1070 -1000 -974. -1223 -1112 -150. -147. -193. 9.064 22.27 340.6 315.0 338.7 380.8 
2737. 4222. 2861. 2439. 1250. 1118. 998.6 796.7 994.0 950.8 1306. 1264. 1273. 1219. 1148. 1096. 1012. 926.7 874.4 982.1 
5134. 3006. 1638. 1856. 1071. 720.6 1142. 1007. 1159. 1011. 1164. 1142. 1090. 1310. 1273. 1314. 1270. 1101. 1065. 1258. 
-256. 1502. -644. -296. 269.7 274.6 288.7 -24.6 -223. -196. -17.8 -75.1 -65.0 -306. -243. -300. -247. -566. -513. -424. 
-5594 -2298 -1585 -1340 -1063 -884. -659. -218. -332. -264. -268. -348. 65.42 123.7 111.7 147.5 165.3 155.9 113.5 98.97 
-5273 -979. -1754 -1769 -1307 -1213 -1052 -771. -845. -600. -642. -554. -534. -497. -606. -629. -574. -475. -466. -423. 
-325. 927.8 1557. 548.3 379.4 383.7 327.5 1197. 942.4 846.4 762.8 722.0 654.7 660.6 632.3 1043. 1029. 1124. 1025. 936.9 
619.3 1108. 9.112 -106. -75.7 -88.0 300.3 83.38 10.10 293.3 158.3 199.1 323.0 13.59 45.32 177.3 187.7 178.4 -155. -146. 
1237. 726.8 364.1 852.8 726.0 1009. 912.3 1034. 988.9 996.5 792.2 735.9 548.4 456.0 432.7 358.9 309.4 223.6 -218. -238. 
-1148 253.6 96.17 -896. -609. -510. -435. -415. -374. -430. -463. -402. -621. -377. -350. -328. -237. -261. -243. -203. 
822.3 -46.0 -213. -478. -1235 -1071 -930. -877. -750. -1047 -1137 -910. -840. -727. -668. 4.534 46.06 -15.0 -7.05 -26.1 
1976. 1308. 3726. 2806. 2244. 1896. 1811. 1490. 1263. 1255. 1371. 1110. 1604. 1756. 1593. 1479. 1441. 1339. 1250. 1171. 
-43.1 -126. -99.5 168.1 177.5 419.8 1344. 1046. 740.3 798.0 950.1 911.3 726.7 716.8 700.4 848.0 522.3 464.3 174.1 223.9 
-1992 -1083 -481. -374. -985. -1313 -1288 -1134 -1107 -987. -1213 -1170 -998. -1208 -1135 -1082 -1102 -1067 -982. -933. 
-1095 -526. 610.7 374.1 243.9 20.59 30.25 46.47 72.30 65.88 245.3 214.4 197.5 274.9 251.5 140.8 114.0 144.6 70.46 -24.2 
1050. 266.6 -147. 66.53 70.49 595.7 707.8 728.1 812.5 649.9 630.6 578.8 563.2 492.8 410.4 407.7 398.6 298.9 244.0 228.0 
1274. -20.7 20.88 -546. -345. 124.8 146.1 -156. -112. -51.3 130.7 111.9 -78.2 -84.1 -52.1 -304. -317. -265. -339. -311. 
753.0 92.53 178.9 97.59 90.44 106.4 69.43 7.353 -176. -36.2 -267. -255. -403. -372. -433. -455. -527. -467. -615. -560. 
-1274 -728. 1290. 847.9 802.2 557.9 230.8 360.4 294.3 414.2 213.0 452.9 479.3 394.4 313.5 261.8 201.3 191.1 168.9 126.8 
1601. 805.1 488.0 371.7 207.2 288.2 218.4 186.0 237.5 307.9 255.5 59.88 274.5 252.4 209.7 215.2 136.3 136.8 -94.3 -42.2 
-1127 -830. -534. -373. -305. -101. 181.5 285.9 78.30 -224. -216. -199. -160. -168. -120. -84.9 -73.2 -26.8 0.857 46.53 
2713. 1202. 903.5 548.4 431.8 -280. -124. -154. -160. -20.0 29.52 233.8 259.5 230.7 286.8 329.7 150.2 154.2 108.5 130.5 
140.1 37.84 -284. -364. -8.54 -223. -468. -157. -184. -81.1 1.718 -30.6 -544. -720. -667. -608. -584. -556. -563. -643. 
1377. 780.8 743.1 406.0 279.4 247.9 224.8 202.5 -190. -186. -131. -135. -237. -199. -117. -119. -125. -142. -163. -201. 
2.658 307.1 563.6 653.0 539.3 304.9 456.1 414.5 417.2 397.7 382.8 296.8 286.4 200.8 182.1 180.5 141.1 133.3 -233. -219. 
7.456 -566. -178. -349. -279. -491. -356. -462. -467. -401. -312. -304. -284. -275. -254. -200. -225. -216. -145. -29.3 
-489. -732. -734. -468. -313. -278. -249. -235. -192. -226. -121. -134. -133. -81.0 -112. -109. -94.5 -55.5 -118. -118. 
162.3 265.1 218.0 325.6 207.5 -104. 127.2 42.36 83.59 116.9 11.29 -132. -81.0 -118. -111. -138. 130.6 465.8 570.5 706.1 
323.2 1773. 1492. 1136. 1543. 1217. 676.9 590.5 615.0 664.8 602.9 587.4 649.9 657.3 1070. 935.4 860.4 771.4 782.6 743.4 
263.4 -221. 252.2 434.1 367.2 216.2 160.2 119.7 147.2 153.7 136.9 142.9 295.1 259.0 161.0 165.2 188.2 414.7 253.2 291.7 
-1955 -975. -735. -797. -626. -706. -714. -765. -680. -737. -695. -644. -513. -385. -427. -427. -403. -374. -333. -321. 
-215. 200.1 -184. -680. -480. -392. -368. -358. -264. -199. -219. -149. 130.9 122.2 74.26 159.9 133.8 134.8 145.9 173.2 
75.32 107.4 72.67 15.22 -12.7 105.6 89.16 -62.0 -106. -136. -268. -228. -220. -351. -305. -298. -250. -233. -247. -253. 
-777. 267.3 169.6 149.9 28.23 599.6 533.8 494.4 542.6 505.2 532.0 570.7 457.1 408.4 317.1 333.3 306.2 174.0 155.6 147.7 
-765. -424. 20.14 -349. -371. -401. -27.7 -61.6 124.4 119.4 77.01 140.1 237.2 215.9 7.185 51.39 50.48 27.99 18.75 17.96 
-108. -329. -279. -207. -191. -271. -628. -449. -374. -292. -422. -377. -328. -375. -350. -252. -282. -364. -342. -330. 
-1119 -977. -809. -459. -251. -182. -151. -167. -187. -200. -473. -435. -390. -365. -346. -343. -234. -324. -278. -277. 
180.8 80.79 228.3 228.0 -292. -269. -307. -250. -231. -188. -143. -126. -98.0 -100. -95.4 -70.6 -42.0 -23.5 -84.7 -79.0 
-451. -252. -129. -110. 17.57 197.3 132.3 -41.1 -264. -236. -222. -254. -193. -166. -135. -130. -15.9 24.08 44.64 17.09 
961.3 510.9 344.4 -149. -31.4 25.48 -34.5 -267. -282. -282. -288. -311. -457. -393. -356. -250. -236. -223. -267. -304. 
-499. -242. -76.5 -405. -199. -203. -146. -116. -99.8 -141. -126. -85.2 -75.7 -71.1 -108. -155. -189. -173. -180. -184. 
166.3 68.74 -188. -113. -71.7 -356. -323. -317. -245. -219. -203. -142. -173. -190. -163. -151. -120. -146. -148. -142. 
-371. -381. -206. -74.3 34.86 -21.2 -32.0 -42.7 -184. -165. -229. -180. -210. -185. -314. -349. -328. -299. -306. -314. 
-2977 -1127 -745. -547. -321. -203. -6.12 -22.8 20.14 -25.7 100.4 103.6 93.97 65.96 89.15 90.49 124.5 85.98 122.7 113.7 
609.5 100.9 56.27 388.7 -624. -356. -116. 95.88 97.73 143.1 129.7 151.5 140.9 98.25 150.0 2.363 -3.86 -44.8 -84.0 -132. 
98.56 188.1 0.131 -145. 43.33 -1.74 25.66 -66.7 -46.6 -44.6 -25.5 63.29 87.73 104.8 139.8 354.6 377.2 352.3 337.7 267.1 
2.354 65.05 111.8 -104. -17.0 -108. -59.7 -61.1 -31.1 -27.6 11.61 -81.1 -86.8 -100. -62.6 -130. -151. -183. -172. -164. 
968.0 989.0 626.7 744.1 567.0 408.7 289.0 228.3 199.4 -30.6 -66.2 -61.6 -68.0 48.55 46.95 37.63 25.00 28.36 40.63 10.02 
87.53 474.5 444.0 248.9 322.7 267.9 198.9 13.79 132.7 121.5 85.02 123.6 117.7 140.4 283.4 204.0 189.2 203.9 176.6 151.4 
632.2 744.1 259.1 -25.6 -1.85 22.59 -327. -286. -273. -233. -209. -191. -204. -208. -187. -164. -159. -125. -169. -155. 
-226. -101. -46.9 -160. -149. -6.32 56.93 45.27 58.21 -82.5 -153. -193. -148. -123. -180. -275. -262. -284. -277. -266. 
-486. -219. -157. -97.1 -148. -135. -112. -105. -144. -232. 57.48 -65.2 -55.2 -92.1 -46.8 -43.8 -27.5 -90.9 -87.7 -79.1 
291.1 268.3 17.29 37.39 79.97 97.69 165.0 18.91 38.56 57.32 49.60 21.66 39.88 5.115 4.309 -19.9 -40.2 -69.3 -36.6 -10.8 
-991. -1062 -768. -576. -346. -286. -247. -242. -269. -226. -192. -133. -126. -118. -109. -120. -101. -65.5 -59.2 -125. 
583.9 153.0 -57.2 -51.5 -3.86 -306. -371. -494. -625. -547. -497. -336. -272. -264. -230. -177. -165. -160. -166. -144. 
15.34 193.2 163.7 121.5 -59.4 -87.6 -12.4 -44.0 -131. -81.7 -116. -128. -188. -322. -299. -285. -270. -282. -269. -226. 
4.860 596.5 668.1 215.8 -53.9 -33.0 -57.4 -100. -180. -167. -128. -115. -108. -98.6 -126. -161. -152. -142. -134. -127. 
-637. -147. -273. -405. -203. -165. -166. -117. -123. -113. -103. -104. -26.7 18.30 1.307 -51.8 -102. -105. -100. -91.6 
-1288 -728. -457. -269. -213. -178. -191. -167. -148. -129. -64.9 -39.0 18.65 75.38 71.28 77.57 121.3 71.76 60.71 67.04 
54.68 -151. -317. -424. -78.0 -44.6 -42.6 -34.3 16.20 9.365 9.047 12.08 10.72 42.52 69.04 57.93 48.55 51.10 41.82 10.13 
-246. -182. -161. -39.6 -134. -176. -162. -241. -207. -228. -193. -151. -66.2 -46.0 -40.0 -69.3 -126. -62.5 -61.4 -59.5 
1567. 820.2 800.1 586.9 284.3 125.9 73.73 56.27 39.68 25.71 -186. -168. -171. -159. -143. -147. -53.0 -43.2 -30.6 -38.1 
454.8 319.9 383.6 344.7 270.1 273.2 205.2 115.6 99.68 71.00 87.20 93.71 67.04 62.80 64.04 63.26 63.78 56.15 32.77 32.08 
155.5 182.4 113.4 73.25 366.5 404.5 351.6 261.9 275.0 228.7 249.2 199.1 302.6 279.9 209.4 207.3 187.0 187.9 281.1 270.3 
35.65 18.60 3.372 51.51 42.79 108.7 69.31 103.2 91.83 97.70 66.90 37.74 19.88 21.28 21.56 27.88 12.81 11.03 10.44 -6.38 
-306. -210. -81.2 -175. -198. -167. -222. -4.67 -15.0 35.41 41.60 36.75 29.22 23.87 81.52 2.620 53.70 56.51 7.484 23.32 
-127. -28.4 80.81 136.2 207.6 390.4 306.5 270.4 234.1 212.5 137.5 172.3 138.0 107.1 139.1 124.6 92.45 126.8 120.3 109.0 
444.1 391.9 381.6 315.8 244.0 125.8 102.4 164.1 121.6 99.15 -73.0 -65.1 -68.8 -57.3 59.82 109.0 121.0 108.4 96.36 132.7 
-133. 177.8 108.5 -108. -156. -147. -68.8 -39.7 -29.2 -58.7 -54.7 -39.3 -37.1 -14.9 -10.5 -10.1 2.459 -11.5 -14.8 -25.0 
143.3 292.2 -407. 448.5 362.5 396.9 341.0 162.0 142.0 120.9 108.0 275.6 268.2 263.2 231.1 213.4 229.4 216.6 224.9 264.1 
14.02 219.3 183.0 138.9 429.4 -62.9 -23.4 -15.5 157.6 142.7 91.61 94.44 91.06 86.43 86.68 85.07 90.88 80.30 74.60 71.28 
-415. -208. 68.21 -22.8 -26.7 -20.7 -16.4 -11.1 0.559 -29.5 39.66 14.26 13.34 13.60 22.76 14.31 24.30 -91.9 -87.0 -53.4 
-84.6 -31.1 -44.3 -198. -167. -137. -95.3 -270. -260. -235. -227. -208. -201. -176. -183. -186. -98.1 -128. -122. -115. 
7.243 94.38 69.00 28.55 -60.0 -57.6 -32.7 -27.5 -96.6 -66.9 -58.9 4.825 17.33 6.200 23.55 18.25 19.56 17.29 17.21 19.20 
306.6 260.8 139.8 101.4 223.9 277.0 232.6 192.3 127.2 117.2 56.13 54.02 13.53 7.163 -18.6 -8.36 1.365 28.41 28.35 -45.9 
183.5 86.59 -10.4 68.55 12.91 -86.6 -27.9 -33.1 -42.0 -51.6 -83.5 -77.3 -67.9 -66.3 -94.1 -106. -101. -96.3 -102. -98.5 
-139. 19.91 14.25 108.5 67.04 45.37 54.95 32.15 1.863 18.60 14.13 10.25 8.623 11.52 1.502 -3.68 -4.81 7.233 10.54 18.59 
128.0 -47.7 -44.5 -21.3 -66.1 -90.2 -43.6 -46.0 -46.0 -16.1 21.89 -22.1 -36.3 -55.6 -46.4 -46.0 -117. -43.5 -41.1 -77.7 
734.9 865.4 577.0 431.8 151.7 126.0 257.7 44.18 41.22 -13.3 -3.37 3.227 -20.7 3.133 2.691 1.995 11.66 8.429 -8.55 -5.69 
182.1 274.9 112.1 72.84 5.119 115.1 102.6 91.41 88.29 101.0 94.68 114.3 115.9 112.7 103.3 95.96 74.18 50.58 57.34 64.53 
-48.2 -0.27 -9.34 5.224 28.98 -55.5 -11.7 -151. -129. -125. -67.6 -67.0 -53.3 -27.4 -25.2 -23.4 -18.8 -23.7 -29.0 -31.5 
236.9 195.3 179.9 134.7 75.05 71.10 73.41 -14.5 -60.7 -153. -105. -99.3 -89.6 -66.8 -51.7 -42.0 -39.4 -76.1 -74.8 -70.9 
-474. -331. -213. -125. -87.2 -120. -103. -72.3 -96.6 -87.5 -58.3 -45.4 -84.2 -96.3 -79.3 -103. -95.6 -47.7 -52.6 -56.7 
50.99 109.4 81.17 70.36 45.54 72.27 96.75 77.30 -37.5 -104. -56.0 -38.3 -106. -124. -122. -122. -149. -82.6 -106. -101. 
-744. -456. -48.7 -46.4 -24.8 -25.4 -58.8 -314. -362. -329. -273. -259. -235. -200. -184. -171. -222. -205. -196. -186. 
230.9 92.94 93.11 130.4 46.60 30.48 27.37 -39.8 -48.8 -44.3 -42.6 -35.4 -29.9 -46.8 -17.8 11.67 17.92 29.49 56.61 91.66 
24.60 -426. -263. -261. -183. -126. -101. -90.8 -77.2 -61.0 16.19 23.18 23.41 20.44 38.59 39.54 19.91 7.192 5.661 -2.04 
161.3 -550. -303. -99.7 -54.2 -118. -162. -124. -106. -86.9 -48.2 -40.4 -24.0 -17.1 -30.5 -8.55 -1.58 -12.2 -1.40 -18.9 
46.89 182.0 380.5 285.5 221.8 223.3 251.9 169.3 144.8 142.6 109.5 177.0 238.5 224.0 207.3 194.5 189.1 178.1 169.5 161.3 
-37.2 48.07 -5.87 -39.4 -43.7 -31.8 -16.8 17.32 7.117 -75.4 -61.9 -68.8 -65.2 -57.1 -51.3 -48.9 -42.3 -37.3 14.38 -11.2 
72.87 72.48 70.76 89.49 84.99 73.96 62.79 81.39 72.16 32.69 -101. -95.4 -88.4 -82.6 -135. -159. -127. -116. -158. -150. 
71.73 -98.6 -140. 36.00 81.42 84.88 101.4 91.31 -17.6 -2.06 -0.98 -23.5 -47.0 -47.2 -35.5 -35.2 -31.6 -28.9 -23.2 -22.1 
85.09 217.0 161.0 99.70 65.37 52.86 55.54 114.2 -35.3 -17.4 -11.9 -14.0 -13.0 -14.2 -13.5 -3.99 2.739 -7.23 -8.89 -9.85 
151.5 95.73 70.68 2.459 -84.8 -59.8 -108. -128. -114. -112. -99.5 -61.1 -54.2 -78.0 -70.1 -65.8 -70.6 -65.7 -69.3 -41.8 
-190. -153. -175. -158. -147. -113. -117. -61.8 28.29 44.96 56.82 109.3 91.65 83.69 87.59 70.36 54.93 66.76 64.00 66.80 
-219. -134. -12.6 -19.1 -92.5 -72.8 -78.5 -9.76 -14.9 -14.3 11.71 -45.2 -34.9 -31.6 -8.75 5.662 6.011 -10.9 -10.0 0.380 
33.73 26.13 266.9 389.4 330.4 279.3 224.5 197.4 202.4 248.5 224.1 148.2 123.8 129.2 79.24 75.45 61.70 58.72 4.304 5.426 
-338. -16.0 -115. -158. -184. -156. -66.4 -92.2 -99.9 -89.7 -71.1 -67.4 -76.5 -70.5 -71.6 -77.7 -79.2 -79.6 -18.4 -10.1 
298.5 499.4 327.3 310.4 297.4 244.9 199.1 129.0 102.6 96.80 105.3 101.7 104.2 97.06 139.6 130.1 122.3 169.8 154.0 154.9 
316.6 -126. -100. -100. -54.0 -29.8 -26.2 10.79 -14.8 24.74 31.61 39.35 50.17 38.50 34.14 1.596 -21.6 -23.4 -54.1 -50.5 
-56.5 -31.1 139.1 116.4 93.68 121.1 134.8 115.1 93.93 37.51 37.78 66.39 64.21 85.48 74.89 66.46 61.35 29.02 45.25 60.53 
-68.6 -113. -66.1 103.3 81.45 81.36 55.05 22.91 -25.2 -22.6 46.69 58.89 52.14 64.67 56.04 -33.9 -47.8 -66.8 -14.3 -21.6 
-20.6 -65.1 -40.8 -19.9 -139. -94.4 16.46 15.39 29.16 23.04 0.322 -1.15 14.77 1.872 -12.8 4.718 6.145 14.72 53.20 63.39 
51.62 19.86 159.9 35.98 23.00 43.11 118.3 68.66 38.01 33.68 27.98 39.82 -23.0 -17.2 4.806 -51.0 -38.4 -17.0 -20.2 -37.8 
-899. -346. -194. -150. -123. -112. -55.7 -22.3 -19.3 -19.5 -17.4 -16.5 -18.5 -17.5 19.08 13.52 -12.2 35.03 41.29 39.68 
101.0 32.06 150.3 97.32 80.05 56.13 68.73 60.40 54.47 85.95 57.42 18.91 15.80 6.806 -21.5 -71.6 -69.3 -20.2 -7.00 0.488 
-108. 0.600 -21.6 4.281 -9.18 67.83 67.82 43.53 45.36 18.48 29.57 48.21 50.97 50.96 61.30 64.25 52.36 51.37 43.97 47.50 
569.6 282.7 65.05 60.64 -23.8 -8.42 3.584 21.09 3.536 1.399 45.76 125.7 125.3 121.9 108.8 105.9 80.34 77.93 69.72 55.36 
7.090 -13.8 90.96 97.80 103.4 125.6 125.0 100.2 86.44 50.06 47.34 35.55 36.95 33.41 15.32 28.84 32.83 20.80 -6.13 26.99 
260.1 247.6 105.1 60.20 48.71 57.11 62.77 84.51 18.96 0.827 -20.3 9.890 0.170 25.23 26.94 29.47 13.42 -3.20 -21.3 -45.3 
214.5 150.7 -91.0 -56.0 -51.0 -46.4 -30.3 -23.4 -15.2 -27.3 -31.5 -46.7 -42.4 -40.1 -41.2 -35.7 -33.6 -50.9 -21.5 -72.9 
160.7 29.03 118.8 97.17 -45.4 -62.7 -47.6 -51.9 -98.7 -68.5 -47.8 -40.8 -25.6 -38.7 -44.5 -31.6 -34.5 -34.1 -35.5 -33.7 
-852. -401. -420. -320. -297. -256. -288. -254. -202. -209. -198. -184. -168. -165. -107. -94.1 -115. -69.6 -62.5 -48.9 
-28.0 98.77 36.82 -226. -161. -156. -221. -190. -201. -185. -160. -147. -129. -139. -225. -213. -226. -211. -195. -198. 
84.78 56.48 16.19 69.71 46.71 22.41 22.43 37.99 2.981 -19.2 -16.5 -7.29 -8.90 -17.9 8.807 3.096 19.72 -29.6 -28.5 -32.1 
-63.7 -254. -158. -290. -204. -153. -95.6 -90.2 -78.3 -65.5 -67.2 -101. -70.2 -69.2 -58.7 -34.9 -36.2 -42.8 -28.5 -21.6 
-120. -100. -72.5 -39.3 1.107 1.204 -35.9 -33.2 -66.7 -59.2 -76.6 -67.3 -35.5 -30.1 -41.5 -95.2 -73.7 -69.7 -57.3 -54.6 
208.9 32.92 24.75 -29.8 -0.38 -0.37 -71.5 -123. -118. -122. -165. -150. -157. -123. -127. -103. -150. -128. -187. -191. 
-104. -21.8 -54.4 43.48 8.205 43.66 38.95 70.50 66.14 27.64 24.54 15.03 15.19 -22.9 -48.0 -61.0 -54.0 -62.2 -69.1 -68.7 
-8.15 -157. -238. -101. -86.2 -105. -82.3 -73.0 -93.0 -99.9 -85.4 -85.1 -79.8 -116. -103. -40.0 -16.6 3.867 8.483 -15.2 
-303. -161. -178. -134. -247. -165. -140. -120. -92.2 -89.7 -90.0 -74.0 -70.1 -64.4 -63.1 -56.3 -51.8 -77.1 -71.6 -67.9 
-325. -146. 33.31 34.62 27.44 24.32 42.99 58.81 46.43 50.96 19.82 20.15 40.30 31.74 30.38 34.20 31.68 39.61 38.87 41.08 
74.47 101.0 198.7 142.2 114.4 60.07 100.6 72.76 64.58 64.03 62.61 91.44 85.27 90.24 84.20 74.43 56.00 54.42 62.57 65.40 
47.93 -281. -181. -159. -203. -265. -202. -182. -154. -176. -147. -137. -127. -101. -99.4 -84.8 -80.6 -67.2 -55.1 -52.4 
-268. -150. -67.6 -35.5 -74.3 -61.1 -64.2 -66.2 -41.9 -88.0 -81.5 -78.4 -85.3 -60.4 -15.0 -14.2 -5.48 -14.2 -13.7 -18.0 
-383. -209. -139. -64.3 -90.4 -144. -171. -230. -255. -216. -192. -168. -149. -153. -142. -137. -82.3 -88.5 -75.6 -77.1 
-164. -468. -306. -214. -259. -264. -214. -182. -179. -172. -152. -194. -165. -162. -148. -147. -141. -137. -113. -108. 
-373. -68.5 -40.4 -8.40 35.21 61.30 102.3 91.88 113.7 22.86 5.430 5.044 11.32 51.25 47.69 46.98 37.81 38.48 33.51 25.03 
280.4 171.9 -137. -98.1 -82.4 -15.0 9.254 -1.47 8.442 -51.7 -50.5 -38.2 -33.6 -16.0 -50.6 -70.9 -62.2 -53.7 -42.6 -38.9 
-303. -166. -163. -154. -134. -24.2 -23.9 -47.3 -63.4 -155. -133. -126. -121. -112. -83.7 -79.4 -98.1 -89.3 -50.9 -45.7 
46.02 -137. -150. -130. -112. -55.1 -7.57 22.22 -2.82 46.74 18.75 17.63 43.98 40.13 37.65 36.11 24.93 25.07 22.85 28.23 
-184. -70.8 -26.9 269.9 238.7 331.0 281.8 216.3 188.5 178.5 143.1 134.7 121.5 146.2 130.7 122.9 135.2 127.3 124.5 124.5 
9.177 13.13 -63.9 -48.8 -62.4 -30.3 -14.5 -13.1 16.35 -50.9 -46.7 -31.3 -60.5 -44.7 -79.5 -111. -82.4 -82.5 -75.2 -80.7 
-255. -127. -209. -133. -110. -136. -95.9 -88.7 -54.7 57.88 65.76 47.96 53.42 49.06 53.07 93.02 79.11 72.16 75.26 -4.90 
196.7 399.9 286.8 241.3 198.9 224.0 189.9 177.3 157.5 86.13 91.36 84.24 73.93 40.96 47.23 49.45 43.43 45.42 43.92 43.69 
-145. -230. -225. -149. -169. -147. -90.9 -40.9 -52.5 -47.5 -34.9 -0.23 -9.36 -5.11 -10.0 -6.22 0.312 1.191 1.120 -0.07 
66.14 244.7 -129. -287. -254. -214. -132. -139. -185. -129. -102. -27.3 -42.6 -42.8 -42.7 -44.1 -35.2 -38.1 -39.5 -42.8 
236.9 202.8 234.6 178.6 112.7 19.13 21.52 27.94 -47.6 -43.3 -61.7 -52.1 -18.4 -18.2 -9.62 -5.86 -5.51 -0.77 0.827 20.52 
35.63 -14.6 -17.7 -58.0 -28.8 -36.9 -46.3 -45.0 -31.7 -29.0 -23.8 4.419 3.828 -12.7 -26.2 -25.2 -23.5 -19.1 -27.1 -25.6 
-247. -98.0 -72.7 70.98 10.78 90.02 157.5 132.9 64.10 69.08 71.96 71.29 128.3 96.61 115.6 147.9 148.9 129.1 128.5 115.2 
-547. -286. -189. -146. -111. -5.75 -6.96 8.071 61.81 104.0 118.0 66.02 56.54 50.91 50.18 69.02 93.17 87.92 84.50 81.80 
7.365 116.2 32.18 3.390 25.80 13.67 71.92 31.27 21.23 14.85 10.42 13.01 35.98 45.99 44.15 20.68 -11.6 37.59 32.86 24.32 
12.77 231.6 155.7 178.5 207.0 181.7 178.3 195.6 170.8 202.6 202.5 201.8 161.5 145.3 133.3 121.6 110.5 134.7 131.2 193.1 
-112. -70.1 -32.2 -46.5 -52.6 -68.0 -57.7 -90.6 -33.6 -17.4 -53.6 -69.9 -63.5 -61.3 -49.8 -68.4 -59.2 -74.6 -88.8 -87.2 
-59.2 -481. -252. -121. -111. -89.9 -145. -136. -152. -129. -127. -104. -96.8 -92.2 -87.3 -77.2 -74.7 -58.8 -44.5 -48.4 
-229. -117. -277. -183. -148. -184. -152. -139. -124. -94.0 -97.0 -103. -111. -102. -96.2 -94.7 -88.5 -83.7 -89.0 -83.3 
-51.3 73.22 64.23 -11.3 6.593 12.52 38.70 31.04 26.46 10.23 9.117 11.26 -1.46 -39.5 -17.9 -16.9 -23.4 -24.2 -60.0 -55.6 
-87.1 -51.2 7.051 -92.7 -78.2 -32.8 52.61 34.96 -38.9 -85.1 -97.7 -91.4 -79.0 -79.8 -84.3 -80.8 -119. -113. -98.2 -93.8 
-8.77 -55.1 112.3 228.9 178.0 240.5 237.0 208.5 174.8 254.3 245.2 224.7 191.5 176.4 161.1 151.9 152.0 148.2 151.6 146.9 
36.30 -119. -223. -120. -74.6 8.932 6.361 2.670 11.03 52.49 36.95 32.50 -26.6 -24.5 -32.7 -39.1 -134. -131. -122. -113. 
-59.9 -33.8 -85.9 -66.0 -20.7 -21.9 -26.5 -34.7 -12.0 -18.4 5.686 29.87 23.55 -4.50 -2.31 -2.47 -11.4 -13.1 -12.4 26.42 
189.2 93.90 -43.9 -73.1 -52.9 -19.7 -28.4 -24.4 -17.7 -15.9 -22.6 -9.05 -3.42 -4.43 -2.87 -4.05 12.63 29.76 34.41 41.42 
122.8 41.57 33.69 40.86 7.990 64.87 59.40 48.79 45.96 49.97 46.09 43.04 44.83 56.71 44.74 37.11 35.27 28.62 21.14 4.679 
-15.3 -84.7 -71.7 -62.5 -81.1 -8.95 63.09 147.1 124.7 112.6 111.1 94.04 66.22 61.03 60.28 59.71 52.51 32.51 5.149 13.52 
10.54 158.3 190.9 102.6 121.9 38.40 65.87 -2.13 -6.33 42.34 41.16 47.79 36.62 40.83 31.73 31.96 20.39 17.69 18.49 23.90 
-358. -214. -98.3 -138. -217. -266. -247. -218. -198. -145. -117. -104. -95.3 -107. -102. -58.4 -48.1 -44.6 -44.7 -40.2 
-69.2 18.95 -83.4 14.28 44.55 56.33 3.344 11.60 -0.30 -43.1 -28.2 -5.23 27.98 25.10 17.38 14.75 23.36 23.07 29.05 28.04 
-72.1 92.52 2.404 22.11 29.71 31.89 33.99 40.53 36.64 47.74 113.3 104.1 90.60 94.29 94.84 95.40 88.72 89.36 92.57 87.26 
-288. -134. -65.1 9.808 -2.80 -12.7 -13.9 4.538 -13.9 -164. -136. -121. -102. -84.3 -82.5 -78.1 -77.5 -98.7 -100. -95.1 
2.037 20.22 -64.2 -74.4 -123. -94.6 -79.2 -109. -43.5 -56.0 -41.7 -33.3 -74.0 -72.0 -59.1 -14.3 -19.9 -8.53 -3.64 -5.33 
-26.6 -86.2 -63.7 -44.2 30.22 22.88 47.24 43.87 45.03 4.461 4.558 6.718 4.488 8.103 17.68 1.347 23.81 22.20 57.55 56.31 
0.852 5.566 -20.3 -25.2 11.91 42.67 26.03 22.41 49.88 8.578 40.45 35.57 40.20 40.92 62.70 42.08 8.294 5.953 6.625 7.348 
212.9 117.7 10.03 15.23 57.75 67.89 42.30 47.92 49.32 46.89 30.68 21.67 25.55 -2.94 8.920 3.032 3.871 3.791 2.239 2.529 
-256. -127. -124. -119. -72.9 -73.9 -123. -110. -71.5 -64.0 -70.0 -75.0 -69.6 -49.3 -40.0 -39.7 -37.9 -40.4 -38.3 -50.2 
5.903 9.397 -4.25 19.46 16.92 34.46 33.47 26.06 20.80 -27.2 -60.1 -58.4 -53.7 -35.4 -31.9 -41.0 -51.7 -49.3 -45.6 -44.9 
308.5 192.1 111.0 75.40 25.28 19.83 6.004 -37.1 -24.3 -55.6 -102. -89.3 -84.1 -72.5 -58.0 -33.2 -32.1 -38.8 -21.1 -11.8 
239.4 114.0 56.90 61.75 54.77 41.78 24.45 17.79 46.43 32.60 27.09 25.63 30.23 37.65 38.08 24.70 25.02 9.374 12.16 62.15 
-2.35 -74.8 -56.5 -53.2 85.48 29.27 -1.33 0.625 -2.06 -1.41 12.72 8.533 35.94 28.72 19.57 17.28 -14.5 -13.5 -12.9 8.044 
-1.71 112.5 118.2 50.36 27.60 28.92 57.44 51.55 51.50 19.56 29.22 29.74 68.90 121.9 107.9 91.75 116.7 111.5 110.0 106.9 
-352. -95.3 -66.7 -51.9 -217. -254. -237. -210. -179. -160. -141. -141. -124. -95.4 -84.4 -76.8 -115. -112. -101. -109. 
180.7 -143. -101. -5.31 -31.8 32.43 28.77 42.74 77.32 84.40 98.10 73.15 74.04 68.21 68.10 37.02 32.66 31.42 29.52 31.91 
-125. -62.7 -421. -363. -312. -255. -213. -186. -173. -155. -139. -111. -90.7 -31.6 -33.6 -41.9 -45.2 -42.4 -21.1 -8.69 
18.81 -57.1 -16.8 73.09 49.27 63.20 44.48 -136. -123. -106. -79.9 -92.2 -81.8 -87.0 -85.2 -77.0 -69.9 -45.9 -32.9 -38.1 
3.497 -100. -42.8 -80.3 -67.9 -91.6 -108. -120. -106. -87.3 -87.4 -67.6 -63.5 -51.1 -42.4 -38.7 -13.4 -31.9 -24.8 -21.4 
-589. -402. -257. -378. -321. -255. -241. -222. -218. -169. -179. -175. -163. -150. -141. -130. -122. -118. -131. -128. 
-873. -111. -25.9 -13.8 16.21 15.50 24.45 47.57 59.93 54.69 47.21 42.00 33.76 35.90 86.48 87.80 112.9 104.6 97.01 91.19 
-62.9 -57.5 -66.2 -66.7 -50.4 -45.6 -40.4 -30.9 -54.1 -46.5 -18.5 -21.2 -27.4 -66.0 -57.3 -63.0 -47.3 -44.6 -35.7 -33.5 
462.7 235.0 157.7 158.6 208.2 181.7 156.4 159.4 116.2 111.3 109.3 104.6 100.9 95.36 85.33 91.57 88.09 78.21 69.48 75.19 
123.8 -121. -106. 25.69 44.85 -7.33 -19.8 -19.0 -66.3 -71.4 -74.5 -70.0 -84.4 -84.3 -73.6 -71.7 -66.7 -55.9 -45.7 -19.0 
132.4 52.21 -62.2 -104. -22.7 -38.5 -111. -87.1 -91.0 -90.2 -79.8 -75.1 -73.0 -66.4 -62.9 -62.7 -47.0 -48.7 -54.2 -52.5 
-134. 128.8 -74.2 1.446 4.176 0.944 25.45 7.956 23.18 1.289 -33.9 -35.7 -30.7 -30.0 -27.0 -3.41 -2.98 -5.05 -2.38 9.953 
-0.32 29.66 94.69 51.82 22.83 6.141 7.841 5.274 7.572 29.40 2.963 -28.6 -65.4 -67.4 -71.4 -67.8 -45.2 -49.4 -44.9 -35.4 
-155. -0.16 2.009 -54.6 -81.8 -64.1 6.587 10.73 6.014 -4.23 -10.0 -30.0 -20.1 -18.1 -12.6 -15.8 -7.74 -7.91 -19.9 -45.5 
-169. 53.74 44.31 50.34 54.04 49.54 27.39 44.25 55.22 45.54 62.99 69.73 65.75 95.18 79.01 74.64 91.65 96.98 98.85 106.3 
94.10 -231. -93.5 -87.9 -59.6 -69.7 -58.6 -93.9 -80.5 8.963 -17.9 -55.6 -38.7 -36.0 -33.6 -40.8 -36.7 -34.5 -16.9 -5.37 
5.745 68.12 69.43 79.38 82.41 58.65 68.31 71.45 59.59 57.06 52.07 51.42 47.46 54.35 56.84 56.38 46.81 44.14 44.95 55.56 
55.95 53.34 27.89 36.39 123.7 158.6 137.2 87.15 68.29 88.96 89.67 82.44 102.9 88.47 116.0 111.6 116.3 116.9 112.9 109.2 
-46.0 -76.3 -164. -120. -65.6 -53.3 -45.8 -69.4 -77.4 -26.0 32.88 32.46 66.93 66.10 73.55 72.06 37.11 34.91 35.06 31.15 
-277. -56.0 -134. -123. -73.7 -63.1 -73.1 -59.8 -56.2 -17.2 -22.0 -21.5 -17.3 -7.89 7.025 6.281 10.01 7.590 5.845 8.562 
-6.79 -39.6 59.26 25.35 -14.5 -6.78 -3.08 -3.12 -74.1 -84.5 -75.5 -63.2 -57.6 -54.8 -80.4 -112. -103. -100. -94.6 -76.2 
4.150 52.17 21.64 -15.2 -57.7 -70.9 -38.2 -26.0 -15.7 -46.6 -63.2 -46.1 -54.9 -47.3 -64.4 -49.1 -50.4 -40.9 -2.61 35.41 
33.38 -35.0 81.14 -15.1 -10.4 -11.3 8.212 -15.8 -13.6 -17.2 -37.6 -32.5 -22.7 -24.2 -33.0 -52.1 -56.9 -46.1 -44.0 -35.9 
137.6 61.68 233.7 188.4 219.9 134.4 115.0 100.7 120.1 110.1 111.1 52.69 50.67 33.47 26.80 24.83 36.91 31.92 13.14 12.62 
-337. -162. -72.3 -5.07 33.76 -12.6 -2.63 -2.10 11.04 -25.5 -21.9 -11.6 -25.5 -23.1 -21.2 -19.0 -17.6 -41.6 -38.8 -64.7 
-109. 9.549 45.51 -69.9 -3.32 5.432 9.364 -26.0 -51.9 -37.8 -23.4 -27.3 -28.6 -27.4 -32.6 -35.7 8.894 9.675 3.899 -8.29 
29.71 146.0 140.4 105.8 43.97 34.33 18.30 17.38 20.38 -15.8 -24.2 4.194 3.377 1.219 0.764 5.013 28.07 27.08 21.76 30.60 
70.36 395.8 258.2 98.38 90.82 76.29 91.18 95.87 98.18 88.87 80.28 106.5 95.22 107.8 99.73 101.7 82.51 78.31 83.02 89.94 
86.55 136.3 97.16 94.73 89.56 79.68 100.2 90.37 72.81 64.97 55.81 43.42 22.01 23.91 23.64 23.02 -6.40 -49.8 -45.6 -41.1 
68.80 17.47 13.30 2.575 -2.12 -5.20 4.175 -19.4 -13.2 -16.0 -43.7 -43.9 -40.4 -38.2 27.50 -3.72 4.568 -4.79 -14.3 -2.41 
267.2 323.0 78.07 20.62 13.39 4.913 -10.2 54.69 55.87 91.83 80.06 65.87 61.88 59.00 37.74 35.73 28.29 12.75 7.516 15.92 
12.46 39.37 -7.70 -2.96 -36.5 -39.8 -32.9 -30.3 -25.5 -28.8 -39.8 -33.8 -45.5 -28.3 -40.6 -55.0 -51.0 -53.9 -43.0 -24.8 
57.58 89.64 129.9 64.46 74.60 78.08 88.74 44.65 41.44 -40.5 -104. -70.9 -64.2 -59.5 -114. -106. -100. -98.0 -96.5 -89.4 
142.3 71.56 -58.4 -62.4 -49.6 -86.6 -61.1 -73.7 -65.0 -61.6 -56.8 -30.7 -31.6 -30.4 -32.4 -39.8 -36.2 -40.5 -58.3 -52.1 
27.08 -120. -89.7 -64.3 -49.9 24.76 24.90 13.21 20.42 15.56 10.55 20.51 18.56 17.13 21.75 30.09 23.05 32.13 14.49 18.16 
303.4 33.01 17.81 75.15 5.201 15.41 31.03 37.69 52.77 41.61 32.29 34.06 19.60 22.21 26.48 19.16 20.81 12.42 8.363 7.232 
0.392 38.28 29.80 -20.4 -24.7 -19.8 -152. -162. -144. -134. -138. -122. -87.2 -82.1 -69.7 -65.9 -64.1 -60.4 4.140 2.564 
-378. -181. -129. -93.7 -61.9 3.334 6.785 -28.3 -7.38 -1.81 -0.67 -2.96 -3.99 -0.62 -3.72 -3.38 -16.5 -44.7 -42.3 -45.9 
-70.4 -1.66 105.7 84.34 51.15 55.73 48.54 24.68 18.66 68.48 16.16 14.26 -8.96 -9.88 -8.29 -6.90 -11.5 -11.2 -9.29 -9.17 
168.6 87.71 95.02 139.1 247.5 183.6 185.0 225.2 195.8 174.1 154.8 155.5 153.9 156.2 150.0 149.4 153.2 144.7 134.5 127.5 
110.1 92.09 36.33 24.50 85.77 103.9 162.5 148.6 105.1 91.34 76.13 62.20 61.91 63.05 46.98 49.22 43.05 41.81 47.04 61.86 
-99.1 -67.2 -66.8 -7.09 -27.0 -57.7 -29.8 -32.7 -41.2 -42.8 -81.4 -59.0 -54.9 -69.5 -60.1 -59.7 -54.6 -51.6 -49.5 -48.0 
-248. 208.9 86.89 66.14 58.99 41.02 35.71 22.42 30.53 79.38 36.61 21.12 21.02 25.51 29.83 -24.0 -16.8 -20.9 -20.6 -19.6 
-154. -94.8 -159. -47.4 -98.5 -92.7 -91.9 -121. -104. -96.3 -112. -99.5 -109. -100. -116. -87.6 -72.8 -70.8 -57.6 -69.0 
335.5 315.0 274.4 158.4 143.0 29.10 23.74 128.6 116.5 105.0 115.9 101.9 68.04 62.39 57.29 67.36 63.66 65.33 48.05 65.42 
-68.8 -37.7 -98.9 -91.8 -102. -64.9 -71.9 -59.8 -68.4 -64.3 -48.6 -37.5 -41.8 -42.4 -62.4 -80.5 -58.0 -52.4 -49.3 -42.9 
96.83 160.7 113.2 70.19 17.09 -67.2 -64.0 -39.4 -38.7 -21.2 -22.1 23.01 22.10 8.974 26.66 27.26 28.74 27.43 32.15 17.70 
-445. -378. -393. -330. -235. -219. -187. -163. -146. -113. -120. -139. -112. -117. -107. -108. -105. -94.6 -90.6 -84.7 
-41.5 6.607 -21.4 -80.4 -114. -96.5 -79.4 -76.1 -107. -123. -121. -84.7 -80.1 -69.1 -59.0 -41.1 -40.9 -36.4 -44.4 -40.5 
30.35 -10.9 -126. -116. -133. -146. -101. -116. -89.1 -72.3 -75.0 -70.7 -65.8 -69.5 -69.5 -70.7 -66.2 -74.4 -72.7 -74.8 
3.751 -89.2 -65.5 -49.1 -100. -83.5 -79.5 -68.7 -44.2 -26.5 -27.6 -25.0 -32.5 -42.2 -29.7 -47.0 -46.5 -49.5 -27.8 -29.8 
-80.6 38.10 -19.4 40.15 66.54 41.25 -19.8 32.80 22.76 16.33 24.02 19.18 16.88 22.93 16.22 33.82 37.61 35.56 35.61 35.35 
457.7 228.2 154.3 193.1 159.6 135.4 115.3 111.4 108.8 115.3 92.63 78.46 72.88 68.20 58.89 55.20 51.92 39.98 40.53 47.13 
13.56 -94.1 -60.0 -55.7 -49.4 -39.3 -98.9 -87.1 -62.8 -82.6 -72.1 -64.9 -58.8 -45.4 -4.16 1.211 2.919 2.107 -11.7 -10.2 
193.3 71.76 43.68 167.3 138.5 116.4 101.2 49.10 39.94 86.35 77.23 59.68 54.56 77.90 55.95 49.58 53.96 61.32 54.81 55.17 
167.6 34.76 67.39 52.26 27.10 31.25 39.01 22.52 21.14 11.51 -4.57 -9.21 -23.8 -16.7 -30.4 -32.9 -28.5 -21.7 6.372 4.408 
-40.4 223.9 -3.36 -7.09 63.80 56.34 56.91 50.28 82.40 74.25 132.7 126.5 115.2 108.2 104.4 124.8 122.8 89.58 86.73 84.40 
-44.9 90.87 112.2 80.62 48.05 33.93 20.13 -4.59 13.97 18.77 -18.9 -35.0 -25.3 -15.8 -0.75 -0.55 -13.0 -13.1 -31.9 -36.4 
-20.5 -119. -98.2 -8.04 -26.8 -23.1 -22.2 -12.8 -11.1 13.47 3.861 0.514 -1.84 -31.7 -15.7 -16.8 -14.7 -3.78 -21.6 -49.4 
-0.19 1.347 19.35 23.18 -2.25 -5.60 83.64 82.38 67.88 47.69 28.86 35.12 32.39 19.19 6.159 -20.9 -18.5 -21.5 -20.3 -18.4 
-21.9 46.58 -8.07 -328. -221. -191. -107. -84.0 -69.6 -96.3 -93.1 -23.6 -16.4 -1.36 -5.25 2.777 -21.7 -20.6 -18.9 -16.0 
87.11 73.50 53.71 100.8 67.51 135.4 106.8 119.1 60.82 20.20 22.43 18.59 20.31 21.78 47.08 38.57 54.55 44.52 42.07 53.91 
-152. -304. -178. -220. -225. -193. -214. -235. -278. -267. -235. -202. -171. -111. -89.1 -131. -129. -181. -197. -181. 
-535. -95.5 -82.9 -59.7 -34.9 -9.67 -32.5 -71.6 -41.3 -52.7 -38.9 -34.0 -85.6 -74.9 -181. -170. -156. -149. -121. -116. 
-108. -52.6 -50.8 -120. -97.2 -99.8 -98.8 -193. -132. -110. -110. -87.1 -64.6 -55.4 -114. -161. -167. -157. -146. -141. 
10.22 -15.2 286.8 275.6 236.8 202.6 108.1 85.94 137.7 156.6 156.0 153.5 142.7 123.9 120.3 113.1 134.5 130.6 110.2 80.24 
377.7 57.51 86.88 29.85 1.758 43.09 11.44 63.34 51.92 38.12 32.92 34.01 -3.69 24.26 22.81 51.61 45.64 50.59 69.30 63.61 
-83.2 -296. -148. -78.7 -64.4 -81.6 -22.1 -17.1 10.33 22.45 16.03 22.50 7.149 40.44 33.95 10.15 9.339 9.903 8.440 11.60 
-369. -182. -67.5 -66.5 -51.1 -54.5 -41.1 -102. -71.0 -63.5 -64.3 -50.4 -48.3 -24.4 -25.4 -23.2 -15.0 -14.9 -19.6 -20.8 
-182. -101. -59.2 -48.4 -63.0 -53.5 -59.3 -65.9 -26.7 71.17 46.28 41.65 38.93 38.55 32.58 14.83 3.805 -16.3 -16.3 -15.1 
8.242 195.5 115.2 122.3 96.16 42.80 46.43 45.78 90.51 80.19 83.82 87.70 79.14 77.40 74.71 83.27 100.0 90.17 71.61 60.97 
107.6 -94.9 -92.7 -66.8 -89.5 -53.5 -183. -190. -163. -151. -131. -144. -133. -155. -129. -119. -114. -100. -94.0 -110. 
-92.4 13.87 -59.5 -31.8 -114. -123. -150. -147. -132. -170. -201. -170. -106. -113. -118. -111. -103. -98.1 -111. -122. 
-99.2 -157. -119. -84.8 -50.8 -261. -233. -156. -136. -126. -115. -79.7 -52.9 -43.0 -37.5 -19.3 -12.0 -11.3 -15.2 14.99 
-340. -205. -90.9 -59.2 -81.0 -61.4 -49.7 -2.36 -3.24 -5.49 4.735 -8.79 -18.3 -10.3 -5.48 -0.19 -11.7 -2.18 -5.29 -23.2 
-135. 180.6 -87.1 -96.6 -62.4 -22.3 -24.3 -0.54 4.005 6.962 6.811 3.576 17.69 17.55 17.86 39.50 25.14 26.31 51.37 54.01 
-308. -73.0 -67.7 -107. -243. -237. -82.6 -89.0 -79.0 -71.2 -38.7 -35.3 -31.3 -26.7 -26.7 -24.3 -11.2 18.34 19.66 19.21 
-10.0 28.88 -29.9 -96.6 -77.5 -103. -62.2 -54.5 -61.0 -82.4 -59.4 -50.2 -52.4 -47.5 -56.3 -52.8 -69.5 -54.8 -52.0 -57.2 
-146. 65.90 47.54 69.01 51.22 8.751 8.976 15.03 -6.65 7.256 6.322 18.90 17.21 18.14 24.14 19.27 3.696 0.532 -46.0 -44.6 
-23.4 -48.0 -67.9 -52.4 -45.5 -71.1 -49.8 -19.9 -49.8 -23.5 -18.8 -30.3 -14.5 -15.1 -13.6 -21.1 -20.4 -20.2 -15.0 -13.2 
154.0 130.8 128.5 62.90 11.39 -5.66 -13.8 -14.0 32.96 7.100 6.368 -16.1 -12.0 -11.6 -23.3 -21.3 -28.9 -31.8 -19.2 -16.3 
24.38 11.30 15.05 39.70 5.043 42.29 35.52 41.20 40.16 43.03 45.27 41.83 41.24 52.92 70.31 70.39 66.57 69.92 64.85 52.89 
-168. -29.1 -95.8 -111. -169. -221. -190. -178. -137. -87.5 -82.5 -62.2 -16.8 -66.9 -53.0 -39.2 -15.6 -15.3 -11.6 -16.8 
-13.5 -37.8 -30.5 -61.2 -17.4 -18.0 -0.38 -2.07 13.74 16.47 -0.95 0.314 11.48 -10.5 -8.67 -5.49 -2.78 -3.51 -2.71 18.56 
-50.3 -53.4 13.88 14.19 -7.03 47.13 39.36 22.77 23.97 15.23 17.53 15.45 14.14 53.92 52.04 49.09 45.47 58.42 56.81 81.41 
-255. -131. -87.8 -37.6 -26.1 -5.91 -5.40 -16.0 -5.38 -10.0 4.807 5.497 -0.99 12.56 -6.26 -8.19 0.340 13.33 6.314 15.83 
174.5 85.95 66.77 -41.7 -44.8 -40.0 0.713 -25.0 -23.8 -0.90 -0.00 -1.42 2.428 -21.2 1.133 -13.1 -9.07 -9.42 -1.51 -4.59 
-50.5 -283. -197. -87.5 -59.2 -74.9 119.2 94.15 100.3 100.0 75.74 61.96 59.38 44.26 44.88 45.67 41.23 43.93 37.92 36.61 
-38.1 15.80 5.922 20.51 -84.0 -86.5 -74.1 -58.8 -76.4 -13.7 -11.8 -18.8 -12.5 8.382 38.04 34.62 29.26 -21.1 -18.6 -18.8 
-164. 195.4 140.6 193.8 105.0 97.81 95.27 81.27 49.50 56.20 25.22 31.05 28.94 26.66 73.14 79.30 86.59 70.99 58.93 46.16 
179.7 1.707 -30.8 122.6 99.09 143.7 131.7 78.68 69.69 62.52 42.81 43.20 21.59 1.358 -11.8 -11.2 -12.0 -7.19 -1.34 -2.04 
52.87 1.560 -36.3 -30.6 -75.4 -108. -138. -123. -98.0 -77.0 -80.8 -125. -123. -117. -98.1 -92.0 -84.5 -88.8 -79.8 -72.3 
-144. 48.53 13.22 58.28 44.93 54.28 -17.2 26.17 24.65 16.25 26.58 21.82 28.12 11.97 20.11 28.98 30.30 36.32 43.07 63.73 
17.90 -7.25 46.93 -5.53 57.74 42.15 41.52 36.92 7.436 -71.4 -104. -109. -136. -145. -152. -143. -136. -129. -158. -151. 
-272. 128.5 180.0 140.6 58.63 25.31 33.97 28.26 2.587 -8.25 -20.2 -42.7 -30.4 -29.5 -39.0 -39.8 -50.9 -44.3 -61.6 -55.5 
-619. -283. -245. -183. -164. -122. -133. -119. -111. -101. -86.9 -81.1 -67.7 -60.8 -56.2 -54.6 -44.2 -29.3 -37.2 -43.5 
-108. -270. -163. -104. -84.7 -11.8 31.77 16.44 24.62 21.65 22.69 -1.25 -2.11 -4.18 4.525 13.94 13.56 15.93 9.173 8.030 
230.2 80.57 76.81 55.64 48.45 -34.8 -26.1 12.64 13.83 13.13 11.09 12.95 -1.09 -2.32 5.783 -15.1 -21.8 -22.5 -14.4 -12.3 
8.699 27.53 232.6 217.2 194.3 175.2 138.8 144.8 78.96 71.90 58.29 51.44 43.78 42.74 41.48 54.31 40.02 37.81 42.72 49.42 
-92.7 -103. -136. -60.9 -40.3 -33.8 -24.8 -21.2 -10.5 -15.9 -1.30 52.68 44.49 37.85 76.51 77.31 98.79 76.20 54.02 54.59 
-4.99 56.10 -17.8 -13.5 19.02 17.14 -43.9 -34.8 -46.0 -66.9 -51.3 -68.0 -73.8 -65.1 -58.5 -55.5 -60.9 -49.8 -43.3 -39.1 
165.0 71.83 -149. -143. -11.9 -40.3 90.20 82.13 53.07 47.77 25.99 16.87 1.506 1.809 -5.12 -11.7 -29.5 -42.1 -41.9 -27.1 
111.6 269.9 230.8 182.8 146.3 99.18 60.56 30.23 29.93 -0.38 -0.37 6.461 -8.36 -42.8 -8.58 -4.51 -4.94 -5.09 -60.4 -60.1 
-57.5 -155. -105. -85.9 -91.0 -81.2 -66.2 -57.7 -49.0 -48.4 -59.2 -48.6 -45.8 -36.2 -30.0 -42.0 -37.5 -28.4 -25.6 -31.0 
251.8 146.2 335.9 284.2 221.5 208.3 180.2 169.0 78.66 95.85 117.1 95.67 89.79 81.14 62.83 59.90 38.99 31.81 31.68 28.93 
241.6 82.57 48.35 42.43 27.39 18.57 104.1 88.60 7.607 -27.8 -48.4 -44.5 -64.8 -59.4 -29.1 -15.7 -12.1 -14.3 -19.7 -27.7 
76.56 -12.0 -32.6 -17.5 -71.9 59.07 50.53 39.60 47.52 43.98 42.59 38.46 52.20 52.83 49.84 57.32 61.32 48.18 46.17 54.64 
107.0 37.23 78.68 202.5 207.9 191.8 117.6 37.94 46.16 42.50 40.95 28.39 98.62 94.47 83.93 78.48 69.85 82.77 47.98 35.51 
365.3 173.1 -355. -268. -192. -160. -125. -96.4 -128. -72.7 -64.2 -72.0 -64.2 -43.4 -40.4 -72.7 -69.7 -67.2 -66.0 -68.2 
-460. -312. -26.5 -68.1 -65.4 -82.5 -85.5 -82.1 -70.6 -69.4 -78.2 -71.8 -57.7 -69.3 -96.9 -86.4 -72.8 -62.5 -68.9 -69.7 
-249. -203. -30.0 4.600 1.862 2.715 -22.1 -14.6 -41.4 -49.2 -47.9 -39.1 -34.7 -90.0 -89.6 -86.2 -109. -99.0 -94.5 -85.1 
-411. -115. -105. -140. -110. -79.4 -65.7 -58.4 -93.7 -68.7 -58.9 -48.2 -50.8 -39.5 -38.3 -36.5 -30.4 -49.3 -48.0 -21.4 
120.3 21.04 -42.7 -26.8 -14.0 -8.59 -13.9 7.541 8.459 7.914 7.533 10.62 -13.3 -47.2 -51.3 -52.5 -37.8 -39.8 -34.5 -33.0 
7.511 66.52 -420. -283. -272. -271. -240. -195. -165. -160. -132. -116. -107. -89.6 -83.3 -79.5 -77.2 -82.0 -77.6 -80.0 
