1368.5458899999999 2.2737367544323206e-13 1368.5458899999999 2.2737367544323206e-13 0
1369.1765705 2.8483941557736965 1369.9945936000001 4.6678271239470766 2
1371.3132561 5.791148425430937 1376.103505125 11.27914554213833 4
1375.5790829 9.312180573152114 1386.8871979250002 25.932652984930897 6
1381.565282575 14.643387123550738 1408.0257689750003 41.78676442884666 8
1389.9800322750002 19.814170860769455 1434.302143625 68.90699636558655 10
1397.4899875249998 25.63155188362036 1463.38028485 97.28014554570804 12
1416.183905175 38.144763774196264 1516.4151649 134.71257452367968 14
1428.667118275 46.265475043237835 1541.0576072999997 151.61345967701965 16
1452.8810032 64.71442158045707 1580.5771083500001 160.15852557691758 18
1464.476788 63.41652376193635 1599.182115225 173.72176974212005 20
