382.48258999999996 5.684341886080802e-14 382.48258999999996 5.684341886080802e-14 0
382.492420406 0.7414729946439992 383.25078015 2.0386062330242507 5
382.51998935 1.4691796466190643 385.410123984 4.849133751172745 10
382.53272894199995 2.167534154680877 388.723138814 8.842417709044168 15
382.69176570800005 3.063855233479513 393.45465119799997 15.119836583220136 20
383.25934363400006 3.602404846786218 399.828460698 22.69400718723054 25
383.31459450600005 4.50511405032164 405.95168235400007 29.487792492489497 30
383.40482961000004 4.990207176714541 412.858801866 38.41264019844444 35
384.18050234599997 5.67407383144044 422.74619360599996 45.09954422360962 40
383.986866788 6.618874192740995 438.151404084 65.84198293193256 45
384.76841552 6.947706291323874 452.00555846000003 87.2302157985235 50
385.491066152 8.27987063342718 464.09221287 98.24823836402521 55
385.74956266000004 8.725734404474945 490.98551061800003 132.4448548572585 60
386.594843934 9.548534994605683 491.64162047800005 126.08061621163904 65
386.399918684 10.176382494319913 520.51196811 158.67380775498142 70
387.958918602 11.260993295605614 535.8122523940001 173.61297366401078 75
389.042350722 12.166205766748126 552.755606866 199.6132747077355 80
389.16759324000003 12.49464708056874 579.725562772 225.09597863235206 85
390.665326958 12.677416928949231 606.987244662 257.99977647527675 90
390.93025087 14.043513201394326 643.8650292579999 297.0137275635664 95
392.06012583399996 15.874564799222073 662.9303638819999 377.7277532700162 100
