-561. 149.6 754.1 562.6 451.1 362.3 220.6 200.0 62.14 52.53 
262.5 544.1 356.4 263.8 333.9 417.3 360.5 218.0 150.0 184.1 
-983. -620. -384. -607. -55.8 -44.7 -34.6 21.54 3.937 -56.2 
6.146 22.23 178.7 146.8 -46.9 205.9 -145. -195. -222. -48.4 
-160. 732.8 1340. 831.5 693.0 496.3 429.0 384.4 340.7 295.5 
805.4 -42.2 361.3 200.5 153.9 48.50 274.9 189.9 72.04 92.08 
-3628 -1752 -966. -832. -754. -812. -1053 -983. -868. -834. 
-260. -821. -541. -503. -556. -478. -398. -806. -733. -667. 
-4601 -2975 -1923 -1425 -1082 -903. -773. -808. -726. -673. 
-2286 -1289 -780. -530. 1144. 962.1 872.2 756.8 750.8 573.1 
3930. 2112. 1310. 1199. 1025. 857.5 929.3 479.2 416.8 360.9 
-469. -489. -1271 -925. -1160 -893. -1052 -882. -790. -1227 
-261. -122. -86.0 -63.9 -176. -600. -625. -471. -422. -738. 
2892. 2665. 1756. 1471. 1189. 910.7 769.0 498.6 441.5 457.9 
997.6 928.1 1011. 663.0 1115. 928.7 389.9 608.5 533.5 433.0 
-4001 -1978 -1909 273.5 159.6 141.9 389.3 351.8 488.8 129.4 
148.1 943.0 390.7 -143. -790. -767. -708. -603. -593. -577. 
-64.6 -679. -524. -421. 160.0 344.9 315.3 337.1 294.3 220.8 
-39.3 646.6 442.6 -156. -351. -317. -331. -216. 224.2 290.9 
-2765 -985. -610. -658. -367. -451. -331. -392. -384. -345. 
-279. -537. -1005 -622. -648. -554. -527. -474. -415. -395. 
122.8 -273. -153. 10.09 -291. -732. -623. -741. -919. -756. 
529.1 -364. -620. -764. -668. -555. -487. -360. -360. -583. 
27.37 116.5 242.8 620.5 417.5 303.0 301.4 163.8 145.7 94.10 
-216. 52.37 165.5 214.5 36.57 -106. -110. 127.8 158.0 -114. 
2.549 20.29 36.19 -421. 36.18 33.13 21.82 35.29 -164. -142. 
11.35 -248. -1561 -1185 -966. -742. -499. -362. -231. -173. 
-410. -2554 -1607 -975. -250. -214. -500. -431. -513. -476. 
-1333 -691. -258. -169. -117. -59.5 -11.8 -181. -210. -142. 
-399. -1047 -883. -821. -747. -635. -286. -244. -234. -262. 
1299. 737.0 517.0 356.3 343.3 340.4 148.4 269.9 233.1 237.0 
653.7 762.0 472.8 242.8 387.3 958.9 828.1 804.5 702.1 755.7 
-552. 114.4 54.76 -23.4 -116. -559. -592. -149. -207. 317.2 
-174. 2400. 970.8 791.7 447.8 409.2 239.1 291.9 261.8 205.1 
3419. 1960. 769.9 566.3 453.3 463.6 378.4 333.0 297.6 -507. 
746.4 1364. 348.6 506.4 694.5 835.4 1228. 1029. 680.8 566.0 
877.6 1217. 915.0 628.7 491.5 426.6 588.2 524.0 469.5 420.7 
-754. -273. -7.99 -91.0 460.5 356.5 -11.2 -47.6 -84.5 -13.1 
1034. 840.2 552.4 435.4 512.8 432.8 391.5 354.7 378.0 519.6 
-1911 -394. -215. 437.0 268.8 204.8 222.5 296.3 154.5 126.6 
-1304 -211. -563. -451. -463. -1120 -996. -903. -766. -724. 
4069. 2176. 1708. 1124. 1024. 838.1 705.8 627.3 596.7 491.1 
298.8 163.2 268.3 282.0 281.1 276.2 233.8 431.3 438.6 351.0 
-122. 165.6 108.4 25.27 -161. -93.7 -80.4 -26.9 -301. -286. 
-18.7 -63.2 -533. -403. -324. -265. -37.4 -36.4 -68.9 -34.9 
-356. -14.5 -289. -216. -156. -42.9 -36.6 -31.3 -19.5 11.72 
1233. 605.1 666.3 134.8 114.1 57.02 -66.4 -33.3 -20.9 -39.1 
1104. 544.4 -146. -67.3 -375. -313. -640. -853. -767. -692. 
-94.8 -606. -605. -454. -333. -253. -385. -268. -74.9 -503. 
-482. -201. 107.7 66.46 70.71 84.01 50.49 -111. -115. -135. 
23.73 -77.5 -63.4 -49.2 -183. -131. -142. -52.9 -42.6 -98.3 
-204. -544. -364. -708. -819. -703. -611. -509. -530. -541. 
694.9 259.8 103.4 189.4 150.7 122.3 114.5 126.4 105.3 100.1 
3.802 -5.03 -63.8 -28.6 -37.4 -26.3 22.88 -24.3 -66.2 -61.2 
70.47 -11.2 1.162 14.76 2.939 -7.10 12.09 -0.70 4.612 2.512 
112.3 -4.59 -10.8 2.061 -32.3 -29.9 -47.3 -17.4 -116. -104. 
-51.0 -92.0 -62.5 -47.6 -14.9 -12.4 -4.56 -3.82 7.010 7.131 
-46.8 46.93 39.60 -15.9 -5.49 -12.3 -4.42 -2.29 -1.27 8.629 
111.7 5.444 3.765 -6.73 -15.2 -23.0 -26.3 -26.4 -22.8 -22.3 
-78.7 -28.9 -15.7 -78.9 -62.6 -51.6 -42.9 -35.6 -31.2 -35.2 
77.14 33.76 4.731 3.574 6.817 8.745 7.285 2.970 2.141 1.920 
-1.55 10.93 -16.3 -73.1 -68.6 -46.2 -44.5 -16.1 -15.7 -11.4 
19.01 -166. -118. -103. -86.2 -67.3 -11.4 -30.5 -26.8 -22.6 
-93.7 2.427 15.82 21.40 17.29 39.72 35.54 45.28 41.71 30.67 
33.65 -149. -59.1 -70.1 -71.7 -42.2 -57.6 -39.9 -28.5 -11.7 
3.886 1.281 23.44 50.13 57.07 47.24 42.63 38.05 42.04 43.13 
60.89 122.8 105.2 79.28 70.27 -16.4 -1.22 -6.60 2.342 -22.1 
-28.3 -17.7 -7.63 -58.2 -49.0 -38.7 -32.3 -24.1 -12.7 -11.4 
-81.6 -29.0 -12.8 -8.27 -6.46 -2.53 -7.01 -3.38 4.110 -19.2 
281.2 134.5 85.89 64.27 25.60 9.372 5.139 2.757 -17.6 -13.3 
-72.6 -38.5 -22.3 -16.7 -36.0 -52.9 -32.3 -30.9 -24.7 -16.2 
7.801 2.787 -3.97 -2.55 -3.97 -3.44 -7.13 -6.36 -10.9 -9.79 
23.61 12.59 5.959 5.314 10.41 23.54 29.62 26.08 23.63 16.02 
-12.6 9.698 14.97 14.93 17.71 15.12 14.74 26.12 20.91 18.31 
7.006 26.63 4.628 5.893 5.035 2.071 1.513 1.353 3.125 2.614 
-144. -60.7 -46.6 -35.6 -26.8 -33.3 -28.5 -27.0 -16.6 -16.1 
-52.5 -35.7 -16.8 -10.5 -7.84 -9.92 8.047 -39.8 -30.7 -28.4 
5.234 0.341 -0.35 -2.18 1.664 2.491 2.136 4.105 5.041 4.522 
77.89 36.17 14.85 14.29 20.30 19.79 10.03 11.41 10.40 7.751 
-16.1 -9.39 -1.20 -0.76 9.086 7.288 3.482 2.222 -3.44 -13.1 
-8.52 95.89 57.99 42.39 27.30 24.21 19.54 16.61 17.94 16.79 
-32.7 -12.2 -8.33 -7.72 -6.88 -5.73 -5.97 4.807 4.943 -8.27 
-4.24 11.37 5.843 1.685 -1.36 -4.25 -10.1 -9.38 -6.90 -3.95 
1.004 1.842 3.427 -12.2 -16.5 -16.5 -25.6 -26.0 -23.2 -20.7 
13.29 7.902 15.80 15.02 -0.23 -12.3 -10.2 -16.3 -12.1 -11.0 
21.01 11.22 -31.0 -16.7 -9.97 -4.66 -15.1 -12.3 -12.1 -12.3 
-8.17 0.119 0.756 0.544 -2.64 -12.2 -10.3 -9.15 -8.33 -10.0 
11.04 6.804 4.882 3.240 -1.65 -3.27 -2.71 -2.21 -4.50 -5.23 
3.228 7.619 12.92 13.36 13.28 11.80 13.17 11.43 5.795 3.878 
4.249 8.329 8.241 4.023 3.325 7.273 4.909 3.570 0.779 -3.64 
-1.69 4.358 -0.63 9.621 4.709 4.442 4.018 -5.77 -5.79 -4.79 
-3.64 -5.11 5.320 5.791 5.605 0.923 11.77 9.560 10.39 9.605 
-6.18 -1.18 6.196 -2.01 0.995 -10.8 -8.22 -4.90 -4.00 -2.71 
-11.0 -5.39 1.344 3.446 2.500 5.702 5.470 5.105 4.549 -13.4 
-22.3 -17.6 -10.3 -8.17 -6.49 -5.73 -6.47 -6.80 -4.49 -3.29 
-50.5 -33.2 -12.2 -2.73 -7.59 -9.75 -11.4 -8.15 -6.91 -6.35 
-14.0 -9.42 3.767 6.038 2.385 -1.58 -2.43 -1.78 2.454 2.016 
5.572 1.476 -1.76 2.173 3.334 6.347 3.296 0.819 9.782 3.907 
-42.3 -68.2 -76.8 -52.1 -47.0 -36.1 -27.9 -24.2 -22.2 -7.75 
-950. -261. -138. -97.5 -74.9 -54.0 -45.7 -51.5 -54.0 -47.6 
41.18 14.42 19.77 41.29 44.11 34.00 36.07 43.69 78.57 72.82 
-54.4 43.19 13.96 11.25 2.709 16.26 15.00 15.49 4.135 3.477 
37.02 13.87 -1.17 -0.69 -0.71 6.083 5.701 7.494 4.199 -4.79 
-46.4 -4.09 4.287 -29.0 -13.3 -9.36 -21.8 6.131 3.243 0.812 
517.1 243.6 138.4 103.1 -72.3 -29.0 -23.3 -11.4 -34.9 -22.9 
54.93 20.33 57.05 42.34 32.84 25.29 23.27 19.27 18.71 17.07 
-45.3 -29.2 -31.7 -24.4 -25.5 -21.3 -18.9 -14.8 -8.75 -7.40 
1.806 0.881 -5.12 -7.18 -3.95 4.216 7.164 6.572 7.022 5.522 
4.758 -54.2 -7.98 -11.4 -10.6 -3.83 1.063 5.092 3.323 2.159 
-27.0 -17.9 -11.3 -26.6 -20.9 -17.0 -15.0 -14.2 -12.5 -11.3 
17.35 10.77 7.663 1.436 -0.61 2.616 -1.64 -2.87 -4.16 -5.63 
-0.78 -13.6 -10.4 -8.50 -8.61 -6.80 -6.03 -5.08 -5.65 -5.59 
4.212 2.879 10.56 7.127 5.305 3.653 5.958 0.190 4.782 6.966 
11.84 -38.9 -31.4 -7.21 -3.20 4.265 4.638 1.396 1.070 0.900 
30.49 -3.66 -4.34 8.162 6.460 -10.0 -8.31 -9.97 -8.71 -8.61 
-12.6 -4.23 7.050 8.697 7.024 2.928 6.221 8.080 8.037 6.970 
-3.45 -14.6 -12.3 21.01 15.46 12.88 11.63 10.66 7.983 8.582 
-2.18 -6.44 -9.16 -5.57 0.404 1.135 5.515 1.318 0.743 1.193 
-0.30 1.487 0.908 0.612 -2.51 -1.82 -2.44 -4.21 -2.80 -1.80 
-12.6 -12.1 17.88 13.34 10.41 9.139 -8.82 -4.89 -5.59 -4.17 
26.38 13.50 6.013 2.176 -10.4 -19.8 -26.5 -24.8 -21.5 -19.4 
-5.32 -2.91 -1.95 4.744 -4.55 -1.28 -0.02 0.096 -0.55 0.425 
-2.49 -7.89 -3.10 -8.14 -8.16 -9.29 -6.20 -5.31 -3.52 -4.75 
-6.23 2.239 1.824 -2.29 -5.01 1.726 6.547 2.749 1.782 1.378 
-0.01 -4.75 -2.86 15.41 20.40 18.79 17.24 16.89 14.77 9.921 
79.77 37.17 28.48 22.39 20.95 17.32 11.64 15.35 13.77 8.742 
1.803 1.152 -0.14 -0.34 6.676 4.597 4.657 1.860 1.694 0.790 
4.104 -3.38 0.285 0.177 -0.17 -0.20 -0.18 0.086 -0.35 1.259 
-0.58 -0.39 -0.72 -7.15 -5.43 -5.05 -2.93 12.23 10.80 9.164 
11.29 3.546 3.166 -9.15 -8.11 -6.19 -5.52 -11.0 -10.3 -9.48 
-1.03 1.709 2.579 -0.81 -3.17 -10.5 -8.63 -7.68 -6.99 -4.31 
-8.14 -18.1 -13.2 -10.8 -14.1 -13.3 -11.5 -8.92 -8.73 -7.83 
-2.56 2.809 16.09 6.896 13.70 11.35 7.396 6.957 5.868 5.006 
3.288 -15.8 -8.64 -19.3 -20.1 -20.0 -12.2 -0.92 -10.6 -21.8 
-50.7 -27.8 -26.9 -14.6 -18.0 -31.6 3.103 -0.15 -3.52 0.443 
-41.4 -20.7 -50.4 -28.9 -27.9 -6.56 -5.91 -4.30 0.012 -4.35 
-8.96 -6.96 -12.1 -9.68 -7.66 -6.57 -7.84 -5.68 -3.99 -3.98 
0.039 0.790 -3.58 -1.43 0.832 2.793 2.901 2.421 2.788 0.338 
4.307 6.728 1.196 1.318 -1.67 -1.17 -0.99 -4.75 -4.36 -3.92 
3.936 6.800 -2.01 -1.93 -4.42 -2.68 -3.01 -2.71 -2.30 -1.04 
17.64 2.788 4.662 3.499 3.700 4.907 4.520 2.896 2.469 0.067 
-46.9 -18.5 -11.1 -10.4 -9.54 -9.71 -6.46 -4.31 -4.87 -4.53 
2.959 -83.7 -55.8 -22.7 -18.2 -14.8 -12.7 -10.1 -15.3 -14.2 
18.03 11.43 2.539 5.445 8.022 5.518 2.151 2.776 1.647 1.674 
-32.9 -16.9 -6.91 -5.93 -10.8 -1.01 -1.24 -2.07 -0.59 -0.39 
-2.83 -3.80 -0.29 1.209 -8.19 -7.37 -7.78 -7.31 -6.13 -6.13 
19.02 4.750 -0.30 -0.11 0.089 -7.07 -8.04 -8.65 -2.49 -2.55 
-52.2 -25.7 -3.70 -3.51 -4.68 -4.17 -3.71 -1.92 -2.86 -3.53 
-18.4 24.10 -7.94 -6.24 -3.16 -3.40 -1.92 -1.76 2.082 9.428 
-3.00 -2.26 -4.75 -12.6 -18.0 -14.3 -12.5 -10.9 -9.78 -9.73 
2.064 -0.29 -11.6 -9.15 -7.25 -9.52 -7.59 -6.41 -8.54 -6.92 
-1.15 -13.5 -9.05 -4.42 -6.79 -9.21 0.561 -5.91 -4.77 -1.20 
-18.5 6.484 4.547 -6.30 -4.56 4.703 8.653 10.99 8.952 8.101 
-1.07 7.120 0.818 0.424 0.381 0.635 0.650 0.838 1.858 0.881 
-23.6 -23.5 -15.7 -11.5 -9.78 -10.2 -7.26 -9.63 -7.94 -7.92 
1.626 2.147 6.837 5.415 4.693 6.415 5.613 4.904 2.012 3.552 
4.181 9.162 11.21 11.69 5.776 3.637 2.274 2.399 2.167 2.493 
13.19 3.103 9.948 4.341 -1.10 -4.84 -10.2 -8.47 -7.38 -5.98 
1.728 -3.28 -13.5 -10.4 -8.73 -24.9 -21.5 -8.70 -7.50 -6.80 
1.298 6.490 4.307 12.17 6.972 6.128 5.121 10.29 11.11 14.39 
67.91 40.50 20.32 13.03 10.72 9.641 8.266 6.074 -0.65 -0.71 
27.12 12.98 7.213 6.593 3.550 2.261 1.605 3.828 3.213 2.174 
7.363 6.799 4.207 1.754 1.940 1.321 0.803 4.889 4.548 3.299 
-68.9 -16.7 -30.6 -33.7 -27.6 -23.2 -18.1 -16.7 -16.5 -16.7 
9.413 10.28 5.719 4.214 17.93 9.179 20.79 20.17 16.07 14.86 
19.83 20.85 30.90 17.04 -0.99 1.411 1.761 2.937 -1.59 1.442 
1.277 -5.84 -7.23 -5.16 -3.96 -3.15 -2.91 -4.56 -3.65 -3.11 
-5.55 -2.42 -1.04 -2.36 -2.10 2.304 0.884 0.753 3.562 3.597 
0.232 -1.83 2.561 2.144 0.967 0.338 -1.25 -0.90 -1.08 -2.30 
-25.5 -18.0 -0.17 1.184 0.622 2.914 -0.36 4.844 5.063 4.493 
-7.32 -3.90 6.311 1.612 0.519 -7.91 -2.82 -2.40 -4.51 -6.40 
5.858 95.22 63.66 42.89 30.62 27.87 23.34 19.94 18.24 16.44 
33.14 81.45 58.71 42.10 32.51 27.21 23.76 19.43 20.97 19.56 
5.078 -3.77 -0.17 -23.8 -42.0 -36.0 -20.6 -15.5 -11.2 -12.7 
2.854 3.021 20.85 23.80 21.41 34.46 35.09 29.66 26.63 29.38 
-86.5 -51.8 -47.3 -37.6 -25.2 -21.8 -19.9 -15.0 -10.6 -8.38 
1.582 -3.24 -2.22 -2.82 4.166 1.965 1.063 -2.94 -2.97 -2.66 
-107. -51.4 -48.0 -65.7 -43.3 -34.9 -29.4 -25.5 -23.3 -20.8 
3.124 -3.75 -5.43 -4.40 45.20 40.61 45.71 41.89 38.16 30.23 
-59.6 -29.8 20.51 3.362 -41.2 5.187 -2.30 -1.65 -23.4 -40.1 
-4.02 -2.79 -7.86 -5.99 -5.16 -3.56 -3.74 -3.54 -3.43 -2.72 
3.098 10.42 4.112 7.725 4.470 5.465 4.784 4.335 3.061 3.288 
-52.3 -26.7 0.487 3.516 4.144 6.023 5.002 2.551 0.633 1.344 
11.54 3.182 2.032 -7.27 -5.89 -2.78 -2.76 0.176 7.634 6.269 
-8.96 1.486 1.071 -0.75 2.730 2.290 0.319 0.028 -1.39 -1.83 
25.15 12.63 9.843 9.116 14.29 9.691 8.562 9.471 7.334 2.801 
-1.06 6.360 13.66 -2.48 -11.4 -7.01 -6.03 -5.42 -4.53 -3.38 
-98.4 -48.2 -31.3 -24.1 -39.9 -34.6 -27.8 -24.7 -24.4 -28.6 
0.057 1.765 0.147 -0.66 2.641 3.351 2.874 1.483 1.338 1.910 
15.57 7.782 5.949 8.914 2.384 -0.86 -1.03 0.688 0.896 0.821 
-1.86 0.239 0.104 2.040 2.206 2.052 2.751 5.144 4.471 4.097 
16.00 6.662 5.332 -3.78 -4.00 -3.68 -3.46 -2.09 1.719 1.546 
2.551 7.488 3.366 1.927 0.871 2.361 2.214 -1.08 -0.31 0.021 
9.213 -0.09 -0.95 -2.23 -1.80 -1.18 -1.12 0.823 0.319 0.228 
7.209 -2.15 -1.55 -1.51 -0.27 -0.06 -0.30 -0.28 -1.49 -1.79 
-10.4 -5.57 -5.36 -3.50 -3.09 -3.58 -6.50 -3.35 -1.36 -0.42 
-0.84 0.095 -0.76 -0.00 -5.83 -5.19 -5.54 -4.87 -4.27 -4.28 
-5.36 -2.98 -2.86 2.689 2.854 4.171 3.652 3.987 3.657 3.514 
0.863 -1.31 -1.23 -2.94 -4.74 -4.69 -0.75 5.461 3.005 3.118 
-1.88 3.590 -2.22 -0.02 -0.21 -0.72 18.83 17.78 15.84 11.65 
-31.7 -7.96 -15.0 15.16 20.56 18.69 11.70 32.13 21.35 29.93 
54.14 40.29 -14.5 -11.2 0.502 32.66 28.27 31.51 33.53 30.54 
-1.96 -34.2 -48.0 -34.5 -26.6 -42.3 -36.4 -35.6 -2.46 -3.68 
-3.06 -23.2 -3.61 -3.14 22.99 4.920 19.87 18.01 15.97 14.50 
-38.1 -20.7 -6.46 8.280 6.172 2.561 4.598 3.590 3.786 4.191 
1.289 12.76 9.766 7.370 4.359 4.942 3.123 -0.38 1.982 0.202 
5.102 0.889 -13.9 -6.80 -4.52 -2.91 5.561 7.525 8.024 7.210 
-4.37 -2.12 -3.53 -2.72 -1.45 -1.42 -0.96 -2.66 -2.37 -1.82 
3.278 -14.5 -10.9 -5.89 -5.54 -4.54 -4.07 -3.54 -3.14 -2.80 
-1.74 -5.28 -5.37 -0.73 -1.50 -0.77 -0.91 -0.58 1.142 0.048 
-12.2 -6.29 -11.2 -10.6 -7.86 -6.54 -13.6 -12.4 -9.77 -9.00 
3.957 5.278 19.66 8.760 8.697 3.505 0.579 2.102 2.219 0.254 
0.947 -4.24 -2.77 -2.68 -2.19 -0.89 -1.82 -1.31 -1.20 -1.41 
0.147 0.604 1.432 -1.50 -1.48 -1.01 0.171 -0.59 6.018 5.321 
-3.27 1.158 2.719 2.222 1.363 3.642 3.235 1.937 1.182 0.583 
-1.33 -9.44 -6.80 -6.37 -7.75 -5.92 -7.22 -10.1 -8.57 -7.14 
3.588 19.88 13.55 9.256 7.197 7.152 6.131 5.245 3.328 2.210 
-1.97 0.537 0.543 8.753 10.47 8.704 10.96 9.671 10.05 8.990 
1.704 -0.72 11.01 7.411 4.999 5.213 10.93 10.80 13.70 12.29 
0.910 5.248 10.83 8.125 9.762 7.462 5.548 4.419 5.436 4.592 
-1.04 -2.20 -5.34 -4.96 -3.80 -3.05 -2.30 -2.27 -1.93 -4.27 
0.375 1.184 -2.50 -1.09 -0.86 -3.46 -4.53 -1.31 -1.92 -1.49 
-5.96 0.105 6.086 24.73 19.84 15.51 14.40 12.40 10.92 9.190 
-25.3 2.709 8.179 8.066 -0.48 -3.54 -0.71 -1.97 -4.49 3.612 
-1.26 -3.92 -8.71 -6.62 -3.87 -2.73 -1.93 -2.13 -2.28 -2.50 
42.96 21.38 13.30 11.38 9.072 7.817 4.120 2.674 2.408 2.868 
-1.50 -1.57 -4.79 -4.16 -2.87 -2.36 -1.81 -2.33 -2.08 -1.18 
-3.89 -3.00 0.918 2.230 3.159 1.047 -0.89 -0.40 -3.14 -5.24 
18.00 12.95 4.799 2.793 6.665 4.612 1.272 0.282 -0.59 -0.54 
-1.39 -3.35 -4.71 -1.71 -1.51 -1.25 -7.67 -6.99 -6.29 -5.39 
56.61 27.77 18.39 14.71 11.32 9.204 9.111 8.385 7.442 6.531 
-0.45 -0.43 -1.71 -3.60 -3.00 -2.94 -2.54 -2.02 1.531 3.153 
3.637 2.239 1.643 0.488 4.731 2.088 3.675 3.173 3.153 1.572 
1.888 -0.52 0.479 -0.27 -2.79 -0.40 -0.36 -0.11 0.237 0.105 
-30.3 5.431 2.593 17.01 15.06 10.46 8.978 8.899 7.362 4.852 
1.267 0.820 0.025 1.611 0.840 -0.16 -1.22 -0.96 0.504 0.403 
-5.33 -1.53 -2.23 -1.75 -1.48 -0.87 0.609 1.911 1.416 1.271 
3.127 6.303 -11.4 -7.84 -10.5 -7.14 -6.07 -5.50 -4.91 -5.92 
-6.08 -6.01 -3.77 -1.45 -3.74 -3.06 -3.16 -1.59 -0.50 -4.23 
6.489 -0.14 4.088 -8.06 -5.97 -5.82 -5.36 -3.26 -4.04 -3.26 
35.28 13.76 18.71 19.52 15.48 9.266 7.954 5.250 4.855 3.114 
3.878 1.773 0.089 -0.68 11.88 14.32 11.28 3.819 12.72 10.53 
3.126 2.424 3.060 0.016 0.765 -0.48 -4.09 -3.25 -2.69 -2.57 
8.055 -1.27 -4.60 -3.56 -2.61 -1.24 -1.56 -1.26 -1.89 -1.32 
-5.01 -2.86 -3.98 -2.89 -3.03 -3.36 -3.05 -2.63 -2.34 -1.85 
3.625 1.845 6.056 2.974 12.31 9.070 7.686 6.699 5.603 6.109 
1.540 0.724 1.162 0.672 0.395 0.332 0.141 -0.53 1.232 2.783 
0.319 0.109 -0.96 -2.38 -0.55 -4.25 -4.40 -3.04 -2.89 -3.66 
14.09 3.808 2.582 1.593 -1.54 -1.50 -6.08 -5.96 -3.25 -2.85 
-0.31 -1.49 -4.51 -4.16 -3.43 -2.81 -3.31 -2.98 -2.35 -2.54 
-14.0 -7.53 -10.0 -7.49 -7.30 -6.05 -3.96 -3.61 -3.78 -4.05 
-14.3 -30.4 -19.7 -14.5 -11.9 -9.79 -8.85 -7.75 -7.21 -9.33 
12.29 6.872 13.20 -8.09 -6.69 -0.51 -0.80 -0.52 -0.47 -0.76 
11.65 -4.07 -4.35 -26.8 -23.2 -20.9 -11.4 -11.0 -10.1 -9.50 
-23.4 12.65 6.422 7.740 8.742 5.767 0.675 0.005 -0.07 -0.40 
-27.5 -13.7 -13.7 -10.1 -7.93 -9.30 -7.99 -4.30 -5.50 -4.85 
1.820 0.021 -0.36 1.415 2.252 -5.35 -2.75 -2.71 -2.04 -3.46 
-3.31 2.161 -8.30 -6.62 -5.39 -7.36 -6.18 -5.12 -3.72 -3.99 
1.798 -6.97 -13.9 -9.74 -8.00 -9.08 -7.24 -4.61 -7.84 -7.08 
-1.33 9.587 2.177 2.440 -1.68 -5.48 -3.69 -2.88 -2.40 -1.84 
-28.2 -15.5 -9.40 -7.05 -5.60 -4.69 -4.51 -4.24 -3.94 -3.80 
-0.98 -1.98 -0.16 -8.08 -5.95 -5.95 -4.74 -4.39 -3.40 -1.90 
-3.85 -11.7 -9.75 -4.18 -4.55 -5.46 3.008 2.482 5.243 -0.86 
-1.28 -1.22 1.460 1.174 1.373 1.292 1.437 1.022 1.992 2.334 
1.874 -2.13 -1.03 -3.47 -2.84 -2.42 -2.29 -3.26 -2.76 -2.95 
-11.8 5.834 3.082 -0.30 -0.28 0.134 -0.06 2.211 2.022 0.357 
2.025 -17.6 -11.7 -10.4 -10.2 -9.06 -13.8 -12.2 -3.83 -3.78 
-0.47 0.335 -13.0 -11.3 -6.81 -4.82 -6.56 -6.05 -5.32 -5.23 
-8.73 -5.81 -3.18 1.093 0.561 -3.32 -2.95 -9.42 -8.62 -8.71 
4.348 2.199 2.709 8.374 7.172 4.755 6.651 5.621 2.899 2.285 
-7.48 6.209 4.662 -10.8 -18.8 -15.6 -17.3 -14.9 -9.06 -7.46 
-3.96 7.112 0.569 -0.56 11.45 9.140 -3.74 -0.26 -1.75 -1.57 
-0.65 4.681 1.981 10.62 9.028 14.74 5.259 3.723 2.471 -2.30 
-9.24 11.92 7.950 5.494 9.311 9.983 8.495 7.276 8.274 9.732 
-24.4 -20.9 -12.5 -8.41 -7.13 -3.82 -6.79 -0.52 -0.97 -1.25 
-8.76 -4.79 12.20 8.278 4.219 1.579 -0.86 0.476 0.621 -1.26 
0.332 -5.48 -11.0 -8.31 -4.58 -4.47 -3.90 -7.21 -4.65 -5.77 
-33.4 -18.3 -14.0 -9.07 -11.3 -9.97 -8.18 0.837 0.137 -1.39 
-8.36 -2.69 -12.8 -9.21 -7.60 -5.09 -4.38 -4.02 -3.34 0.499 
-7.74 -8.34 -6.08 -1.92 -0.06 -0.79 -1.45 -4.93 -6.61 -7.64 
-11.7 -9.84 -4.22 -7.34 -5.00 -4.62 -6.18 -6.01 -2.61 -2.12 
-1.26 -2.38 17.54 12.76 9.358 9.031 6.324 5.086 4.537 4.988 
-1.14 -6.92 -4.48 -3.71 -4.91 -7.00 -6.19 -5.13 -4.41 -3.03 
-2.36 -19.9 -13.7 -7.01 -4.93 -3.95 -3.65 -5.18 -4.48 -2.99 
-5.00 7.917 -1.07 -3.80 3.278 2.943 1.931 0.271 0.422 4.977 
-0.37 20.80 19.54 22.75 26.99 17.61 14.71 16.89 15.90 10.02 
11.00 -47.7 -33.2 -7.24 -4.78 3.525 4.079 -15.7 -10.9 -11.5 
-43.3 148.6 100.4 89.44 73.96 56.88 68.76 60.71 58.79 19.56 
-19.8 -30.1 113.1 85.55 120.8 138.1 183.5 161.4 145.3 114.8 
3.577 6.105 5.866 13.83 12.11 15.39 13.33 13.69 12.00 14.27 
13.26 13.59 17.84 10.12 14.04 8.020 7.233 5.581 3.104 4.666 
23.37 -15.1 9.978 16.75 26.74 31.29 26.83 23.78 20.90 20.02 
115.3 55.08 30.37 21.54 16.69 -30.9 -26.7 -18.5 -11.9 -9.43 
-20.7 8.534 27.06 27.13 30.82 38.07 31.95 28.64 26.00 22.43 
167.9 10.47 9.557 50.48 19.33 -3.80 -6.89 3.526 3.416 12.17 
-83.3 -31.0 -51.5 -14.1 -4.68 -24.0 -12.1 -14.4 -22.7 -17.6 
-11.2 -17.5 10.26 8.179 7.356 9.755 26.61 11.43 18.88 18.15 
52.13 -102. -23.7 10.47 66.32 35.49 46.02 61.75 60.80 55.82 
-83.4 -39.4 -23.6 2.402 -32.6 5.672 38.36 22.27 26.63 22.98 
-99.3 -45.5 -39.5 -70.9 -39.9 -74.6 -25.7 -3.10 -16.7 -15.8 
