1.00007948 -0.0015695 0.01974308 -0.0000826 0.00012569 -0.0002083 -0.0000903 -0.0000729 
0.00000010 1.00280171 -0.0000059 0.01973114 -0.0002214 0.00019520 -0.0001893 -0.0002551 
0.00397380 -0.0784785 0.98715380 -0.0041336 0.00628466 -0.0104190 -0.0045160 -0.0036463 
0.00000524 0.14008551 -0.0002994 0.98655711 -0.0110707 0.00976007 -0.0094653 -0.0127574 

1.00019391 -0.0011455 0.01975181 -0.0000114 0.00018743 -0.0001167 -0.0001319 0.00011159 
0.00020299 1.00277345 -0.0001518 0.01990618 -0.0001498 0.00014860 -0.0003154 -0.0002076 
0.00969528 -0.0572752 0.98759029 -0.0005709 0.00937151 -0.0058349 -0.0065992 0.00557959 
0.01014964 0.13867243 -0.0075924 0.99530894 -0.0074917 0.00743018 -0.0157722 -0.0103842 

1.00012524 -0.0010953 0.01961616 -0.0000581 0.00023378 -0.0001791 0.00004923 0.00022320 
-0.0000013 1.00225257 0.00001008 0.01988227 -0.0002344 0.00026182 -0.0001335 -0.0001876 
0.00626178 -0.0547661 0.98080790 -0.0029066 0.01168918 -0.0089552 0.00246169 0.01115998 
-0.0000658 0.11262854 0.00050410 0.99411353 -0.0117228 0.01309077 -0.0066766 -0.0093835 

1.00030517 -0.0008188 0.01964880 0.00009249 -0.0000025 -0.0001636 0.00047985 -0.0002470 
0.00005498 1.00203579 -0.0000042 0.01975166 -0.0001419 0.00019277 -0.0004595 0.00010694 
0.01525843 -0.0409418 0.98244009 0.00462435 -0.0001250 -0.0081839 0.02399263 -0.0123531 
0.00274906 0.10178957 -0.0002143 0.98758278 -0.0070970 0.00963841 -0.0229768 0.00534681 

0.99992717 -0.0009441 0.01960157 -0.0002157 0.00003295 -0.0000972 -0.0000063 0.00018151 
0.00017754 1.00186544 0.00003649 0.02004797 -0.0000738 0.00019043 -0.0001561 -0.0001936 
-0.0036414 -0.0472072 0.98007831 -0.0107865 0.00164759 -0.0048607 -0.0003158 0.00907531 
0.00887696 0.09327216 0.00182433 1.00239840 -0.0036918 0.00952155 -0.0078051 -0.0096817 

0.99938281 -0.0008142 0.01850460 0.00095232 -0.0006109 0.00007136 -0.0003570 0.00038860 
0.00144047 1.00185390 0.00203569 0.01777802 0.00105217 -0.0002991 0.00067279 -0.0007277 
-0.0308594 -0.0407143 0.92522981 0.04761591 -0.0305480 0.00356812 -0.0178510 0.01943020 
0.07202333 0.09269502 0.10178437 0.88890097 0.05260840 -0.0149569 0.03363957 -0.0363861 

1.00000861 -0.0005589 0.01955916 -0.0002074 0.00013198 -0.0001314 0.00001202 0.00017622 
0.00004311 1.00119267 0.00001764 0.02003185 -0.0002356 0.00028492 -0.0001643 -0.0001822 
0.00043027 -0.0279462 0.97795775 -0.0103747 0.00659879 -0.0065737 0.00060098 0.00881090 
0.00215537 0.05963347 0.00088185 1.00159254 -0.0117803 0.01424617 -0.0082186 -0.0091115 

1.00002662 -0.0006440 0.01953948 -0.0003968 0.00025817 -0.0000919 -0.0000168 0.00009867 
0.00001001 1.00107083 -0.0000310 0.02011897 -0.0003113 0.00028142 -0.0001401 -0.0001484 
0.00133083 -0.0322008 0.97697399 -0.0198432 0.01290829 -0.0045978 -0.0008403 0.00493332 
0.00050034 0.05354164 -0.0015533 1.00594855 -0.0155694 0.01407118 -0.0070058 -0.0074206 

1.00007378 -0.0002786 0.01942975 -0.0002090 0.00007262 -0.0001504 0.00006955 0.00015198 
0.00004218 1.00074207 0.00003607 0.02002599 -0.0003053 0.00027414 -0.0002114 -0.0001360 
0.00368898 -0.0139312 0.97148741 -0.0104519 0.00363110 -0.0075245 0.00347736 0.00759912 
0.00210886 0.03710346 0.00180355 1.00129969 -0.0152669 0.01370712 -0.0105706 -0.0068012 

1.00010279 -0.0002723 0.01953828 -0.0002307 0.00007801 -0.0002638 -0.0000542 -0.0000008 
-0.0000526 1.00053871 0.00006442 0.02003030 -0.0002635 0.00039089 -0.0000811 -0.0000739 
0.00513928 -0.0136151 0.97691405 -0.0115361 0.00390031 -0.0131941 -0.0027105 -0.0000416 
-0.0026328 0.02693527 0.00322086 1.00151525 -0.0131749 0.01954444 -0.0040577 -0.0036977 

1.00000247 -0.0002145 0.01954671 -0.0002450 0.00013127 -0.0001550 0.00002524 0.00015828 
0.00001980 1.00041908 -0.0000162 0.01998603 -0.0002532 0.00033956 -0.0002242 -0.0001837 
0.00012330 -0.0107248 0.97733557 -0.0122524 0.00656356 -0.0077543 0.00126185 0.00791400 
0.00099002 0.02095420 -0.0008102 0.99930145 -0.0126629 0.01697780 -0.0112129 -0.0091851 

0.99997240 -0.0001042 0.01954571 -0.0002515 0.00010009 -0.0001501 0.00000391 0.00018237 
0.00001429 1.00015954 -0.0000250 0.02006324 -0.0002182 0.00026440 -0.0001564 -0.0002382 
-0.0013799 -0.0052125 0.97728535 -0.0125748 0.00500453 -0.0075064 0.00019552 0.00911845 
0.00071446 0.00797680 -0.0012505 1.00316224 -0.0109101 0.01322023 -0.0078211 -0.0119103 

1.00001457 0.00003608 0.01954352 -0.0002799 0.00013559 -0.0001367 0.00003154 0.00019130 
-0.0001270 0.99998763 -0.0000802 0.02044759 -0.0004515 0.00007252 -0.0002907 -0.0002417 
0.00072850 0.00180392 0.97717577 -0.0139986 0.00677962 -0.0068371 0.00157688 0.00956515 
-0.0063539 -0.0006187 -0.0040117 1.02237961 -0.0225791 0.00362604 -0.0145369 -0.0120853 

1.00000165 0.00001579 0.01955050 -0.0002658 0.00012203 -0.0001551 0.00002392 0.00016763 
0.00002076 0.99995869 0.00000730 0.02007315 -0.0002337 0.00030525 -0.0001932 -0.0001868 
0.00008258 0.00078946 0.97752518 -0.0132919 0.00610140 -0.0077596 0.00119606 0.00838131 
0.00103789 -0.0020655 0.00036522 1.00365751 -0.0116884 0.01526275 -0.0096611 -0.0093419 

1.00000687 0.00011001 0.01955520 -0.0002630 0.00011880 -0.0001766 0.00002652 0.00018899 
0.00000185 0.99983451 0.00001246 0.02011711 -0.0002494 0.00035357 -0.0001865 -0.0002434 
0.00034350 0.00550030 0.97775988 -0.0131508 0.00594015 -0.0088341 0.00132593 0.00944960 
0.00009259 -0.0082742 0.00062295 1.00585533 -0.0124715 0.01767833 -0.0093270 -0.0121744 

0.99997042 0.00014178 0.01954977 -0.0002918 0.00015685 -0.0001781 0.00007419 0.00010091 
-0.0000278 0.99969202 -0.0000228 0.02003237 -0.0002024 0.00033419 -0.0001516 -0.0002675 
-0.0014791 0.00708913 0.97748839 -0.0145938 0.00784232 -0.0089055 0.00370931 0.00504525 
-0.0013909 -0.0153989 -0.0011407 1.00161865 -0.0101200 0.01670956 -0.0075823 -0.0133781 

1.00002830 0.00018126 0.01955432 -0.0002077 0.00014359 -0.0001668 0.00003136 0.00016529 
-0.0000389 0.99955758 0.00007795 0.02001253 -0.0003955 0.00026208 -0.0002480 -0.0001387 
0.00141497 0.00906322 0.97771609 -0.0103868 0.00717934 -0.0083413 0.00156783 0.00826428 
-0.0019495 -0.0221208 0.00389746 1.00062630 -0.0197792 0.01310388 -0.0124025 -0.0069393 

1.00018047 -0.0002092 0.01966884 0.00010232 0.00040496 -0.0002757 -0.0001420 0.00024387 
-0.0000720 0.99966454 -0.0000033 0.01997373 -0.0003256 0.00036064 -0.0001639 -0.0002442 
0.00902369 -0.0104632 0.98344212 0.00511583 0.02024786 -0.0137869 -0.0071003 0.01219336 
-0.0036041 -0.0167727 -0.0001650 0.99868653 -0.0162829 0.01803185 -0.0081981 -0.0122106 

0.99996585 0.00026887 0.01957144 -0.0002123 0.00009781 -0.0002676 0.00006721 0.00012620 
-0.0001207 0.99945231 0.00000518 0.02005831 -0.0003449 0.00034246 -0.0003085 -0.0002231 
-0.0017073 0.01344347 0.97857223 -0.0106187 0.00489033 -0.0133799 0.00336042 0.00630985 
-0.0060384 -0.0273844 0.00025883 1.00291562 -0.0172479 0.01712321 -0.0154291 -0.0111547 

0.99998714 0.00033900 0.01962069 -0.0002113 0.00010438 -0.0001882 0.00000772 0.00019537 
0.00004828 0.99928270 -0.0000311 0.02004863 -0.0001963 0.00039442 -0.0000984 -0.0002473 
-0.0006430 0.01694998 0.98103437 -0.0105691 0.00521903 -0.0094140 0.00038587 0.00976861 
0.00241391 -0.0358649 -0.0015592 1.00243142 -0.0098168 0.01972094 -0.0049213 -0.0123693 

1.00001687 0.00039341 0.01960078 -0.0001915 0.00011857 -0.0001811 0.00004515 0.00018122 
-0.0000042 0.99922390 0.00004130 0.02002442 -0.0002406 0.00036152 -0.0002268 -0.0002236 
0.00084349 0.01967053 0.98003906 -0.0095755 0.00592834 -0.0090582 0.00225730 0.00906121 
-0.0002146 -0.0388052 0.00206484 1.00122087 -0.0120322 0.01807618 -0.0113411 -0.0111808 

1.00002974 0.00027943 0.01962049 -0.0001765 0.00021524 -0.0001505 0.00004249 0.00011892 
-0.0000858 0.99932697 0.00002809 0.01998224 -0.0002214 0.00041163 -0.0001574 -0.0002650 
0.00148682 0.01397133 0.98102450 -0.0088257 0.01076182 -0.0075255 0.00212472 0.00594597 
-0.0042940 -0.0336514 0.00140461 0.99911198 -0.0110742 0.02058140 -0.0078697 -0.0132522 

0.99996174 0.00014533 0.01952072 -0.0001704 0.00014728 -0.0000603 0.00025096 0.00009404 
0.00003086 0.99956780 0.00015172 0.02000528 -0.0002599 0.00016395 -0.0003443 -0.0001350 
-0.0019129 0.00726661 0.97603609 -0.0085203 0.00736406 -0.0030148 0.01254813 0.00470190 
0.00154281 -0.0216100 0.00758624 1.00026393 -0.0129967 0.00819753 -0.0172196 -0.0067523 

0.99998914 0.00040433 0.01967506 -0.0001138 0.00009989 -0.0001791 0.00001841 0.00022525 
0.00012896 0.99917098 -0.0001401 0.01988645 -0.0000681 0.00028369 0.00002495 -0.0004890 
-0.0005431 0.02021626 0.98375287 -0.0056945 0.00499437 -0.0089577 0.00092074 0.01126265 
0.00644803 -0.0414507 -0.0070048 0.99432248 -0.0034095 0.01418426 0.00124761 -0.0244499 

1.00003347 0.00027506 0.01966685 -0.0001398 0.00011192 -0.0001743 0.00003653 0.00015228 
-0.0000578 0.99944789 0.00002006 0.01997227 -0.0002260 0.00038651 -0.0002185 -0.0002079 
0.00167351 0.01375304 0.98334237 -0.0069917 0.00559613 -0.0087148 0.00182653 0.00761390 
-0.0028909 -0.0276056 0.00100314 0.99861342 -0.0112999 0.01932542 -0.0109265 -0.0103949 

1.00002571 0.00028993 0.01967947 -0.0001273 0.00011875 -0.0002154 0.00003307 0.00019167 
-0.0000562 0.99942241 0.00001549 0.01996128 -0.0002533 0.00048997 -0.0001368 -0.0002343 
0.00128560 0.01449654 0.98397348 -0.0063647 0.00593773 -0.0107738 0.00165346 0.00958372 
-0.0028140 -0.0288793 0.00077441 0.99806388 -0.0126693 0.02449846 -0.0068439 -0.0117152 

1.00000287 0.00038593 0.01968385 -0.0001148 0.00012083 -0.0002003 0.00005792 0.00018675 
-0.0000211 0.99922995 0.00001584 0.01991643 -0.0002432 0.00041426 -0.0002226 -0.0002143 
0.00014334 0.01929642 0.98419238 -0.0057444 0.00604130 -0.0100158 0.00289601 0.00933751 
-0.0010551 -0.0385025 0.00079210 0.99582127 -0.0121632 0.02071288 -0.0111308 -0.0107168 

0.99996092 0.00034262 0.01960085 -0.0000993 0.00017015 -0.0003055 -0.0000026 -0.0000959 
0.00012252 0.99931665 0.00026237 0.01994873 -0.0003463 0.00064867 -0.0001000 0.00041456 
-0.0019538 0.01713111 0.98004247 -0.0049655 0.00850738 -0.0152792 -0.0001311 -0.0047954 
0.00612610 -0.0341675 0.01311862 0.99743656 -0.0173172 0.03243333 -0.0050042 0.02072816 

1.00082506 0.00028322 0.02092838 -0.0000945 -0.0004139 0.00045344 0.00034903 0.00052327 
0.00001467 0.99945810 0.00006802 0.01988438 -0.0002243 0.00041680 -0.0001738 -0.0002184 
0.04125284 0.01416122 1.04641890 -0.0047258 -0.0206976 0.02267193 0.01745163 0.02616345 
0.00073363 -0.0270951 0.00340084 0.99421907 -0.0112158 0.02084008 -0.0086936 -0.0109233 

1.00000992 0.00032140 0.01972800 -0.0000810 0.00008889 -0.0002120 0.00006482 0.00020265 
0.00008093 0.99944194 0.00002230 0.01981487 -0.0003438 0.00044156 -0.0001644 -0.0001363 
0.00049586 0.01606986 0.98639997 -0.0040505 0.00444441 -0.0106044 0.00324116 0.01013268 
0.00404670 -0.0279031 0.00111495 0.99074363 -0.0171927 0.02207797 -0.0082235 -0.0068170 

1.00003213 0.00038956 0.01973639 -0.0000614 0.00008991 -0.0002051 0.00004678 0.00015331 
0.00002181 0.99942675 0.00003752 0.01989776 -0.0003089 0.00045501 -0.0002584 -0.0003049 
0.00160642 0.01947776 0.98681947 -0.0030720 0.00449529 -0.0102562 0.00233923 0.00766537 
0.00109058 -0.0286625 0.00187575 0.99488805 -0.0154452 0.02275041 -0.0129237 -0.0152485 

1.00007692 0.00008306 0.01975060 -0.0001480 0.00011363 -0.0000022 0.00025901 0.00021751 
-0.0000909 0.99965274 0.00000345 0.02000009 -0.0002301 0.00016053 -0.0004825 -0.0002877 
0.00384618 0.00415277 0.98752976 -0.0074001 0.00568148 -0.0001137 0.01295062 0.01087554 
-0.0045494 -0.0173627 0.00017250 1.00000449 -0.0115063 0.00802630 -0.0241293 -0.0143879 

0.99998124 0.00031972 0.01975436 -0.0000311 0.00012257 -0.0002505 0.00003808 0.00020083 
-0.0000015 0.99937236 0.00003995 0.01983678 -0.0002296 0.00036463 -0.0002004 -0.0002416 
-0.0009379 0.01598611 0.98771817 -0.0015577 0.00612847 -0.0125269 0.00190411 0.01004167 
-0.0000754 -0.0313820 0.00199751 0.99183901 -0.0114805 0.01823153 -0.0100227 -0.0120841 

1.00008530 0.00037159 0.01961642 -0.0000268 0.00021861 -0.0001661 -0.0000055 -0.0000094 
-0.0000813 0.99939863 0.00014979 0.01981631 -0.0003539 0.00037880 -0.0001577 -0.0000280 
0.00426479 0.01857951 0.98082099 -0.0013415 0.01093053 -0.0083050 -0.0002779 -0.0004738 
-0.0040652 -0.0300686 0.00748969 0.99081564 -0.0176976 0.01893991 -0.0078857 -0.0014002 

1.00007435 0.00010314 0.01981051 -0.0000207 0.00007231 -0.0003579 0.00009330 0.00022402 
-0.0001682 0.99975918 -0.0000313 0.01983803 -0.0002217 0.00072707 -0.0002869 -0.0002995 
0.00371734 0.00515675 0.99052573 -0.0010357 0.00361560 -0.0178964 0.00466513 0.01120094 
-0.0084143 -0.0120409 -0.0015655 0.99190135 -0.0110892 0.03635326 -0.0143494 -0.0149796 

1.00002944 0.00013116 0.01975806 0.00000883 0.00016652 -0.0002894 0.00003286 0.00013209 
-0.0000432 0.99973264 0.00002209 0.01975339 -0.0003366 0.00057788 -0.0001908 -0.0001403 
0.00147211 0.00655803 0.98790279 0.00044157 0.00832603 -0.0144704 0.00164324 0.00660428 
-0.0021604 -0.0133681 0.00110454 0.98766965 -0.0168326 0.02889414 -0.0095399 -0.0070186 

0.99999673 0.00020514 0.01980898 -0.0000175 0.00014380 -0.0002166 0.00009013 0.00021824 
0.00000038 0.99967992 0.00002707 0.01978685 -0.0002300 0.00044210 -0.0002345 -0.0002498 
-0.0001633 0.01025716 0.99044884 -0.0008775 0.00718997 -0.0108301 0.00450642 0.01091214 
0.00001885 -0.0160039 0.00135331 0.98934245 -0.0115031 0.02210489 -0.0117251 -0.0124920 

1.00001908 0.00021309 0.01977191 -0.0000224 0.00010454 -0.0002302 0.00006461 0.00023711 
-0.0000222 0.99961957 -0.0000034 0.01981239 -0.0002067 0.00045010 -0.0002410 -0.0003070 
0.00095385 0.01065442 0.98859543 -0.0011218 0.00522698 -0.0115133 0.00323062 0.01185568 
-0.0011109 -0.0190212 -0.0001721 0.99061961 -0.0103385 0.02250495 -0.0120529 -0.0153505 

1.00015192 0.00021798 0.01957194 -0.0006893 0.00007738 -0.0006740 0.00032227 0.00019884 
-0.0003479 0.99947277 0.00064502 0.02165018 -0.0001499 0.00162811 -0.0008963 -0.0002263 
0.00759595 0.01089920 0.97859715 -0.0344685 0.00386923 -0.0336999 0.01611343 0.00994183 
-0.0173967 -0.0263614 0.03225089 1.08250894 -0.0074963 0.08140568 -0.0448173 -0.0113186 

1.00006219 0.00018983 0.01978170 0.00000913 0.00010083 -0.0001834 0.00004687 0.00020921 
-0.0000128 0.99966675 0.00001392 0.01977090 -0.0002236 0.00041649 -0.0002376 -0.0002436 
0.00310960 0.00949135 0.98908513 0.00045665 0.00504167 -0.0091712 0.00234327 0.01046054 
-0.0006407 -0.0166627 0.00069578 0.98854504 -0.0111839 0.02082430 -0.0118803 -0.0121810 

1.00000204 0.00005616 0.01976819 0.00002406 0.00011014 -0.0001991 0.00004282 0.00017959 
-0.0000070 0.99986489 0.00002685 0.01974316 -0.0002247 0.00040639 -0.0002172 -0.0002387 
0.00010224 0.00280822 0.98840974 0.00120304 0.00550703 -0.0099571 0.00214116 0.00897938 
-0.0003529 -0.0067553 0.00134229 0.98715822 -0.0112390 0.02031948 -0.0108614 -0.0119362 

0.99999028 0.00003129 0.01975902 0.00004240 0.00014272 -0.0002554 0.00008453 0.00017445 
0.00005525 0.99994962 0.00006519 0.01973047 -0.0003589 0.00048309 -0.0002741 -0.0002626 
-0.0004859 0.00156443 0.98795085 0.00211978 0.00713612 -0.0127725 0.00422675 0.00872272 
0.00276266 -0.0025187 0.00325962 0.98652374 -0.0179495 0.02415438 -0.0137063 -0.0131331 

1.00000098 0.00005766 0.01978938 0.00001145 0.00011410 -0.0002364 0.00004872 0.00019380 
-0.0000021 0.99988424 0.00000538 0.01974652 -0.0002318 0.00046337 -0.0002240 -0.0002568 
0.00004915 0.00288285 0.98946918 0.00057234 0.00570494 -0.0118214 0.00243602 0.00969018 
-0.0001097 -0.0057877 0.00026898 0.98732609 -0.0115901 0.02316849 -0.0112006 -0.0128400 

0.99991899 0.00006664 0.01968469 0.00009360 0.00010908 -0.0002371 -0.0000353 0.00016625 
0.00005395 0.99986929 0.00006580 0.01969878 -0.0002236 0.00047257 -0.0001876 -0.0002318 
-0.0040504 0.00333222 0.98423472 0.00468011 0.00545386 -0.0118595 -0.0017684 0.00831274 
0.00269749 -0.0065354 0.00328980 0.98493906 -0.0111811 0.02362827 -0.0093811 -0.0115926 

0.99991271 0.00005179 0.01966938 -0.0001130 0.00003642 -0.0001866 0.00009675 0.00013540 
-0.0001141 1.00002147 -0.0001322 0.01953378 -0.0003799 0.00048380 -0.0001545 -0.0002976 
-0.0043642 0.00258928 0.98346881 -0.0056527 0.00182104 -0.0093324 0.00483767 0.00676987 
-0.0057083 0.00107333 -0.0066109 0.97668895 -0.0189980 0.02418975 -0.0077291 -0.0148833 

0.99999594 -0.0000202 0.01984504 -0.0000560 -0.0000454 -0.0001722 0.00004282 0.00007377 
-0.0000034 1.00002120 -0.0000658 0.01982170 -0.0000278 0.00040546 -0.0002031 -0.0001015 
-0.0002028 -0.0010103 0.99225195 -0.0028032 -0.0022734 -0.0086135 0.00214088 0.00368862 
-0.0001738 0.00105992 -0.0032909 0.99108519 -0.0013903 0.02027280 -0.0101581 -0.0050750 

1.00006434 -0.0001132 0.01972431 0.00011629 0.00004555 -0.0001826 0.00011498 0.00005297 
-0.0000821 1.00019128 0.00010736 0.01957772 -0.0001395 0.00038091 -0.0003344 -0.0000314 
0.00321677 -0.0056615 0.98621550 0.00581458 0.00227752 -0.0091344 0.00574916 0.00264831 
-0.0041049 0.00956382 0.00536819 0.97888617 -0.0069755 0.01904557 -0.0167205 -0.0015740 

0.99998703 -0.0000379 0.01979255 0.00001656 0.00010663 -0.0002548 0.00007564 0.00016262 
0.00002492 1.00008532 0.00002858 0.01978029 -0.0002245 0.00047960 -0.0002610 -0.0002198 
-0.0006487 -0.0018995 0.98962748 0.00082787 0.00533173 -0.0127421 0.00378190 0.00813084 
0.00124584 0.00426584 0.00142893 0.98901443 -0.0112259 0.02398002 -0.0130520 -0.0109941 

1.00004505 0.00010044 0.01978612 0.00001402 0.00012551 -0.0002153 0.00002707 0.00023859 
-0.0000591 0.99984714 0.00001754 0.01977701 -0.0002382 0.00042762 -0.0002151 -0.0003258 
0.00225274 0.00502215 0.98930623 0.00070118 0.00627533 -0.0107660 0.00135370 0.01192960 
-0.0029577 -0.0076431 0.00087676 0.98885050 -0.0119113 0.02138120 -0.0107578 -0.0162907 

0.99998294 0.00007472 0.01979753 0.00006287 0.00012964 -0.0002375 0.00005977 0.00017410 
0.00001456 0.99987828 0.00001096 0.01971322 -0.0002484 0.00045299 -0.0002445 -0.0002362 
-0.0008531 0.00373611 0.98987641 0.00314352 0.00648195 -0.0118760 0.00298844 0.00870525 
0.00072792 -0.0060859 0.00054777 0.98566116 -0.0124238 0.02264954 -0.0122255 -0.0118103 

sysiderr: 0.0952
ptb_coef: 0.0500