6.99917 -12.1076 8.45077 -10.4581 
-14.5907 9.58818 -17.3959 7.33895 
-11.0906 -12.5547 -12.9364 -12.7547 
-10.7342 -16.3761 -12.4604 -16.2499 

12.3886 -5.05407 14.7912 -3.99237 
-6.09724 6.98455 -7.39054 6.28484 
-21.0204 -25.6391 -24.2566 -26.1006 
3.91403 -11.2249 4.9108 -10.5141 

8.6342 -6.59689 10.3314 -6.0824 
0.472812 14.9956 0.469791 15.2254 
-5.43824 -11.5651 -6.40887 -12.0983 
11.3624 -1.92345 13.5535 -1.15751 

-11.1855 -14.6764 -13.3256 -16.2136 
-1.91416 6.38998 -2.3587 6.51433 
13.7526 -7.96203 16.6017 -7.20757 
-17.0627 -9.12318 -20.4413 -10.8885 

-0.140754 -3.44304 -0.136692 -3.80309 
-1.73215 7.94067 -2.21782 8.64268 
-13.3192 -13.1425 -16.262 -15.2861 
15.9285 -1.69774 19.6315 -0.905766 

-8.15022 3.41441 -9.92262 2.20401 
-14.5071 -9.87381 -17.8842 -11.5917 
0.31968 5.11098 0.462957 5.01461 
0.0552909 -5.31556 -0.00804212 -5.1631 

4.71309 -8.62597 5.91518 -9.88063 
-1.27257 12.2767 -1.62345 14.3371 
-9.30263 -11.2661 -11.6114 -13.6903 
15.306 -1.80771 19.1509 -1.34717 

18.1449 -5.28269 22.8799 -5.6346 
4.47952 13.3491 5.64847 16.3556 
-11.4715 -10.4408 -14.468 -13.1297 
5.04806 -3.99721 6.3648 -4.6279 

-7.09583 -14.2317 -9.12966 -18.0613 
-7.19566 7.76854 -9.11032 9.54354 
-1.84769 -8.72264 -2.41185 -10.9982 
15.8733 0.688294 20.2096 1.31343 

-4.83176 -11.4806 -6.43187 -14.9974 
-14.8525 8.17154 -19.1798 10.2023 
-13.117 -8.21185 -17.1468 -10.9795 
-4.73282 -4.5789 -6.21037 -6.0567 

4.64502 -6.69469 6.12438 -8.86474 
-3.05268 10.1796 -4.00456 13.5463 
-9.68629 -11.1507 -12.8782 -15.0752 
12.9319 -1.23828 17.1245 -1.42308 

1.84597 -7.02391 2.42746 -9.77949 
-6.27815 6.97587 -8.38113 9.68538 
-8.1844 -8.64534 -11.0542 -12.1024 
12.2603 -3.77677 16.4366 -5.18937 

-2.85455 -12.807 -4.09042 -18.6435 
-14.5405 -2.97504 -19.7899 -4.25442 
-9.11302 -10.6867 -12.5504 -15.5186 
13.9633 -1.65941 18.9264 -2.4932 

3.2095 -6.44518 4.34711 -9.41612 
-3.59704 8.65688 -4.85996 12.6427 
-8.28364 -9.73027 -11.5294 -14.211 
12.5285 -1.14181 17.2514 -1.66975 

1.52651 -6.42495 2.02269 -9.69126 
-3.23187 8.67681 -4.37151 13.09 
-6.92155 -8.05887 -9.81494 -12.1228 
10.9364 -2.45711 15.2448 -3.74927 

8.02947 -2.75377 11.3321 -4.22703 
-4.19555 8.0555 -5.76543 12.4333 
1.16067 -3.94158 1.5541 -6.08926 
-1.31261 -8.25631 -2.05866 -12.7663 

-2.04719 -10.8478 -3.3574 -17.2481 
-4.86664 4.83047 -6.81499 7.56043 
-6.37743 -8.7323 -9.50321 -13.9799 
9.25694 -0.024142 13.3094 0.145751 

12.9475 -0.14945 19.0394 0.279969 
-3.15375 6.73173 -4.40241 10.5904 
-15.8768 -13.2194 -23.8225 -21.6889 
5.83671 -2.38624 8.50073 -3.56489 

-6.88679 -10.1848 -10.7524 -16.6966 
-16.7715 0.16053 -25.2677 1.07834 
-8.96935 -10.2938 -13.8946 -16.7797 
4.26166 -2.91414 6.31491 -5.07697 

2.09592 -4.01223 3.13756 -7.03015 
-0.966062 9.52068 -1.31263 16.4336 
-5.7034 -5.04895 -8.82449 -8.33873 
12.3083 -0.70598 18.8354 -1.96705 

1.86939 -4.84921 2.74 -8.59423 
-3.23165 7.10444 -4.78232 12.6184 
-7.5677 -8.57672 -12.02 -14.5217 
11.688 -0.234746 18.1212 -1.13734 

15.2272 1.46705 24.0689 1.8177 
3.94648 11.1406 6.63161 19.3521 
-3.45483 -5.09649 -5.63517 -8.77128 
0.303309 -5.94923 0.260429 -10.4558 

2.36497 -5.60021 3.70133 -9.94881 
2.53883 5.48853 4.1885 9.5063 
10.0358 -4.06944 16.0746 -7.64803 
3.39492 -1.85766 5.42858 -3.4323 

7.95312 2.04139 13.0995 3.05049 
-6.52301 2.96737 -10.7819 5.9981 
3.26552 1.91579 5.37074 3.22907 
1.85812 -9.1613 3.13352 -16.9449 

2.59827 -3.83661 4.21599 -7.18484 
-2.77748 7.20681 -4.40507 13.3532 
-4.4671 -6.41201 -7.67276 -11.4102 
7.19168 -1.66979 11.961 -3.53937 

1.4981 -3.89219 2.44288 -7.42395 
-1.8089 7.96799 -2.85868 15.0911 
-1.57432 -3.06025 -2.77431 -5.62483 
7.66348 -1.07642 13.0416 -2.61271 

1.97388 -3.50903 3.36319 -6.95424 
-3.05272 6.09208 -5.18635 12.0349 
-1.17369 -4.30833 -2.15624 -8.22534 
6.28343 -1.42109 10.9451 -3.2887 

2.28952 -2.91489 4.00956 -6.03747 
-3.81757 5.6106 -6.66136 11.5684 
-1.18965 -1.42944 -2.19789 -2.7768 
1.11285 4.71621 2.18433 9.37418 

-4.6444 -3.87199 -9.65356 -7.90635 
4.78249 7.45478 10.3216 15.2077 
4.56765 -3.55009 8.67602 -7.22514 
6.77232 -4.53089 12.9447 -9.21693 

-4.89294 -7.62724 -11.2416 -16.1216 
-3.73288 5.73214 -7.17321 11.9722 
-0.0586529 -2.72135 -0.455377 -5.72275 
15.1844 3.92322 32.4787 8.53027 

-3.54816 -5.67818 -8.74101 -12.6155 
-3.38766 5.01973 -6.45662 10.906 
-6.33987 -6.05786 -14.8781 -13.5595 
4.14624 -2.63467 8.53545 -5.63891 

0.124372 -3.58747 -0.502239 -8.04182 
7.74313 6.36552 18.8977 14.9134 
2.368 -6.48253 3.93967 -14.3596 
7.82429 -0.701313 17.5422 -0.941234 

0.858722 -3.68682 1.21637 -8.57939 
-6.71026 3.05229 -15.2475 6.81647 
-5.84468 -6.67395 -15.3585 -15.8852 
7.77524 -0.277187 18.3909 -0.28234 

7.09887 -2.60736 16.6796 -5.56608 
-0.736073 5.8024 -0.183191 13.6808 
-7.24661 -5.73036 -19.3763 -14.2006 
-2.14344 -1.39407 -5.65061 -3.48773 

-2.73421 -3.28923 -8.11148 -8.29976 
-2.313 5.483 -4.37646 12.6887 
-3.56317 -4.26855 -10.5652 -10.7722 
8.09379 1.10286 21.4118 3.96547 

1.27602 -3.34426 2.4856 -8.11186 
-2.50197 5.59568 -5.16856 13.5047 
-4.65582 -4.43013 -14.151 -11.8393 
6.01088 1.18777 16.8849 3.9939 

2.76911 -1.72382 7.56701 -3.96402 
-0.728843 5.62608 -0.33458 14.5051 
-1.5173 -3.94225 -5.7125 -10.5495 
7.78018 0.529235 22.9833 2.85387 

1.07584 -1.77116 2.71621 -4.53171 
-2.53572 3.77057 -6.55538 9.57536 
-2.88286 -3.93252 -10.4523 -11.4144 
7.51387 0.0385568 23.5101 2.03982 

1.20738 0.178178 4.0634 0.803948 
-1.41823 2.58243 -2.78888 8.17003 
-2.64936 -2.74426 -10.5898 -9.45522 
7.58711 2.49347 26.5099 9.54383 

0.622145 -2.59409 0.856149 -7.64962 
-0.873517 4.95493 -0.497158 14.7215 
-3.30088 -4.4541 -14.364 -14.7805 
7.21352 -0.0271205 26.1286 2.64607 

1.05432 -2.36914 2.76682 -6.7965 
-1.90623 4.28556 -5.00584 12.2861 
-2.92816 -4.0202 -14.2267 -14.0697 
5.00457 -0.814728 19.5726 0.165204 

-0.478327 -3.49853 -4.58912 -11.7901 
-2.80494 3.16578 -10.2977 8.49813 
-1.6957 -3.26785 -9.85767 -11.8446 
3.46068 -0.853805 14.8406 -0.487179 

0.880744 -1.9925 2.78744 -6.28488 
-2.13103 3.81775 -7.60762 11.6628 
-1.88435 -3.14442 -12.3174 -12.7154 
3.9714 -0.872372 19.5275 0.311053 

1.2042 -1.74195 5.47765 -5.14269 
-2.80034 3.59285 -13.2193 10.2229 
-3.8693 -3.15309 -26.6078 -16.5544 
3.29333 -1.09684 18.7532 -0.203713 

-3.07134 -3.47141 -26.9976 -19.4444 
-2.12708 3.40308 -9.25769 10.8999 
2.27757 -0.816705 14.5031 0.184097 
2.19419 -1.94358 12.0907 -4.6754 

-2.21805 -0.756052 -19.2094 -8.49575 
-1.96647 4.3914 -6.70373 16.5065 
-0.801773 -2.54504 -11.5783 -13.8631 
1.75189 -0.855882 12.2016 -0.192396 

-0.0273584 -1.31906 -4.20192 -7.26927 
-1.83013 3.149 -8.27791 11.6182 
0.123858 -3.11699 -8.10877 -16.6066 
1.38898 0.0348126 13.5087 4.38345 

0.413282 -1.28129 -0.11302 -7.33847 
-1.45572 2.50782 -8.21654 11.6447 
-0.543703 -1.89982 -15.2437 -15.7351 
1.63767 -0.760206 18.0781 1.48225 

0.467128 -0.797573 3.02735 -6.63 
-0.705831 1.49202 -2.3609 13.3941 
-0.724039 -1.23821 -23.8648 -18.9096 
1.52783 -0.688975 24.7777 0.957887 

0.0922673 -0.110317 5.11608 -9.21703 
-0.176102 0.198257 -9.73928 16.6121 
-0.375917 -0.35295 -18.6923 -20.077 
0.437804 0.0773397 22.6644 -0.503828 

