1036.5872300000003 2.2737367544323206e-13 1036.5872300000003 2.2737367544323206e-13 0
1038.728042525 6.302453147336352 1043.993091325 10.12276016448103 2
1046.31857655 13.538457611939426 1073.168859975 35.698673918505115 4
1056.961674225 23.14651892855703 1118.0609653000001 89.47538567498059 6
1075.04870315 34.85658051387292 1177.852960075 136.27985333402236 8
1094.03578165 49.29195225714017 1252.2317639 224.1658816115548 10
1125.11319645 65.22546625504512 1368.3835142000003 349.936373342989 12
1173.36062515 101.1228664174327 1505.2339556 497.4001238525911 14
1214.5239517750001 122.09452149302575 1581.64665485 492.62388673174075 16
1264.242774825 152.3879702486965 1769.6210254249997 647.4957593383128 18
1325.3110446 185.4631059007126 1838.232866775 675.8446861969048 20
1384.515241425 220.39565197877573 1872.574396725 633.8178215197324 22
1451.211436875 266.9469978207093 1983.9891315749999 706.8894036814542 24
1534.9448012 313.741445629286 2081.9178340000003 705.0347592565153 26
1615.816521225 333.1992460602462 2210.201448325 754.0966347966786 28
1698.5622974749997 388.41897504847833 2266.486696775 730.2923139696325 30
