1237.1734099999999 2.2737367544323206e-13 1237.1734099999999 2.2737367544323206e-13 0
1238.0113948 6.105114392225501 1242.226779325 10.132207307529727 2
1241.643144675 12.246932028986784 1260.226075775 25.627567906975678 4
1248.2215503749999 19.91186973396253 1289.3615208 54.57779801491686 6
1259.8941955249998 29.18735979933274 1334.18353535 93.22528267977613 8
1277.0429447249999 40.6650083960605 1404.7062480250001 209.2533490732096 10
1293.924518425 46.121503336100325 1447.25942355 240.73268219721422 12
1318.7871571999997 59.93920995120487 1524.8383038999998 283.03851746236154 14
1352.718660625 91.26332719702319 1633.095786975 396.995984004095 16
1385.1760035500001 116.82058579209398 1705.550786525 421.0414293752535 18
1421.7150871 122.31193137274713 1741.64054825 396.9796735443229 20
1463.7432543499997 165.6314798021534 1862.569828225 487.9832077232604 22
1505.9338861249998 181.7890332471974 1889.6570542499999 515.9217586900467 24
1555.0312382500001 190.41735870634758 1952.656147925 481.3401934107355 26
1613.7299337000002 235.86178512123337 2066.8469486500003 561.101245065865 28
1681.3431180500002 272.0856826494094 2139.477655875 589.9922145633778 30
