1508.47882 0.0 1508.47882 0.0 0
1508.5425103000002 0.33873067448182265 1836.22542008 361.47774680271596 5
1508.8269814 0.6562763460385016 2381.1541159000003 797.5094711006737 10
1509.22155452 1.0332373224197717 3027.7351048 1218.0483883758257 15
1509.7866594800003 1.4883453102368822 3511.80590576 1434.339815963357 20
1510.34850014 1.738148412468907 3770.8982917799995 1472.3160039982577 25
1511.18355134 2.1346587085938586 4085.53233042 1581.1774273196186 30
1511.92639918 2.7602562473610863 4213.5404863 1438.0533354890922 35
1513.1297573399997 3.27786054188727 4549.96565096 1562.647082128588 40
1513.92990802 3.954443380786315 4841.18007722 1601.4009402531665 45
1516.0066275 14.732634205304828 4972.99675334 1571.054113953741 50
1516.52733028 5.109796127001656 5106.20613078 1644.9192531353858 55
1518.0422211 5.501619285445274 5417.7766365200005 1641.5897329180189 60
7205340.1126539605 160921159.1757925 5687.01179078 1720.0978278251323 65
1521.93377438 18.50626239138991 5902.9601828800005 1815.716373553276 70
23972391.512054782 288618971.08680683 6026.283584700001 1645.0420522748943 75
12659348.59133116 282754281.37356174 6544.1027807 1884.839360569581 80
35952911.549604155 478563930.6307295 6414.619767540001 1713.829241339522 85
31659700.5069429 469241071.8525505 6599.099523399999 1890.0097821840611 90
108681417.93046594 736480970.9531509 6913.40140398 1874.6647233118765 95
90245419.1432533 702535318.9650333 6890.845529040001 1746.3925905404199 100
