-1040 
144.0 
378.2 
994.1 
3513. 
4870. 
1944. 
202.4 
-2886 
-836. 
-375. 
-2855 
674.3 
642.3 
-7069 
-360. 
1710. 
167.8 
-5599 
-2097 
-252. 
-1196 
-2116 
828.2 
2540. 
-2043 
-130. 
2364. 
-1142 
99.11 
-11.2 
-1236 
70.97 
9.329 
3831. 
373.7 
307.2 
-2677 
-149. 
5401. 
3821. 
978.2 
-5286 
1184. 
1898. 
-2150 
1011. 
-2006 
144.9 
-78.6 
-46.1 
-1807 
-2803 
-755. 
1247. 
-5488 
905.4 
1560. 
-25.3 
-747. 
-649. 
453.4 
-807. 
466.1 
30.27 
160.2 
3144. 
-762. 
-674. 
-7.84 
249.9 
-753. 
-238. 
105.1 
-2023 
303.1 
1712. 
-2449 
-205. 
192.6 
-160. 
-59.5 
129.9 
-394. 
200.5 
-1252 
182.6 
1017. 
527.2 
170.3 
-575. 
-47.8 
397.0 
412.3 
-1442 
-101. 
-1119 
470.8 
646.6 
-5.42 
-258. 
-2239 
948.2 
-843. 
187.9 
-240. 
-770. 
-130. 
-775. 
-25.0 
-1163 
-269. 
943.8 
492.6 
845.1 
3916. 
-676. 
-44.9 
0.095 
113.0 
-601. 
-1674 
145.4 
49.29 
-132. 
3129. 
29.58 
-3252 
-66.2 
-3.97 
-520. 
-1447 
493.8 
934.7 
1258. 
470.1 
40.75 
-522. 
369.5 
-546. 
-173. 
394.5 
-357. 
482.0 
581.6 
-35.0 
164.1 
-669. 
110.7 
132.2 
-406. 
935.2 
132.5 
1041. 
-648. 
-123. 
73.09 
-73.2 
-402. 
1810. 
-9043 
-547. 
70.88 
-3040 
-56.3 
1034. 
137.9 
-608. 
10.32 
404.7 
-92.2 
-103. 
-550. 
98.23 
-134. 
794.7 
119.2 
305.0 
344.0 
270.9 
299.6 
64.12 
-35.7 
-744. 
-68.2 
141.1 
100.3 
111.5 
164.9 
-54.3 
-2081 
55.02 
142.5 
93.10 
-28.3 
-192. 
828.4 
-3.67 
-1676 
31.95 
317.0 
-248. 
-4.15 
-390. 
-133. 
314.3 
-203. 
1637. 
-341. 
-287. 
-72.1 
536.4 
-65.5 
-127. 
-627. 
57.83 
166.8 
1206. 
621.7 
-170. 
99.06 
477.4 
-280. 
1050. 
356.2 
-177. 
-162. 
810.9 
564.4 
-122. 
-267. 
686.3 
213.1 
-141. 
132.7 
3.145 
36.56 
-169. 
-9.75 
-548. 
167.7 
562.9 
95.52 
-233. 
865.9 
-2883 
132.9 
-79.9 
27.81 
311.0 
41.41 
-53.1 
186.6 
113.4 
103.0 
-124. 
-281. 
78.85 
-606. 
-21.2 
-155. 
215.4 
-233. 
45.74 
-69.5 
-33.5 
134.2 
220.0 
-498. 
-65.7 
-726. 
-941. 
-2.11 
-76.6 
184.5 
605.4 
-247. 
420.3 
263.4 
38.03 
-2443 
-2252 
-330. 
646.3 
61.10 
784.2 
-204. 
38.46 
-1219 
2087. 
-62.8 
25.24 
12.83 
-798. 
-1775 
-321. 
1.005 
502.1 
-93.5 
-1008 
-305. 
-1544 
78.58 
-243. 
62.78 
1634. 
576.9 
-53.8 
494.3 
1666. 
-18.7 
512.6 
-613. 
-46.5 
551.5 
-180. 
0.973 
183.0 
-31.3 
-280. 
13.86 
103.8 
-111. 
185.1 
299.2 
337.4 
-191. 
-182. 
-1606 
-344. 
584.9 
-579. 
14.88 
72.29 
-87.3 
-307. 
178.1 
45.62 
25.16 
-1.77 
-581. 
-786. 
-1110 
2266. 
2745. 
-190. 
-552. 
70.94 
-0.35 
152.9 
613.6 
-58.5 
508.2 
-96.1 
395.1 
169.1 
81.83 
-0.95 
-168. 
51.35 
26.73 
-508. 
-110. 
-744. 
672.5 
-630. 
671.6 
127.8 
-21.9 
-9.22 
43.01 
305.1 
-3961 
-55.4 
120.9 
-523. 
-270. 
264.8 
-2870 
45.00 
-1630 
-346. 
358.3 
104.7 
-37.0 
91.42 
2.345 
-103. 
-221. 
-228. 
-1249 
-1654 
-293. 
-18.4 
-18.0 
-281. 
56.46 
71.88 
1101. 
-21.5 
37.55 
-310. 
-73.9 
-0.26 
265.7 
-8.97 
385.9 
11.22 
-1699 
-11.6 
-207. 
406.5 
-354. 
-316. 
140.0 
-5.39 
162.1 
137.3 
703.3 
-103. 
12.27 
-312. 
620.0 
-268. 
-17.3 
-93.3 
130.9 
23.52 
246.4 
-154. 
7.031 
-42.1 
118.9 
-131. 
-8.44 
-13.6 
-1191 
-1131 
-672. 
287.4 
-527. 
-295. 
282.8 
-136. 
8.517 
-79.1 
56.91 
207.7 
78.92 
276.1 
524.8 
1000. 
3494. 
-1053 
-33.6 
87.54 
2667. 
3025. 
347.7 
23.29 
66.07 
-709. 
-2746 
-4617 
-9.19 
228.3 
498.5 
-60.4 
-55.3 
-223. 
-427. 
-218. 
387.4 
24.94 
-378. 
-144. 
930.7 
-1631 
5009. 
-2068 
-2595 
646.8 
260.9 
953.0 
-975. 
-69.5 
1229. 
-740. 
273.6 
876.4 
-2425 
-725. 
-560. 
1613. 
-146. 
10.09 
898.2 
1475. 
-1684 
98.33 
206.6 
13.28 
9.437 
-191. 
179.3 
12.67 
239.1 
176.6 
71.82 
145.8 
13.19 
28.55 
-4.99 
-0.22 
-5.41 
4.781 
-77.0 
3.931 
3.653 
-45.7 
25.40 
-64.3 
-338. 
121.0 
-448. 
-1746 
2886. 
-665. 
151.9 
-20.0 
1548. 
15938 
-1578 
-169. 
595.6 
609.4 
275.2 
-34.3 
-3.02 
17.01 
12.29 
49.78 
-20.1 
-33.9 
26.51 
0.891 
19.01 
-23.3 
-83.8 
-140. 
-294. 
-531. 
661.5 
6.669 
342.0 
652.9 
-1268 
-14.9 
-1485 
212.8 
660.9 
-2157 
1684. 
2599. 
296.9 
1380. 
89.27 
-881. 
-63.2 
-1872 
-109. 
-4.10 
200.3 
743.4 
-7673 
2083. 
-239. 
3087. 
-3385 
5500. 
29469 
3266. 
-638. 
12323 
-1963 
-2019 
3764. 
5728. 
2423. 
11935 
28148 
2818. 
7104. 
77.19 
2107. 
-1231 
10508 
7321. 
-13.1 
864.0 
5746. 
14341 
18740 
-2686 
2307. 
-469. 
1314. 
-5355 
-1726 
-9335 
1914. 
-1934 
31745 
-4973 
-23.4 
-241. 
470.9 
195.2 
-138. 
22048 
505.4 
-6598 
20721 
-421. 
-4470 
-1282 
2936. 
7145. 
1232. 
-17.6 
-942. 
-3836 
-3809 
-2752 
-318. 
-3448 
-771. 
51.56 
-55.3 
-230. 
-1829 
483.6 
127.7 
224.3 
-1224 
109.7 
-62.9 
34.52 
-7.65 
47.38 
-43.2 
-9.59 
388.9 
29.95 
227.2 
-163. 
231.7 
8265. 
-59.7 
-1807 
-7301 
4152. 
826.5 
-2810 
38192 
1050. 
2132. 
3022. 
302.4 
2350. 
2424. 
1406. 
12.17 
19.54 
84.96 
56.76 
863.6 
-27.1 
762.6 
467.2 
5166. 
-265. 
-929. 
2034. 
-93.0 
-820. 
304.9 
35.33 
24.36 
-40.4 
46.25 
119.8 
-21.8 
-46.0 
-111. 
-315. 
224.6 
59.08 
-4.58 
40.00 
