0.00000000
81431.5371
0.00000000
81385.7985
0.00000000
81406.7019
0.00000000
81300.7130
0.00000000
81197.8996
0.00000000
81346.9259
0.00000000
81357.7816
0.00000000
81447.3084
0.00000000
81482.6175
0.00000000
81412.3356
0.00000000
81426.9994
0.00000000
81272.3469
0.00000000
81361.4254
0.00000000
81292.8852
0.00000000
81391.8772
0.00000000
81336.2315
0.00000000
81310.4309
0.00000000
81328.1289
0.00000000
81396.1471
0.00000000
81421.8009
0.00000000
81256.2537
0.00000000
81451.4636
0.00000000
81382.5247
0.00000000
81307.2072
0.00000000
81370.1450
0.00000000
81263.8119
0.00000000
81420.9397
0.00000000
81418.5614
0.00000000
81314.8654
0.00000000
81336.7849
0.00000000
81321.4566
0.00000000
81315.3993
0.00000000
81285.7054
0.00000000
81400.4780
0.00000000
81416.5081
0.00000000
81441.9252
0.00000000
81266.0109
0.00000000
81151.6252
0.00000000
81370.5642
0.00000000
81203.3350
0.00000000
81241.4515
0.00000000
81361.4610
0.00000000
81415.9522
0.00000000
81175.4064
0.00000000
81476.2319
0.00000000
81401.2645
0.00000000
81324.8552
0.00000000
81391.3611
0.00000000
81438.2448
0.00000000
81325.4692
0.00000000
81410.3408
0.00000000
81313.7735
0.00000000
81434.8190
0.00000000
81264.3812
0.00000000
81289.4639
0.00000000
81269.3498
0.00000000
81442.9362
0.00000000
81302.3266
0.00000000
81391.3198
0.00000000
81481.8756
0.00000000
81412.1925
0.00000000
81432.8094
0.00000000
81407.2673
0.00000000
81402.4982
0.00000000
81324.0370
0.00000000
81433.6404
0.00000000
81166.4538
0.00000000
81352.2373
0.00000000
81442.5369
0.00000000
81432.9555
0.00000000
81534.2253
0.00000000
81280.0732
0.00000000
81212.5939
0.00000000
81463.1205
0.00000000
81223.0185
0.00000000
81317.1088
0.00000000
81291.4366
0.00000000
81394.9475
0.00000000
81407.9532
0.00000000
81378.6001
0.00000000
81437.0147
0.00000000
81448.1526
0.00000000
81397.0325
0.00000000
81402.0528
0.00000000
81425.0424
0.00000000
81398.7423
0.00000000
81310.3461
0.00000000
81417.8799
0.00000000
81488.2803
0.00000000
81297.7364
0.00000000
81531.7569
0.00000000
81257.8242
0.00000000
81409.0768
0.00000000
81335.6248
0.00000000
81395.6700
0.00000000
81279.5406
0.00000000
81376.2289
0.00000000
81390.3229
0.00000000
81416.2726
0.00000000
81342.4903
0.00000000
81404.3547
0.00000000
81495.7314
0.00000000
81413.1791
0.00000000
81355.5480
0.00000000
81489.5008
0.00000000
81412.5925
0.00000000
81351.9140
0.00000000
81258.6901
0.00000000
81295.9036
0.00000000
81390.7862
0.00000000
81421.9710
0.00000000
81434.5276
0.00000000
81399.3690
0.00000000
81276.8445
0.00000000
81283.1825
0.00000000
81350.2702
0.00000000
81372.6156
0.00000000
81288.7373
0.00000000
81342.7218
0.00000000
81358.1038
0.00000000
81415.2287
0.00000000
81458.2881
0.00000000
81418.7526
0.00000000
81490.7858
0.00000000
81307.7075
0.00000000
81333.4747
0.00000000
81307.7425
0.00000000
81401.0158
0.00000000
81406.1450
0.00000000
81254.0410
0.00000000
81356.0043
0.00000000
81245.0834
0.00000000
81461.1010
0.00000000
81456.8085
0.00000000
81461.9681
0.00000000
81413.1009
0.00000000
81401.8101
0.00000000
81329.7210
0.00000000
81354.3304
0.00000000
81431.7839
0.00000000
81193.4094
0.00000000
81147.8264
0.00000000
81373.5845
0.00000000
81330.5726
0.00000000
81415.7022
0.00000000
81418.5179
0.00000000
81328.1285
0.00000000
81306.6547
0.00000000
81360.5155
0.00000000
81304.6988
0.00000000
81271.4326
0.00000000
81371.9129
0.00000000
81396.6958
0.00000000
81344.8987
0.00000000
81368.9487
0.00000000
81345.4052
0.00000000
81395.6379
0.00000000
81336.3571
0.00000000
81402.5920
0.00000000
81370.4703
0.00000000
81382.5439
0.00000000
81296.0396
0.00000000
81437.4684
0.00000000
81438.8454
0.00000000
81371.8756
0.00000000
81456.9581
0.00000000
81376.8999
0.00000000
81391.6200
0.00000000
81372.3833
0.00000000
81208.8932
0.00000000
81399.1376
0.00000000
81275.5812
0.00000000
81480.4190
0.00000000
81436.9286
0.00000000
81312.4932
0.00000000
81284.9779
0.00000000
81418.5383
0.00000000
81435.8229
0.00000000
81387.7100
0.00000000
81377.4217
0.00000000
81322.1341
0.00000000
81443.4083
0.00000000
81286.9655
0.00000000
81310.0034
0.00000000
81335.7696
0.00000000
81307.7391
0.00000000
81339.2399
0.00000000
81307.6804
0.00000000
81443.4273
0.00000000
81380.6730
0.00000000
81433.4426
0.00000000
81263.2977
0.00000000
81298.6476
0.00000000
81303.9041
0.00000000
81169.8951
0.00000000
81423.5532
0.00000000
81423.2292
0.00000000
81421.1154
0.00000000
81333.2613
0.00000000
81332.2159
0.00000000
81606.4212
0.00000000
81522.5434
0.00000000
81551.7678
0.00000000
81494.8642
0.00000000
81536.6324
0.00000000
81534.7694
0.00000000
81348.4057
0.00000000
81430.8149
0.00000000
81404.5223
0.00000000
81520.8283
0.00000000
81480.9661
0.00000000
81495.1943
0.00000000
81354.8276
0.00000000
81518.8100
0.00000000
81552.5876
0.00000000
81490.2404
0.00000000
81567.0537
0.00000000
81339.3575
0.00000000
81437.7020
0.00000000
81432.5818
0.00000000
81533.7149
0.00000000
81457.4652
0.00000000
81399.4977
0.00000000
81695.1575
0.00000000
81674.6673
0.00000000
81438.9454
0.00000000
81461.8270
0.00000000
81473.9238
0.00000000
81640.1718
0.00000000
81585.5870
0.00000000
81509.8759
0.00000000
81446.5467
0.00000000
81410.5669
0.00000000
81540.1167
0.00000000
81496.2827
0.00000000
81560.1372
0.00000000
81526.5638
0.00000000
81441.5156
0.00000000
81556.5282
0.00000000
81544.9328
0.00000000
81410.7412
0.00000000
81527.5037
0.00000000
81520.0284
0.00000000
81457.8913
0.00000000
81470.4212
0.00000000
81490.7670
0.00000000
81425.1583
0.00000000
81701.8581
0.00000000
81470.9901
0.00000000
81443.3450
0.00000000
81474.1694
0.00000000
81491.6269
0.00000000
81465.6218
0.00000000
81526.6978
0.00000000
81548.7881
0.00000000
81509.6177
0.00000000
81424.4660
0.00000000
81426.6138
0.00000000
81458.1364
0.00000000
81558.7158
0.00000000
81695.1185
0.00000000
81513.8983
0.00000000
81535.4016
0.00000000
81431.1509
0.00000000
81576.8455
0.00000000
81564.2912
0.00000000
81577.6213
0.00000000
81509.5265
0.00000000
81424.5220
0.00000000
81431.9524
0.00000000
81563.4052
0.00000000
81467.5511
0.00000000
81543.7067
0.00000000
81529.9679
0.00000000
81523.4245
0.00000000
81510.8306
0.00000000
81494.8126
0.00000000
81467.4603
0.00000000
81638.1104
0.00000000
81347.3094
0.00000000
81269.9117
0.00000000
81413.3622
0.00000000
81610.0748
0.00000000
81467.4039
0.00000000
81536.4642
0.00000000
81464.7706
0.00000000
81528.2845
0.00000000
81564.1821
0.00000000
81563.8602
0.00000000
81669.5565
0.00000000
81439.0514
0.00000000
81461.1298
0.00000000
81426.3577
0.00000000
81522.3578
0.00000000
81603.4285
0.00000000
81548.8980
0.00000000
81522.5178
0.00000000
81387.5746
0.00000000
81560.6938
0.00000000
81408.6559
0.00000000
81462.8709
0.00000000
81463.3241
0.00000000
81411.6031
0.00000000
81398.6807
0.00000000
81553.9987
0.00000000
81387.5509
0.00000000
81558.7696
0.00000000
81458.0197
0.00000000
81603.7393
0.00000000
81486.5470
0.00000000
81486.5698
0.00000000
81450.7691
0.00000000
81411.4356
0.00000000
81412.1066
0.00000000
81375.1330
0.00000000
81382.2569
0.00000000
81472.2521
0.00000000
81446.7642
0.00000000
81531.7522
0.00000000
81492.0556
0.00000000
81421.7750
0.00000000
81582.9408
0.00000000
81563.1140
0.00000000
81461.4409
0.00000000
81535.2747
0.00000000
81614.5464
0.00000000
81433.2380
0.00000000
81540.0641
0.00000000
81547.6232
0.00000000
81445.6647
0.00000000
81630.0682
0.00000000
81299.0093
0.00000000
81487.0489
0.00000000
81637.9871
0.00000000
81553.2758
0.00000000
81518.4764
0.00000000
81498.8361
0.00000000
81462.9391
0.00000000
81398.5488
0.00000000
81434.4096
0.00000000
81546.6702
0.00000000
81526.1734
0.00000000
81565.9341
0.00000000
81476.8770
0.00000000
81651.2787
0.00000000
81482.3055
0.00000000
81403.8389
0.00000000
81429.0450
0.00000000
81478.6630
0.00000000
81550.2083
0.00000000
81584.2451
0.00000000
81500.7592
0.00000000
81536.3892
0.00000000
81526.2389
0.00000000
81356.5781
0.00000000
81404.0319
0.00000000
81582.1656
0.00000000
81451.5040
0.00000000
81516.7506
0.00000000
81413.4478
0.00000000
81629.8209
0.00000000
81471.0368
0.00000000
81558.8957
0.00000000
81577.2969
0.00000000
81609.6722
0.00000000
81486.7248
0.00000000
81527.3054
0.00000000
81598.8079
0.00000000
81508.8519
0.00000000
81397.2611
0.00000000
81577.7405
0.00000000
81529.7571
0.00000000
81544.6639
0.00000000
81474.8871
0.00000000
81551.0500
0.00000000
81453.5221
0.00000000
81440.7944
0.00000000
81546.1871
0.00000000
81495.8828
0.00000000
81630.8761
0.00000000
81455.5434
0.00000000
81452.8936
0.00000000
81388.5441
0.00000000
81476.8120
0.00000000
81548.9840
0.00000000
81372.2029
0.00000000
81490.5365
0.00000000
81512.8641
0.00000000
81396.9184
0.00000000
81393.3124
0.00000000
81527.5105
0.00000000
81697.8505
0.00000000
81475.9610
0.00000000
81563.2637
0.00000000
81488.5395
0.00000000
81416.5708
0.00000000
81547.9650
0.00000000
81521.0446
0.00000000
81604.3148
0.00000000
81559.5234
0.00000000
81789.7881
0.00000000
81858.6644
0.00000000
81821.0895
0.00000000
81707.5340
0.00000000
81780.4008
0.00000000
81905.2753
0.00000000
81816.1201
0.00000000
81798.5649
0.00000000
81836.4664
0.00000000
81763.9243
0.00000000
81851.5258
0.00000000
81892.4062
0.00000000
81969.4925
0.00000000
81699.8931
0.00000000
82364.3712
0.00000000
82151.3039
0.00000000
81783.3202
0.00000000
82009.6870
0.00000000
82005.8556
0.00000000
81795.8652
0.00000000
81697.6485
0.00000000
81926.2865
0.00000000
81569.7212
0.00000000
81617.6493
0.00000000
82177.1008
0.00000000
81814.8844
0.00000000
81902.8019
0.00000000
81975.0303
0.00000000
81936.7577
0.00000000
81680.1985
0.00000000
81915.1614
0.00000000
82205.8699
0.00000000
81961.6161
0.00000000
81834.3350
0.00000000
81990.4661
0.00000000
81956.1447
0.00000000
82283.0287
0.00000000
81763.3185
0.00000000
83202.7172
0.00000000
82158.5217
0.00000000
81858.4310
0.00000000
81905.8767
0.00000000
81670.6357
0.00000000
81804.2247
0.00000000
81987.1614
0.00000000
82062.4676
0.00000000
82164.1500
0.00000000
81703.0773
0.00000000
81991.9815
0.00000000
81698.5779
0.00000000
82709.6556
0.00000000
81914.9013
0.00000000
81988.1042
0.00000000
82000.9177
0.00000000
81955.9147
0.00000000
81624.5966
0.00000000
81806.3236
0.00000000
81909.0425
0.00000000
81805.4641
0.00000000
81768.6605
0.00000000
82012.3656
0.00000000
81916.3224
0.00000000
81827.7657
0.00000000
81958.7877
0.00000000
81837.2089
0.00000000
81808.3056
0.00000000
81861.9337
0.00000000
81747.5511
0.00000000
82013.8395
0.00000000
81819.0975
0.00000000
81792.1208
0.00000000
81863.5601
0.00000000
81858.6476
0.00000000
81899.5521
0.00000000
81906.8664
0.00000000
81906.3858
0.00000000
81910.6447
0.00000000
81915.7527
0.00000000
81839.3195
0.00000000
82087.2196
0.00000000
81758.7591
0.00000000
81713.7145
0.00000000
81790.3834
0.00000000
82070.7072
0.00000000
81755.2366
0.00000000
81714.2820
0.00000000
81658.4479
0.00000000
81890.1221
0.00000000
81766.7604
0.00000000
82236.4397
0.00000000
82025.6989
0.00000000
81974.9207
0.00000000
82043.4573
0.00000000
81897.6542
0.00000000
81850.9082
0.00000000
81713.9806
0.00000000
82097.9751
0.00000000
81823.3539
0.00000000
82004.1904
0.00000000
81909.9069
0.00000000
81766.6550
0.00000000
81661.6364
0.00000000
82035.5513
0.00000000
81878.2360
0.00000000
81902.7087
0.00000000
81638.7371
0.00000000
82012.6363
0.00000000
81852.7376
0.00000000
81680.6402
0.00000000
81757.2072
0.00000000
81705.6824
0.00000000
82290.5109
0.00000000
81816.4573
0.00000000
81989.3946
0.00000000
81920.3830
0.00000000
81972.3484
0.00000000
81742.2911
0.00000000
81888.5162
0.00000000
81987.5108
0.00000000
81709.2601
0.00000000
82386.7177
0.00000000
81875.5257
0.00000000
82076.3936
0.00000000
82046.3750
0.00000000
81604.6922
0.00000000
81780.0905
0.00000000
81908.0030
0.00000000
81724.7046
0.00000000
81723.9961
0.00000000
82230.0547
0.00000000
81953.0888
0.00000000
81928.5356
0.00000000
82057.6363
0.00000000
81959.2934
0.00000000
81725.9099
0.00000000
81849.0885
0.00000000
81700.8048
0.00000000
81775.7903
0.00000000
82093.8658
0.00000000
81775.6413
0.00000000
81740.7429
0.00000000
81871.7210
0.00000000
81979.6597
0.00000000
81780.6975
0.00000000
81619.7395
0.00000000
81971.3944
0.00000000
81801.8759
0.00000000
82015.1971
0.00000000
81815.6083
0.00000000
81746.1467
0.00000000
81874.9117
0.00000000
81783.5749
0.00000000
82498.8585
0.00000000
82324.7381
0.00000000
81899.7802
0.00000000
81972.2537
0.00000000
81837.4356
0.00000000
82099.4866
0.00000000
81803.1789
0.00000000
82103.2497
0.00000000
81825.5653
0.00000000
81966.3953
0.00000000
81872.0641
0.00000000
81914.0053
0.00000000
81972.1052
0.00000000
81765.5323
0.00000000
81651.8020
0.00000000
81768.2430
0.00000000
81833.7564
0.00000000
81959.0834
0.00000000
81787.5556
0.00000000
82098.5986
0.00000000
81918.3028
0.00000000
81617.8107
0.00000000
81804.4238
0.00000000
81812.0339
0.00000000
82005.1952
0.00000000
81956.5788
0.00000000
81746.0288
0.00000000
82052.6349
0.00000000
81805.6988
0.00000000
81911.8116
0.00000000
82016.6222
0.00000000
82139.7750
0.00000000
81614.3556
0.00000000
81927.3243
0.00000000
81682.1265
0.00000000
81826.4232
0.00000000
81756.2107
0.00000000
81886.9015
0.00000000
82114.5450
0.00000000
82100.2567
0.00000000
81873.7773
0.00000000
81982.7795
0.00000000
81854.9187
0.00000000
81896.8213
0.00000000
81563.8776
0.00000000
81862.2509
0.00000000
81753.8696
0.00000000
81906.4005
0.00000000
82397.6320
0.00000000
82873.6745
0.00000000
82260.7003
0.00000000
82302.4832
0.00000000
82851.2383
0.00000000
82264.8000
0.00000000
82283.3089
0.00000000
84361.6206
0.00000000
82932.0547
0.00000000
82891.6455
0.00000000
82893.8234
0.00000000
82647.7388
0.00000000
82795.9074
0.00000000
82475.2876
0.00000000
82293.1473
0.00000000
83331.1314
0.00000000
82359.5691
0.00000000
82729.4750
0.00000000
82132.1742
0.00000000
82593.9161
0.00000000
82423.1375
0.00000000
82408.6424
0.00000000
82460.9923
0.00000000
82388.2879
0.00000000
82398.1857
0.00000000
82127.3237
0.00000000
82536.8610
0.00000000
82392.5225
0.00000000
82448.4647
0.00000000
82703.2441
0.00000000
82554.1208
0.00000000
82566.9384
0.00000000
82702.7930
0.00000000
82368.7158
0.00000000
82757.7946
0.00000000
82142.3636
0.00000000
82223.0594
0.00000000
82511.5406
0.00000000
83084.3015
0.00000000
82764.2714
0.00000000
82859.7779
0.00000000
82213.9875
0.00000000
82782.6646
0.00000000
82261.7388
0.00000000
83074.0145
0.00000000
82406.2153
0.00000000
82487.4958
0.00000000
82650.8235
0.00000000
82809.6375
0.00000000
82711.3534
0.00000000
82024.9075
0.00000000
82502.1724
0.00000000
82170.3845
0.00000000
82319.1116
0.00000000
82461.0664
0.00000000
82477.0242
0.00000000
82530.4108
0.00000000
82536.9778
0.00000000
82196.6521
0.00000000
82553.2773
0.00000000
82441.1831
0.00000000
82209.7212
0.00000000
83088.2891
0.00000000
83244.2422
0.00000000
82927.3616
0.00000000
82341.8003
0.00000000
82399.8609
0.00000000
82528.0295
0.00000000
82097.3461
0.00000000
82852.5961
0.00000000
82605.1190
0.00000000
82353.1601
0.00000000
82175.5799
0.00000000
82674.6777
0.00000000
82450.2011
0.00000000
82298.8137
0.00000000
82096.8494
0.00000000
82482.4865
0.00000000
82538.8113
0.00000000
81898.9889
0.00000000
82619.9361
0.00000000
82345.7663
0.00000000
82859.9761
0.00000000
82425.9780
0.00000000
82737.4265
0.00000000
82615.4108
0.00000000
82390.3782
0.00000000
83555.1934
0.00000000
82508.5322
0.00000000
82057.4620
0.00000000
82507.9520
0.00000000
82294.2381
0.00000000
82093.4950
0.00000000
82624.0228
0.00000000
83217.5555
0.00000000
83491.6334
0.00000000
82732.7351
0.00000000
82640.1824
0.00000000
82578.1667
0.00000000
82490.2830
0.00000000
82171.7970
0.00000000
82403.7941
0.00000000
82544.9195
0.00000000
84376.6666
0.00000000
82547.9055
0.00000000
82609.5950
0.00000000
82123.9992
0.00000000
82252.3481
0.00000000
82968.9056
0.00000000
82743.7075
0.00000000
82316.6794
0.00000000
82816.2911
0.00000000
82756.0972
0.00000000
82226.1997
0.00000000
82272.9185
0.00000000
83434.5435
0.00000000
82670.4416
0.00000000
82374.9835
0.00000000
82272.3723
0.00000000
81946.2703
0.00000000
82560.5083
0.00000000
82722.1897
0.00000000
82479.0688
0.00000000
82693.3028
0.00000000
81683.4850
0.00000000
82192.8975
0.00000000
82256.0620
0.00000000
82868.2805
0.00000000
82570.9536
0.00000000
82671.6855
0.00000000
82632.2435
0.00000000
82011.9208
0.00000000
84112.3277
0.00000000
83314.3653
0.00000000
82494.4571
0.00000000
82663.1077
0.00000000
82827.9824
0.00000000
83470.4006
0.00000000
82380.7424
0.00000000
82676.1006
0.00000000
82138.8785
0.00000000
82871.0466
0.00000000
82561.6560
0.00000000
82380.4337
0.00000000
82581.7317
0.00000000
82252.9858
0.00000000
82620.1616
0.00000000
82114.1624
0.00000000
82353.6398
0.00000000
82081.0720
0.00000000
82448.6969
0.00000000
82623.3539
0.00000000
82357.5799
0.00000000
83468.4108
0.00000000
82696.4072
0.00000000
82458.8749
0.00000000
83571.6563
0.00000000
82345.3260
0.00000000
82407.6898
0.00000000
82214.6552
0.00000000
82499.0738
0.00000000
82041.1651
0.00000000
82756.8550
0.00000000
82421.4853
0.00000000
83499.1411
0.00000000
82201.9081
0.00000000
82485.4600
0.00000000
82668.9722
0.00000000
83266.4935
0.00000000
85242.8319
0.00000000
82686.3562
0.00000000
82501.4810
0.00000000
82269.1618
0.00000000
82040.6738
0.00000000
82514.8262
0.00000000
84183.0688
0.00000000
82218.2502
0.00000000
82511.3774
0.00000000
82150.4295
0.00000000
82375.9040
0.00000000
83199.9554
0.00000000
82828.7312
0.00000000
82363.3304
0.00000000
82873.2562
0.00000000
82837.6458
0.00000000
83636.4826
0.00000000
82473.9051
0.00000000
82667.6328
0.00000000
83248.1374
0.00000000
82376.9628
0.00000000
82179.6904
0.00000000
82790.1075
0.00000000
82209.5232
0.00000000
82367.3677
0.00000000
81982.8634
0.00000000
82242.4738
0.00000000
82019.4021
0.00000000
83440.3457
0.00000000
82412.9254
0.00000000
82385.0898
0.00000000
83557.4118
0.00000000
83301.9029
0.00000000
83944.0642
0.00000000
84014.1302
0.00000000
83289.2495
0.00000000
83330.1741
0.00000000
83394.2864
0.00000000
84317.4309
0.00000000
84700.4127
0.00000000
82619.0601
0.00000000
85851.3798
0.00000000
82981.1470
0.00000000
82739.9690
0.00000000
82990.0646
0.00000000
82945.4273
0.00000000
83257.0237
0.00000000
83756.8697
0.00000000
84075.0463
0.00000000
82667.6269
0.00000000
83213.6418
0.00000000
82834.2037
0.00000000
84333.4195
0.00000000
83295.1276
0.00000000
83387.9665
0.00000000
84074.3221
0.00000000
82728.8871
0.00000000
82835.4060
0.00000000
82776.9298
0.00000000
83471.2537
0.00000000
82933.4269
0.00000000
84369.0086
0.00000000
83348.5033
0.00000000
83859.1314
0.00000000
82891.8350
0.00000000
83431.1979
0.00000000
83486.4242
0.00000000
83023.7192
0.00000000
83131.2364
0.00000000
84739.1974
0.00000000
83112.4334
0.00000000
86469.3162
0.00000000
83711.4354
0.00000000
85563.2418
0.00000000
83659.9340
0.00000000
84660.8504
0.00000000
83213.9829
0.00000000
83567.3863
0.00000000
84337.3599
0.00000000
83188.7589
0.00000000
83714.3593
0.00000000
82962.2227
0.00000000
83036.7837
0.00000000
91127.3125
0.00000000
82711.3971
0.00000000
86949.5786
0.00000000
87502.8861
0.00000000
86711.6081
0.00000000
83327.5247
0.00000000
85262.9827
0.00000000
89681.2555
0.00000000
83978.4606
0.00000000
83505.0919
0.00000000
84619.8257
0.00000000
82935.4204
0.00000000
84593.4172
0.00000000
84035.8336
0.00000000
83901.0832
0.00000000
82857.5671
0.00000000
86410.1382
0.00000000
84011.9345
0.00000000
85255.1636
0.00000000
83495.1794
0.00000000
83052.0084
0.00000000
83085.0563
0.00000000
84716.9754
0.00000000
82629.3241
0.00000000
83006.9719
0.00000000
82849.0144
0.00000000
83425.6490
0.00000000
83014.7687
0.00000000
83751.1553
0.00000000
82604.1461
0.00000000
84818.6734
0.00000000
83502.8106
0.00000000
82794.4081
0.00000000
83304.5480
0.00000000
83130.6194
0.00000000
83362.1992
0.00000000
84672.1744
0.00000000
83178.1628
0.00000000
86343.1963
0.00000000
87978.2007
0.00000000
83549.5462
0.00000000
82521.8345
0.00000000
84473.2541
0.00000000
89618.5978
0.00000000
82955.3713
0.00000000
84643.9347
0.00000000
83190.0147
0.00000000
83654.0937
0.00000000
85076.3584
0.00000000
83663.0549
0.00000000
88411.7565
0.00000000
84964.2541
0.00000000
84999.4590
0.00000000
84208.5151
0.00000000
83663.5762
0.00000000
83140.5927
0.00000000
85939.9754
0.00000000
83139.1550
0.00000000
83463.6809
0.00000000
85577.8692
0.00000000
86681.9675
0.00000000
83531.6233
0.00000000
85412.7585
0.00000000
83527.2164
0.00000000
84081.0158
0.00000000
82875.3063
0.00000000
83607.9909
0.00000000
83297.2046
0.00000000
83324.0294
0.00000000
83784.6915
0.00000000
83393.9023
0.00000000
83055.6459
0.00000000
82867.0773
0.00000000
85343.6432
0.00000000
83851.3797
0.00000000
82720.8712
0.00000000
83645.8112
0.00000000
82967.2859
0.00000000
84468.7187
0.00000000
82952.9170
0.00000000
83266.7385
0.00000000
83569.2512
0.00000000
84851.3640
0.00000000
84526.5529
0.00000000
83184.3232
0.00000000
85433.4631
0.00000000
83412.1179
0.00000000
83451.7403
0.00000000
83167.3481
0.00000000
83583.2905
0.00000000
82971.9014
0.00000000
82833.6021
0.00000000
84614.5325
0.00000000
83389.4305
0.00000000
83322.9151
0.00000000
83808.3238
0.00000000
83406.0697
0.00000000
83510.9065
0.00000000
85169.9698
0.00000000
84988.3255
0.00000000
83596.3809
0.00000000
83343.1396
0.00000000
83221.6809
0.00000000
83478.0951
0.00000000
83169.4210
0.00000000
83808.0400
0.00000000
83080.0323
0.00000000
82933.0330
0.00000000
83270.6055
0.00000000
82914.1866
0.00000000
82679.6386
0.00000000
82896.5013
0.00000000
83204.5704
0.00000000
82880.9788
0.00000000
83400.4074
0.00000000
84158.8065
0.00000000
82999.6994
0.00000000
83426.4178
0.00000000
82819.0500
0.00000000
84679.1057
0.00000000
83115.5595
0.00000000
83608.8043
0.00000000
82794.3844
0.00000000
84160.2022
0.00000000
85129.0508
0.00000000
83623.1603
0.00000000
84978.7903
0.00000000
83159.1245
0.00000000
82590.0905
0.00000000
86790.9635
0.00000000
84146.5683
0.00000000
82893.5925
0.00000000
83456.5154
0.00000000
82762.5464
0.00000000
83024.8828
0.00000000
83280.6356
0.00000000
83450.4476
0.00000000
82948.8642
0.00000000
83163.7550
0.00000000
82696.6430
0.00000000
85508.5289
0.00000000
84962.5084
0.00000000
83227.2863
0.00000000
82913.3286
0.00000000
82572.7221
0.00000000
82905.1208
0.00000000
83400.7151
0.00000000
84563.3005
0.00000000
112070.983
0.00000000
84521.9599
0.00000000
90318.6407
0.00000000
88328.3985
0.00000000
84995.2417
0.00000000
83821.9760
0.00000000
84209.4466
0.00000000
85337.7649
0.00000000
86117.3969
0.00000000
85580.2219
0.00000000
84308.8295
0.00000000
91406.7897
0.00000000
85800.7917
0.00000000
97887.7341
0.00000000
83851.9278
0.00000000
84633.4358
0.00000000
84316.9058
0.00000000
85933.6847
0.00000000
84991.4356
0.00000000
96192.0917
0.00000000
83546.9340
0.00000000
86902.5742
0.00000000
84734.1044
0.00000000
84592.5902
0.00000000
83949.1536
0.00000000
84231.7344
0.00000000
84679.7333
0.00000000
88914.1702
0.00000000
84921.5555
0.00000000
84061.1568
0.00000000
85675.7427
0.00000000
85065.6383
0.00000000
84141.5246
0.00000000
88521.5523
0.00000000
84486.7389
0.00000000
84228.7724
0.00000000
83873.6683
0.00000000
85672.0180
0.00000000
84337.4711
0.00000000
89474.3619
0.00000000
87174.9319
0.00000000
83509.0358
0.00000000
90115.6183
0.00000000
83660.8842
0.00000000
85502.7781
0.00000000
85115.2534
0.00000000
84297.4230
0.00000000
88565.4774
0.00000000
83008.8350
0.00000000
84329.0208
0.00000000
84874.2078
0.00000000
84051.5612
0.00000000
84504.4282
0.00000000
88350.8595
0.00000000
83664.9677
0.00000000
84440.6994
0.00000000
83766.8483
0.00000000
86719.1956
0.00000000
94364.4837
0.00000000
84495.2452
0.00000000
84370.5405
0.00000000
84410.4014
0.00000000
84551.0472
0.00000000
85035.2529
0.00000000
85164.8221
0.00000000
85839.9930
0.00000000
156296.328
0.00000000
84248.3047
0.00000000
85884.8898
0.00000000
86674.0542
0.00000000
5667874.56
0.00000000
84147.9205
0.00000000
84411.3234
0.00000000
85903.2236
0.00000000
83729.3175
0.00000000
83739.9261
0.00000000
85382.8578
0.00000000
86707.1332
0.00000000
86513.2804
0.00000000
85378.8253
0.00000000
85497.3445
0.00000000
87730.2602
0.00000000
86795.3178
0.00000000
85745.3618
0.00000000
84380.6335
0.00000000
84312.8159
0.00000000
85096.6165
0.00000000
84807.1138
0.00000000
84955.6321
0.00000000
88367.3888
0.00000000
85369.7040
0.00000000
85183.0900
0.00000000
84173.6967
0.00000000
84105.5686
0.00000000
86774.4972
0.00000000
86611.3596
0.00000000
86215.5424
0.00000000
84415.4347
0.00000000
84504.4209
0.00000000
84921.8032
0.00000000
89497.5331
0.00000000
85325.4169
0.00000000
84369.1703
0.00000000
84045.7780
0.00000000
84011.7005
0.00000000
84890.5870
0.00000000
84872.9624
0.00000000
83846.5002
0.00000000
84272.5514
0.00000000
92032.0032
0.00000000
83908.9014
0.00000000
85323.9472
0.00000000
84375.5252
0.00000000
83773.5007
0.00000000
87413.6547
0.00000000
83189.0911
0.00000000
87788.0408
0.00000000
84141.3987
0.00000000
86020.4403
0.00000000
84989.2266
0.00000000
84100.3702
0.00000000
85813.9774
0.00000000
84803.0366
0.00000000
84845.6980
0.00000000
86266.2306
0.00000000
83874.8206
0.00000000
84516.6288
0.00000000
86016.6845
0.00000000
86961.3074
0.00000000
84085.1118
0.00000000
84959.9487
0.00000000
84166.5618
0.00000000
86797.0171
0.00000000
125803.035
0.00000000
87708.0061
0.00000000
85459.1229
0.00000000
84915.2742
0.00000000
86052.9480
0.00000000
88796.3154
0.00000000
84019.5554
0.00000000
84392.4146
0.00000000
90120.0862
0.00000000
191368.763
0.00000000
85170.2722
0.00000000
83589.3276
0.00000000
84948.9171
0.00000000
86481.9020
0.00000000
86836.8473
0.00000000
84729.2718
0.00000000
85460.6576
0.00000000
83727.0135
0.00000000
87480.3567
0.00000000
85588.7315
0.00000000
85275.1703
0.00000000
86163.6714
0.00000000
83808.1588
0.00000000
83555.9776
0.00000000
85596.0052
0.00000000
90593.2712
0.00000000
86755.4045
0.00000000
85170.7783
0.00000000
86379.1292
0.00000000
84333.7872
0.00000000
97173.8535
0.00000000
88725.4927
0.00000000
83653.7765
0.00000000
85554.4189
0.00000000
87941.2092
0.00000000
83797.4128
0.00000000
84095.4250
0.00000000
83760.8829
0.00000000
87644.8200
0.00000000
1265109.26
0.00000000
86146.4065
0.00000000
83914.1236
0.00000000
84704.9250
0.00000000
84670.8763
0.00000000
84482.7948
0.00000000
87468.4430
0.00000000
83199.9116
0.00000000
84535.6977
0.00000000
83977.0216
0.00000000
83911.3952
0.00000000
83969.8503
0.00000000
83599.9781
0.00000000
85429.3090
0.00000000
85900.0875
0.00000000
84045.8291
0.00000000
83583.4999
0.00000000
84093.8369
0.00000000
84253.4358
0.00000000
90211326.9
0.00000000
84063.0469
0.00000000
83868.7216
0.00000000
89500.0042
0.00000000
84444.8485
0.00000000
84368.8309
0.00000000
83743.7310
0.00000000
86750.3984
0.00000000
85032.9259
