81252.2285
81436.8325
81357.3901
81168.7823
81670.7864
81403.9865
80522.7774
81306.9210
80781.1270
81288.6540
81167.6630
81336.2679
81830.6877
81435.1007
80765.1376
81359.2999
81501.0069
81356.8615
81554.1122
81394.0424
81271.1522
81385.0031
81863.2066
81282.4438
81187.8550
81379.9081
81787.6210
81424.1968
81712.0994
81443.6651
81268.4668
81351.4380
81471.1648
81416.9915
81704.7352
81358.0023
81313.3028
81321.9031
81414.6328
81431.5391
81051.2549
81170.4656
81262.4440
81299.0457
81240.3659
81405.4201
82072.7287
81295.0510
81330.7130
81389.6508
81028.0328
81145.4132
81695.5581
81308.5498
80976.8332
81392.4838
81298.5219
81393.7816
81418.2044
81339.3786
81610.8196
81415.1911
81368.5997
81234.0803
81908.1693
81398.3420
81345.3168
81332.6688
81062.7567
81382.3407
81541.4202
81464.2340
81424.1781
81220.0846
81539.4595
81359.7528
81429.4409
81175.1976
81246.4972
81315.0183
81514.8008
81251.8329
81463.7762
81420.4427
81450.3903
81381.9485
81739.9732
81392.2401
81673.7792
81357.1538
81044.7654
81416.1854
81426.2735
81468.2528
81549.5132
81286.0836
81288.2344
81450.7651
81056.7020
81230.0910
81724.4466
81273.1527
81122.6618
81186.7739
81070.7836
81313.1260
81091.9300
81179.1491
81879.8501
81417.2382
81704.9101
81355.8978
81811.2432
81397.9408
81055.1750
81356.0215
81682.1440
81368.2869
80951.6165
81195.2389
80926.4924
81416.5523
81879.0761
81178.6414
81123.1133
81370.8582
81537.9763
81256.4705
81084.5477
81306.0509
82152.3514
81471.8794
81511.8145
81498.3072
80961.8898
81331.0454
81868.2148
81284.4195
81569.3947
81390.2101
81947.7007
81383.5979
81927.8878
81399.0766
81908.4195
81318.8380
81109.1487
81426.8894
82486.6260
81338.4683
81053.7845
81298.2798
81592.0516
81337.7371
81656.1774
81343.0405
81859.7746
81360.2591
81400.7333
81252.8752
81080.3858
81389.0596
81854.8128
81371.8625
81214.4599
81250.9284
81550.5789
81394.4852
81979.2777
81238.0147
81737.9745
81386.5280
82297.8919
81448.6689
81984.4748
81439.1451
81521.3583
81355.2253
81374.0391
81327.1590
82053.2656
81450.6915
81614.4909
81413.4211
81753.1024
81165.7801
81196.6307
81302.5864
81145.9012
81294.4904
81424.8930
81436.0547
81869.6341
81334.6450
81452.1713
81371.0317
81114.2373
81382.3260
81436.7493
81453.2413
81425.1692
81215.0250
81656.4116
81412.4700
81749.6783
81347.5902
81707.0992
81275.8176
81354.2549
81209.9085
81646.4228
81156.0044
81193.6783
81393.9321
81508.8038
81291.0655
81500.5298
81256.1861
82253.3784
81273.3246
81038.9811
81493.3997
81497.2040
81289.9221
81716.5980
81396.3705
81072.9470
81439.2146
81313.5288
81319.5558
81730.4431
81318.4912
81914.4038
81296.7919
80563.9321
81324.5017
82171.1622
81263.5954
81272.1380
81453.9149
81260.7363
81395.3985
81591.2246
81390.4143
82004.7830
81446.9165
81170.6820
81264.5387
81638.6130
81418.9087
81692.1759
81453.2833
81731.9491
81187.6058
81507.6815
81389.5066
82090.2938
81223.7539
81614.3429
81412.3222
82124.8324
81350.5851
82071.7234
81376.9960
81100.0732
81328.5763
81098.6484
81392.1047
80910.8682
81369.1232
81877.0187
81375.2427
81539.3577
81345.1171
81713.2218
81442.0682
81373.0188
81314.9738
81591.6630
81388.4766
81515.5443
81364.5452
81885.9840
81359.9554
82010.7036
81360.2244
81723.4225
81283.1317
81589.6057
81402.8404
81474.5587
81379.0263
81049.9973
81321.5297
80882.8351
81209.9740
81683.1714
81291.8874
81497.7749
81314.0415
81326.4801
81411.2094
81242.7786
81395.8987
81134.5691
81339.4183
81125.4968
81428.3517
81850.0739
81439.7132
81287.8081
81405.0729
80921.8780
81310.0695
81601.9054
81411.2417
80832.7179
81411.2174
81294.5865
81322.9198
81628.9383
81409.9994
81596.4993
81334.8035
81239.3201
81398.3415
81814.6906
81347.1922
81051.4622
81429.7397
81699.1162
81324.6680
82314.3641
81307.2898
81247.8872
81286.5517
80514.2963
81471.9599
81271.3122
81233.2829
81737.5299
81355.1914
80891.8593
81295.1301
80795.0002
81184.4159
81569.7520
81295.9044
81360.0734
81376.8318
81638.1387
81187.0150
81655.5743
81465.6065
81103.5528
81308.5773
81831.3881
81319.4141
81461.4407
81318.7185
81635.7368
81349.8458
81345.4376
81408.5776
81129.3293
81436.7972
80762.7113
81400.6407
81483.7618
81352.6880
81284.5096
81336.3510
81651.6184
81400.4584
82261.2570
81445.1758
81814.3210
81193.3477
82152.0940
81190.5947
81936.3631
81393.9718
81202.2771
81382.9305
80887.8710
81277.4668
81956.2434
81271.5560
80613.4705
81368.1098
81341.9825
81428.8558
81838.9277
81405.7633
80877.3473
81422.7880
82620.3587
81202.2084
80962.2496
81362.1376
81354.3277
93368.3206
81452.2917
101436.980
81789.0575
122937.846
81934.6890
229610.496
82102.2795
102929.110
81674.3510
284756.261
81359.3474
94243.9795
81836.9427
5411947.45
81662.7281
90700.8875
82217.5575
3908908.42
81495.6450
89932.7065
81590.3413
94141.7535
81396.9204
300432.423
81709.5434
115388.706
81806.0180
136784.498
81911.4037
6087734.81
82049.8557
94485.0262
81490.6442
94844.4558
81162.5245
6766065.21
81472.8128
96584.3876
81819.4630
111067.360
82046.9058
110013.341
82373.2487
93817.2250
81480.6952
486216.012
82383.2549
92458.6770
81887.2366
12317.5081
82051.5701
11581.4002
82030.9145
103393.365
81693.6975
112988.275
81445.4042
96042.5297
81314.6567
93871.3967
81738.6548
98217.3834
82055.7172
99155.4236
81398.1871
93008.2786
81047.3817
211977.855
81681.4306
89566.2853
80424.2287
100865.412
81337.6168
89642.8191
80701.5055
110676.395
81173.1592
110731.927
82545.0204
97207.8037
81382.2005
99953.3358
81454.2324
96046.2339
82090.6964
12862.1991
81339.8000
144102.325
81815.4818
280896017.
81534.2902
425181.900
81470.7806
89397.5576
81740.1586
109184.732
81281.1354
94240.1618
80818.4092
92827.4514
81523.5121
96375.5213
81571.6604
93023.1790
80960.9958
91239.1388
82099.5999
107038.357
81171.3915
4209162.09
81409.4792
2970437438
81441.5795
97740.6803
81746.7976
103444.059
81947.4653
90172.2470
81780.9721
89518.1297
81657.0993
94222.1324
81362.7698
177431.004
81156.0321
98944.4771
82299.4109
3472535671
81392.0389
402954.833
81818.8729
671836042.
81658.3485
1741531537
81334.3018
105988.254
82616.7768
94221.7254
81859.7314
95644.8615
81577.4204
7547665.20
81411.0657
126960.021
81258.7631
89803.1842
81201.5457
113554.434
82224.6589
107378.083
82171.7701
157484.420
81154.3144
625790.505
81483.1768
94818.1377
81388.3628
93861.2365
81304.8656
7882656.45
81322.9333
101422.268
82047.3644
92341.4881
80985.1689
108581.242
81955.5040
90731.1636
81187.7199
94848.7198
80962.2658
97859.7898
81484.5544
1130708100
81525.9089
94966.6573
81100.9236
93414.0447
81110.4081
1041086295
81783.1673
45280419.3
82214.6128
94437.1347
81240.1512
95038.1793
81854.9359
93993.3825
82255.0841
2967251.98
80822.2882
99871.3826
81636.9371
92164.1040
81454.5469
3838987.46
81322.7323
4409496911
81577.7118
10026750.0
82064.6115
11482.6990
81508.6040
95063.3277
80870.4115
96468.9248
81949.3418
97947.5443
81741.0120
96561.0205
81106.4688
94232.6682
81371.1154
95328.6000
82087.8849
89786.3207
81041.3111
90345.1827
81389.7791
1515567.80
81741.8520
2015239893
81800.9679
181529509.
82175.1365
13007.8537
81320.2377
93049.9247
81959.0357
159212.571
81634.4427
89817.3200
81635.2781
6625031.72
81262.7491
3447425.71
81300.1598
3762284.84
81762.9428
100230.195
80999.6011
1005417.41
81660.4869
12116.5967
82083.3943
1071562.16
81843.7912
8017621.35
81390.9342
125683.897
81390.2945
125105.218
81388.2553
91884.6582
81726.6857
102265.142
81278.9572
105362.746
81988.2986
99148.2080
81899.7095
90655.1819
81270.5128
89480.2958
81415.0756
90562.4672
81969.5617
95080.1767
81028.8329
93676.9166
80950.8748
88967.2601
81678.4348
94664.5712
81835.0348
98153.5039
81579.4905
227784.671
81741.6489
101440.497
81736.8478
94546.6878
82120.6598
52433517.8
81956.9844
138417867.
81361.0108
106411.683
81392.7691
123954.658
80717.6445
93484.6165
81611.1436
96134.3136
81829.1310
7585512.44
81432.8961
122889.753
82096.4267
156699.321
80769.7669
12546.2126
82221.4282
102854.164
82069.1686
102316.766
81763.8751
96998.7184
81945.6970
97302.7612
82204.5501
119628.486
81238.0935
1314737201
81411.5929
97523.0549
82034.4983
95294.3212
81823.6328
100001.472
81779.0936
114308.482
81848.4269
94112.6450
81479.7086
116467.035
81074.3540
124358.616
81374.3351
122798.304
81523.2628
94357.8786
81909.6985
8123556.65
82102.9231
90899.6676
81200.6960
1217778414
81229.7440
99039.3259
81513.4216
4349074361
81265.2849
145575.524
81519.5123
1600319117
81139.5272
98200.3605
81734.0587
92469.6195
81273.3483
114752.366
81918.3372
92849.7165
80838.3197
12007.2127
81599.8603
90699.5221
81568.0560
95477.7319
81447.4996
131732.734
81400.7369
100542.320
81510.6779
6689192.83
81809.7537
13299.8005
81766.8511
11741.0234
81024.2024
93435.1617
81710.7472
95333.6267
82189.5547
20996801.4
81993.0086
1837563555
81315.1212
11701.5215
81352.4745
7315053.02
81347.0458
103954.024
81686.4301
132591.746
82224.5927
6683738.88
81266.3242
34955588.2
81594.4553
99538.0920
81285.0426
97078.1575
81725.0239
93526.6106
81595.8685
98319.6681
82027.5361
25322.7740
82309.9999
132570211.
80817.0383
7722107090
81818.2544
7032975.93
81688.6872
488300062.
81763.0640
1393316336
81799.2561
8523804.37
81105.9691
3778741480
81737.4093
29782150.4
81912.3541
528250806.
81791.5648
54385528.6
82156.8941
117722.801
81574.5962
1122599532
81513.5015
7575314.70
81578.1622
50666596.6
81630.3515
4378158427
81183.2411
5158320465
81988.9056
16444.0509
81413.6374
9341860.88
81501.5894
1523124216
81938.8020
22360.8709
82360.4179
25250.2351
81501.9377
23333.4139
82035.7888
24235.3228
81457.0290
22760.3479
81572.6094
5412180842
81608.4627
74590675.1
80866.6632
23521.3547
81641.4869
24307.4693
81702.5811
6233221.95
81390.9318
32959294.4
81292.6069
7164457.28
81605.3686
9334711.13
81608.6101
6404556730
81648.1079
582397111.
81245.5443
6097568.77
81566.8611
1161936398
81399.7857
12218009.5
81593.5447
25749.2008
81511.4926
1788674777
82394.1691
10375894.3
81760.8646
2454376777
81827.6814
5077670154
81456.8872
1246212118
81366.1642
7654740.10
80978.2464
10080585.2
81061.0162
24172.6342
81984.2135
4964796168
81212.0604
23652.8501
81811.3654
8346621.29
81300.2564
13200.1238
81698.3098
2236841175
81901.7350
6855221.24
82330.6302
133934.081
81864.2319
647501.245
81341.7305
10117571.5
81758.4386
6535554.11
82473.9705
6148948.51
81111.2134
1511861873
81639.4753
5742022.09
81930.1732
4805071.64
81748.3752
618983.803
82042.6624
15516.5281
81477.1386
1180803737
81803.8464
13033462.4
81483.1317
14004.7856
81745.6693
23891.4855
81753.0047
7236409.66
81410.8360
6543180488
81769.2611
38377629.9
81459.4922
6787182768
82129.8525
1570117867
81540.8890
12215279.1
81952.1539
13963.4175
81939.3160
1053500402
80845.7932
24744.2405
82031.0287
12577730.8
81925.1390
3098393486
81574.7088
24087.6993
81680.2588
184004938.
80809.3752
61484046.0
81051.7525
8110967.77
81436.9005
12546566.8
82669.7274
2796457476
81833.0115
1787811244
81396.1571
179412889.
81908.6969
23441.8835
81694.0115
9390148.91
82345.7008
457907893.
81384.2257
1295715885
81620.7630
1727171621
82235.1251
7864195.30
81939.1113
7324424.81
81163.5224
13273.2278
82178.9120
2993864528
82329.2058
523456615.
81469.2896
152671506.
82073.8149
7164692497
81605.4066
21852.0725
81784.6275
16757006.7
81051.6989
8201539.20
81309.6421
13850.4935
81501.4975
69944466.0
81822.1429
5381917130
81591.4450
17767711.2
82132.5871
38171897.2
81748.9567
7211197623
81684.7182
8347430.98
81925.9412
23031.9044
81412.5599
7248198.78
81419.5346
1164218505
81984.6145
8207204.80
81701.2040
280490261.
81568.8863
49610155.2
81356.3784
302187769.
81696.6904
22773.0746
81184.4432
21558.7798
81768.3918
1085414246
81887.2002
1353427.21
81407.1160
3463799664
81567.8968
9004840052
81075.9855
23644698.7
81876.2709
12035364.4
81506.7668
9752374.92
81501.9773
21533742.2
81576.5788
25279.4651
81895.6987
1428539968
81718.0688
7499927.70
81318.2969
23595.0138
81619.4300
1698763851
80517.3906
22786.8430
81849.6617
3790033062
81471.3352
26316481.7
81605.4835
18752027.6
81044.7240
8841646.12
81304.9987
4544478018
81541.6929
2196686294
81469.4629
24379.7889
82114.2658
24762.0499
82012.1018
8452523126
81575.4503
22241.1599
81243.8794
1665214220
81716.9920
5166304440
81765.2216
23869.9668
81561.8423
6951873643
81392.0411
23390.8315
81137.5364
24324.2633
81330.2547
1038095949
81736.8014
12811.1673
81036.4577
3939844378
81944.2830
285519931.
81714.2219
2159450079
81880.7259
7403555882
80900.7983
10432590.3
81869.7525
27886970.7
82316.9639
7645595.44
81733.1566
5590129.98
80874.9713
17315.9201
81920.1319
6759738.86
81874.2380
2931108920
81604.3285
3981780766
81983.1164
23722.4920
81569.8277
25908.9866
81677.5238
1354139525
81698.4412
9747199.78
81225.4995
5925816798
81375.6272
482341.938
81541.0727
22417292.3
81701.6787
2999499400
81328.7330
24356.1706
81214.7229
10030827.7
81367.3791
7807445.94
81829.4054
8760604812
81839.7677
11011344.2
81239.1697
23160.2689
81215.0629
7208372.85
81395.2090
193019832.
81323.3466
13237.9222
81902.7209
9361919.07
81716.8460
25982.4027
81929.2137
436965469.
81009.9951
1284855995
80856.3319
4921204.30
81607.7013
6890757884
81363.3857
1416698480
82098.2431
20013.6328
82039.7926
861633640.
81291.6330
15799.3945
81594.6244
44232680.3
81513.4831
647440.487
81578.1209
7885952977
81897.2314
8500588.56
80986.3590
8402545.44
81129.5367
24107.6748
82361.2679
25192161.5
82375.7076
13490486.0
81618.3622
2062403033
80572.9691
592767853.
80868.1184
2508997871
81990.5685
44412113.3
81321.8145
270311176.
81766.1919
6812741369
81528.2417
1665047280
81195.0730
1233285146
81258.6688
17917133.2
82600.4836
2114030537
81168.6494
3104470528
80977.7553
17890808.6
80791.2307
23043.3614
81867.5259
112518928.
82149.7356
27268.4733
81569.8523
416081521.
81864.6556
214491572.
80923.9106
6816150.18
80754.5036
3178810281
81579.5584
6077498.36
81530.3221
25306.1780
81633.8948
1046837463
81381.2129
6577125680
81253.1622
12799869.1
81946.0882
6733465.39
80740.8143
879933372.
81951.5994
1002683587
81803.3837
16056629.6
80929.3733
1057651590
81589.3199
23601.7493
81320.0122
4430516977
81778.7223
29994435.2
81544.7582
5468172784
81445.6148
10121267.7
81376.8074
4790837791
81620.9271
24241.4870
80588.3500
7483632589
82510.8070
11306225.7
82000.2655
83328536.2
81810.2698
9200144145
81604.8649
3247728903
81864.1696
3196941077
82206.1371
23362.6260
81584.5545
3200596527
82542.3112
8732951.48
81757.6478
7420968.64
81748.0647
4394826.72
81319.1340
3597993490
82034.3980
3738265074
81531.5369
24761.2537
81586.3693
7048531680
81468.6523
20627037.2
81944.3453
2841539493
81856.8651
1087985995
81588.0870
89506397.9
81658.2580
5065757500
81537.0435
6176618746
81611.5541
75064516.9
81567.7943
10068421.9
81319.6494
1380139635
82081.5599
23281927.6
81514.4568
75806893.8
81501.4646
22870.1350
81657.3375
24954.6710
80933.2895
9460526.78
81839.5564
4227075885
81627.5687
2316176820
81989.8804
85005709.9
81855.6445
16792011.1
81728.0775
230906326.
81988.8977
74027718.7
81603.1060
25594.2684
81810.7816
24889.4677
81835.4262
2173033147
81723.6399
21536061.7
81686.1046
15469309.7
82198.8376
27752.0872
81560.1512
702906881.
81594.3853
3123448720
81906.2304
3114489419
81132.6229
8788931.66
81016.7479
13008234.7
81211.0088
26239323.7
81196.2174
24473.5189
81177.0327
2507361045
81383.6421
2320309358
81428.0834
18737050.8
81025.4771
1240231164
81664.5893
644277777.
81667.5871
23714.4504
81901.7840
2016352473
81601.7854
22247603.7
82158.4707
1689726303
81917.6820
4494262787
81528.7493
200887241.
82099.2788
6563439062
81212.8530
25044.5918
81036.6601
1459596665
81229.8855
8055842.92
81770.0148
4034561038
80730.7276
2882819969
81744.9077
32907187.9
81473.0010
8334091.66
81531.4881
20833058.6
81175.7226
6552276.77
82145.4309
19826894.8
81992.5412
7840736539
80993.9673
33913318.0
81178.3733
2996666576
80737.2676
7539441568
82457.1279
201536411.
80907.9686
5653034.41
80661.6588
23549.7176
82554.8662
23748168.6
81693.5265
23978.9551
81035.1291
820173334.
82065.1046
23691.5377
81323.0304
26159.5664
82148.1827
7541372400
81193.0239
24932.4386
81909.3792
4652297183
81424.6346
5887751.76
82110.8329
178469510.
82113.2952
17438296.1
81411.6915
3317058785
81890.6633
26523.9161
81380.1099
10265780.6
81071.4556
25963.6485
81641.8396
9248448.38
81401.7324
28138799.6
81091.3650
11444903.9
81094.4236
2590514081
81644.9423
7089637.76
80746.0272
6194866252
80950.1839
7967856.32
81831.5911
6494115021
81775.5587
7321708.60
80919.0139
501501257.
81301.9792
3234409601
81441.1034
25477.8713
81552.8762
12065322.3
81188.1882
24340.8585
82131.2531
26885135.9
81849.3377
12400961.5
81722.6745
2913320000
80848.9395
2217286689
81509.5465
202150814.
82449.2998
4036530489
81341.0836
2389303011
81468.0842
39949622.1
81803.4994
24138.8690
81642.8966
85530040.1
81936.6612
61914727.2
80966.0423
1126495492
81728.8488
23841.6831
81899.6742
1275847588
80858.3599
2205761985
81892.3574
23636.9003
81855.5047
7799087.52
82468.7762
28093025.4
81847.0730
5795734.57
81835.7985
8431394.15
82081.8097
26836.1131
81669.6301
21215846.3
82102.6951
8633062.71
80919.3967
2384014224
81318.7702
2128168264
81274.0589
843623043.
80441.8490
1758176270
82286.8497
89062323.6
80960.2038
19091869.7
81440.0409
6237137.74
81158.6755
14478473.9
82122.7533
1401821693
81783.9997
11107046.6
81370.0753
1445728772
81726.1304
3617411277
81773.5020
27633.5994
81553.9778
16807910.3
81875.1691
197011429.
81699.4290
60737376.8
82106.5521
24743.0351
81306.0730
7080158.72
81808.8051
24559.3920
82307.5935
6345625.34
81597.8072
142051501.
81715.2240
1080006269
81316.1799
24157.0701
81631.9986
24644.2309
81962.7094
7377100.24
82022.8326
8149533.55
82044.9291
1495731288
80947.8079
41353906.1
81790.4220
23045.2211
82607.8325
9877188.42
82041.5961
9237509.01
81776.6798
162165784.
81447.6430
1203288715
81734.4836
251859269.
82305.3025
1194229457
81949.6537
1028029156
81215.1227
1527101388
81489.1548
6290916.51
81544.9927
6983746.03
81411.0378
10622308.6
81570.7311
10142781.9
82002.0078
6771939.87
82118.9151
23303.5692
81815.5956
274107776.
81403.8382
25771.3320
81134.5875
1075904565
81897.2326
78040271.6
81950.5330
4922759896
82394.7278
32896146.2
81265.7181
2271402451
81423.9240
34234668.3
81168.4502
2629202377
80797.3067
25352.7051
81462.3865
16093761.7
81438.5554
12653190.9
81096.4072
26145.8782
81857.5375
10086528.3
81207.4479
359878588.
81864.7486
17272170.2
81289.7114
2534374445
81718.6122
11836799.1
81755.7643
26711.6244
82085.7322
25091.1761
81822.1192
1829543463
82002.5637
4429576017
81772.0701
24100.9404
81755.3130
199522493.
82051.1564
10694508.5
81166.2132
26461.3364
80787.9441
486450183.
81787.2731
3270098225
81807.8056
11075649.6
81592.6337
23695.3249
81192.0229
1673646898
81907.4807
8629148.68
82075.4124
31073970.4
81859.3003
2109900322
81338.5799
1140883018
81780.8546
3508003944
81195.0056
5213962688
81109.5567
14370101.9
81597.6688
6717998.36
81591.6523
25209.5800
81248.9544
12791029.4
81858.5466
30608251.7
81544.7348
1662135736
81250.0435
873809055.
82631.0889
10624911.8
81029.1651
5774298974
81134.9275
60211201.0
81604.7446
352874999.
82583.1822
8689249.39
81776.4667
13091853.6
81553.9631
23547.9423
81778.6853
1431765400
81918.1193
2364163593
82499.9466
9354370549
82319.8911
25433.2677
81849.5574
7164032.75
82071.4992
664041362.
81384.7528
4826098066
81380.4637
25661.6068
81274.2576
25886.1248
81710.5703
2165205368
81915.4826
9072510729
81763.1589
7056216325
81616.2161
1520619589
81725.8270
253626149.
81895.9016
7559822.46
82238.6169
4245022814
80706.2302
2651432570
81396.2537
20392515.2
81022.0545
13934573.0
82220.8218
1338489258
81942.9342
3689385692
81750.9597
26593.5972
81804.7055
6875853069
81383.7230
2750248210
81332.6522
1169304021
81663.5451
2471735498
81287.8261
21872.1457
81241.0273
1955272056
81679.7255
23919.2347
81680.9883
7616313.74
81278.6814
1691734614
81936.5251
7045058.93
82282.8498
47752065.0
81188.5852
1284599490
81941.7507
803334814.
81272.5669
606899058.
81673.6451
1330167084
81692.0707
6087489.54
81663.5261
17857520.0
81799.4938
26487.1750
81746.9238
21063343.1
81289.1130
9918045.88
80969.3306
25668.2091
81285.7960
6904227.29
80820.8631
1421415422
81804.1121
24675.4816
81428.0568
117623337.
81733.4976
2858904124
80807.7110
51885803.4
81693.2866
24036.7944
82029.0179
13153158.7
81136.0007
5872721136
81636.5877
78331183.7
81143.6949
2183317087
81296.0755
6056127.85
81137.8770
25531.3730
81427.7308
9334873.06
81356.6513
25379.4312
81825.4707
25943.7373
81706.5233
5356799556
81747.1812
25265.3689
81171.7631
1385621607
81391.8113
3887060045
81879.4174
4941479974
81280.6300
14277842.6
81444.3108
3287731669
81876.7840
24217.2974
81694.7600
24972.0382
82132.9250
26614.4292
82463.7560
9035548595
81233.6699
834785684.
81102.2152
25982.7982
81339.7924
3862435822
81448.9931
9373598.38
81405.4613
3018689831
81641.2162
2544243341
81267.8698
8735281.96
81245.2411
504362151.
81185.0424
3449021733
81367.9582
104486404.
81628.4574
26484.3268
81408.7201
26115.0713
81871.4906
24855.4121
82900.7676
4650522334
81464.2239
468712888.
81685.9046
110649922.
81271.1984
1417541910
81605.5677
6523070.18
81679.6955
3199143766
81875.2034
42932678.2
81546.5132
66837043.6
81677.9657
4124790113
82844.3593
22092781.4
81534.3814
25967.6560
81552.7828
40903183.3
81632.4628
9378252.07
81795.6480
1452094635
81197.4095
8032510.71
80779.7359
9587922.57
81681.5525
3382594855
81967.8660
1534292693
81917.7272
22726.2166
82163.7835
187759562.
81968.2181
10335367.6
81992.7798
8690778097
81222.9479
47053421.1
82395.1119
11164169.6
81466.2990
3258161634
81698.7149
1706382648
81001.5505
42960438.8
81995.4478
26528.3720
81074.9494
2237797935
81108.0606
36409584.0
81249.9269
8111813.06
81732.4631
7906562.68
81871.3269
27970.1875
81373.8479
7100234455
81586.3733
3350528329
81189.2336
24356.8855
80699.8174
23303.2664
82404.2966
1011727127
80918.2490
55199479.7
81739.7215
24647.6473
81858.6543
29922011.8
81202.3590
6892851.58
81096.4168
23688.0231
81995.6101
790011661.
81007.3640
11328252.4
80559.0499
310364680.
81561.7054
7343894.98
82043.1453
1752342309
81246.2386
24378.1789
81906.9263
13100359.1
82877.9653
2031176621
81110.9562
1117489941
81865.2819
409577879.
81819.7441
4515699966
81834.6528
6997415.37
81583.7352
11692075.4
80958.0080
25558.5175
81462.9629
6067195328
81963.1950
32420364.1
81142.8020
8078195.18
81629.0225
12101711.8
82410.6248
22224656.2
81695.5378
24489.5245
81896.7045
2064367040
81696.3354
74679031.3
81310.6119
25703170.0
81508.7309
38701468.0
82010.0460
16734894.0
82286.5549
18695620.6
81259.4102
168467775.
81679.6713
25201.8403
81904.9418
437433825.
81986.8212
1031599906
81878.1841
1214134839
82759.9527
1123931071
81444.4753
241139634.
81557.9186
11260003.2
81311.0362
2330505003
81979.1627
1573652181
82207.0020
1658349670
81804.8461
19716771.8
82436.8543
25917.8088
81232.3274
24813.2751
82040.7352
24652.6306
82153.6127
9159246.84
82183.1888
7627040.38
81150.4400
1039533862
81571.0178
151845660.
81438.0386
26567.1727
81755.7414
1359098170
81302.5896
756339992.
80904.3414
25213.7124
81587.0501
291590967.
81735.7745
7665800.63
81078.0905
172184719.
81100.6053
5399816.29
80846.9246
8791398.11
81204.8478
5384731901
81260.2550
381560381.
81195.6784
7147755907
81693.1155
1073504310
81328.1726
24818.0733
81713.0286
8595632.04
81780.0066
10920258.2
81795.1539
24522158.6
82127.5920
7573117.43
81918.3381
7651680.63
81233.1921
4634483.15
81839.1449
22831.5435
81536.8072
3734934355
81091.8382
25323213.5
81548.8539
11668319.7
81448.3089
13675378.2
81814.3825
25152956.0
81380.4160
31048050.5
81809.0252
2171043066
81623.9544
10250123.1
81716.8602
4365585508
81899.4185
60693382.1
81571.6044
27205278.0
81804.6936
26459.2342
81864.3035
4405630739
81685.0179
13721796.4
81125.4381
2981932924
81284.9549
27923.5864
81351.9500
24085.7854
82033.0170
12661158.6
81184.4881
34962210.1
81603.8343
2714185342
81232.6808
1778173917
81326.2468
6999920.11
81311.7024
9089955400
81732.1284
2282618976
82030.0833
9167766.84
81605.7302
24339371.6
81808.1592
992302279.
80966.9790
5222490145
81894.5638
44746787.1
81894.1225
8986700.75
82086.7012
5038185859
82347.8377
7740169.52
82033.0651
24854.7825
81185.9238
1443347707
81804.7699
1220314545
81003.3996
42365105.4
81204.2571
32640178.5
81912.0188
24243.6082
81294.9291
8867198.83
81243.9707
2585338654
82134.1098
23676.8348
82297.3764
25166.0423
81752.5831
436761647.
81223.4779
122074406.
82207.8367
3552239998
81358.3504
4865571.14
81795.4051
45290835.6
81331.8827
9769764.46
81409.2650
7057948.32
80855.8876
73412292.1
81328.0545
25274.0719
82467.5608
8894804.81
81821.5066
23018.8439
81788.3918
7587449.98
81788.7826
1604550363
81266.4745
5359107367
81791.6133
290795236.
82145.9797
133226828.
82067.5968
6840545.99
81965.4482
24728.7127
82449.4401
26341.0205
82582.7242
3390214643
82002.3446
27335.2913
81215.2660
86209849.1
82015.3579
1930586352
82183.8204
607352404.
81898.0733
1069493026
81310.4089
23043.4346
82421.9926
1857554143
81559.9612
12348251.8
81367.3486
3674901888
82059.6846
12744687.0
81539.8863
1318868625
81307.1571
4258299764
81964.6686
23720.7245
81646.9571
10068704.7
80799.7673
10377562.2
81684.9592
13254538.2
82015.8435
26451.1612
81678.7597
49034482.8
81861.7573
3261436501
81905.3600
341428062.
81772.0175
74696135.8
81376.7644
19845982.5
81715.9520
1524047814
81413.1909
253628618.
81850.2694
6696471252
81871.7855
10658464.7
82125.4820
8755890.11
81385.1254
6761757373
82187.2077
1003192216
82156.4155
2168642192
81808.0564
2053258264
81628.7540
3224156278
81504.6138
67749240.4
81876.2811
25750.5175
81628.2078
25804.7267
81406.7213
5188058695
82086.8788
26366.5362
81552.9608
1142761400
81495.9987
7154921.36
81529.6996
24376.0608
81859.9889
4679814184
81180.8097
6935106999
81258.6816
203018370.
81403.5695
23531.6922
81537.6231
2190082231
81613.5668
11969844.4
82147.3924
5504059597
82235.4013
32313623.1
81421.0181
12396385.3
81599.3607
152786374.
81677.6193
9882929678
81183.5971
24557.5880
81233.8481
85900903.4
81949.9752
25611.6205
81406.1929
11674675.7
81987.8012
131402333.
81408.0829
34601378.6
82002.2266
2654331813
81720.2784
9782760.99
81343.1433
7968775.12
81387.7201
88829004.5
81385.3994
6661362.05
81531.0942
29699892.1
81397.4847
12662787.1
81824.6678
7959598100
81784.4561
24993.1451
81833.7275
24969.1579
80833.0136
23817.0095
81518.8698
21176547.5
81377.2845
27661.4703
81566.4141
8950924.00
81639.2235
21465.6725
81593.3540
3471483531
81393.7027
9889128.59
81733.7125
2106917181
81140.7247
7143568292
81947.1117
4717086.43
81745.7898
24829.9335
81293.9475
10018775.2
81421.0588
36838535.6
81684.4174
22134420.5
81572.7704
25368.1908
81804.8771
7589507.77
81892.1010
25798.8479
81572.1914
6072003.43
81659.0078
115489814.
81322.1671
7103816.85
82386.5793
3726967105
81711.9139
12271388.7
81426.7159
27926020.9
82011.0040
26151.8691
81662.0969
7480574.11
81729.1665
3676025336
81636.3809
3889156506
82126.5305
605975429.
82448.3038
25068.1245
81713.3168
22633.4364
81922.7246
8596567776
81665.5791
2411135230
81362.7536
26583.7683
81452.9536
27148251.8
81816.0593
2553558974
81688.2548
45362688.4
81175.9893
3910325190
82541.9072
3066009643
82688.5934
8022983.56
81422.5345
8218199.52
81465.3789
98777345.6
81922.8496
3898226.69
81797.6127
25242.2046
81857.9099
25579324.5
81804.0609
25992.8417
82612.2583
343480481.
81575.2671
3855079636
81331.9318
1930540555
82422.7424
1274223337
81549.6271
212662721.
81512.7818
2696707749
81346.7501
78684301.5
81945.9384
1164839770
81934.0423
25717.1527
82267.7907
13214449.1
81567.3728
9258097.16
81920.3686
27126888.7
81310.7007
1600464284
81376.2878
13919623.0
81896.0784
30562783.0
82147.8740
1056368201
81766.4333
24006.0565
81401.4161
1506938821
81635.3318
9150038.94
81998.4916
25489.2496
81174.6259
9579230.71
82020.7708
3418588710
81965.2222
8945879.28
82103.0459
27379.3511
82220.1591
342459196.
82059.3107
10975570.8
82188.9361
9710533.05
81719.9465
23713.3013
81677.6607
9954448.10
81633.4047
25347089.3
81718.0449
10535377.4
81951.0502
26017462.0
81328.0900
579126374.
82332.9642
4290092621
82050.2737
25161.5096
81270.5597
11144072.7
82139.3863
6973965.34
82489.1451
12037644.9
81646.5345
1186406401
81320.8086
25808118.0
81436.1406
14507001.0
81352.5115
27200838.3
81736.8709
14332333.3
81729.7189
1427199832
81609.3494
20735425.2
82059.5575
20248494.5
81950.6206
13680394.1
81119.8474
31779046.5
81733.2992
22531636.8
81661.0779
1200581279
81732.1437
6529366.29
81787.1142
7927193437
81755.3088
5209697607
81468.3686
61179649.1
81255.1685
9887608.81
82092.2346
4731267618
81053.5924
2374191276
81788.5671
1052001511
81621.6060
25025.2111
81846.3827
2565016546
82099.6511
9245066.43
81709.7784
1250178649
83124.5650
16470755.1
81983.9916
7551317.93
81517.5210
1307412649
81555.6350
18349773.3
81143.7339
107131345.
81620.7336
336951996.
81738.9633
17744773.4
82012.6455
109605282.
81704.0428
17895853.7
82292.2014
25812.6275
81852.7565
24288.7608
81760.1889
80817328.9
81445.2866
3143378056
81202.5720
21875622.7
81134.8718
2371455825
82364.2421
772742354.
81323.4640
1251277518
82136.3595
26125.7755
82048.6168
2476355584
81923.5937
17725623.0
81119.6587
12040028.8
81844.3247
4857355436
82221.2754
7079355.66
81494.0231
1519796265
81751.3596
1214683471
82095.6539
1326290222
81489.7306
46175396.5
81943.1392
26117.3162
81669.5515
24745.4372
81234.0948
24744.6033
81539.5811
16235887.5
81779.4527
6286396274
81163.1932
2985100828
81777.5195
72804366.5
81705.3025
43452600.0
81754.3964
25322.6655
82018.1697
10375799.3
81491.2439
11814634.5
81943.2098
17343111.6
81463.5128
25210.0978
81736.8209
127596540.
82044.1180
10730989.2
81695.8464
885202120.
81407.9865
9108349.27
81612.1894
13755023.8
81211.4644
15858116.6
82149.5615
15339657.3
82276.7289
2936399022
82042.6043
12700315.7
81715.5416
1118712671
81559.5229
4024071354
82535.3314
466643928.
82155.7913
25048.2692
81732.7969
14427434.2
81332.8261
18673569.4
81671.2731
151263992.
81988.9375
8555684093
81514.4783
244007667.
82239.1967
7538691.21
81732.8055
7058575034
81629.1080
5130179091
81631.6659
9998921598
81352.7522
1280448915
81074.2970
60011740.8
81772.8390
1859592612
81705.5707
564308862.
81177.8020
7822625.71
81986.6196
14555459.4
82105.0874
1078099537
82147.2409
8532788.74
81175.3880
25177.8694
82411.3435
24747.7649
81668.5461
10435145.6
82034.3724
10932692.6
81982.8672
8005583.77
81535.4779
547483789.
82267.6246
5107960.38
81922.2240
186677374.
81757.2428
38841068.1
82344.7376
24930.9156
81856.2061
7719318649
81666.1704
26770.9658
81981.6898
24207.1528
81882.0474
25101.1579
81515.8140
6308371.11
81854.3777
8787678387
81795.9465
10921861.4
81849.9813
11439388.4
81767.1205
1462862462
81944.6780
24240.0755
81545.7553
22862.4679
82068.9811
2307468162
81207.7917
4473880600
82192.3234
5923057277
81837.1212
8309686255
81794.0413
1878121023
81690.2354
6682720.10
82308.7212
4434899660
82102.5073
23884423.2
81456.2426
85321493.2
81623.4231
7369319.98
81278.6300
28764.2290
81404.3026
133101723.
81348.5588
25421.6121
81969.0265
6667626449
82187.6828
2647280153
81464.9207
14979079.8
81812.3682
24673.8736
81676.7568
6442529.19
81444.7247
9648888747
82046.9161
24827488.4
82166.3806
5741313497
81863.9896
12587721.3
81518.1603
2655079289
81507.8727
26625.8205
81207.1607
7875291941
81689.1332
1895956944
