453.3662249999998 1.7053025658242404e-13 453.3662249999998 1.7053025658242404e-13 0
454.43738422499996 0.252204116558422 494.4940238675 26.14236782507933 5
455.8093414225 0.5164903479819823 626.3929945725 100.48345155723545 10
457.34651327250003 0.8708823968739401 809.4347733475 221.61850189162448 15
458.9347467725 1.1515558357480555 1122.46733521 435.6048463114042 20
460.83674936750003 1.6428347697306553 1585.7208162925003 676.8850696416895 25
462.95887958 2.251415879658971 2158.339404535 913.3791897221683 30
465.1491329225 2.699811895793661 2663.8515743975 1119.9339095705434 35
467.09479543249995 3.473571705360368 3296.5244955675003 1182.4299466297216 40
469.7752257 4.188881685193935 3653.35779692 1272.1751597451969 45
472.4079092775 5.101306525009267 4145.5013511775005 1266.2005302155524 50
475.2041405925 6.639166106697757 4493.46097439 1120.2933779590057 55
477.04193647 7.0750673053087185 4797.4832858125 1088.5504072894182 60
481.24776013499996 9.028544150165228 4970.743562164999 1049.6781940796425 65
484.6485823575 10.276849514868038 5121.6529316125 1043.5974686406337 70
488.397143595 11.37152200387199 5347.94124005 904.5520346526093 75
492.73789851000004 12.886725541360047 5391.599943835 905.3422412305458 80
495.254680715 13.932890033501973 5494.0985093 787.5471433409868 85
500.94781552500007 17.450735200075137 5617.0469592750005 888.00054695634 90
505.10653004249997 18.758873042946362 5656.8054094 964.5220138709939 95
508.959136685 20.250988831743957 5694.366621675 1031.2650398328226 100
