1.38415 2.20156 -19.9143 -9.99846 2.79766 -18.7504 -9.70182 
-3.77807 7.7728 15.1091 -6.9493 7.07826 13.9708 -6.73162 
3.44725 -11.2875 -6.08984 15.4027 -10.6529 -5.29921 14.7965 

1.44712 2.39563 -19.1166 -9.90735 2.7815 -18.7545 -9.73657 
-2.87729 7.62607 14.9371 -6.87718 7.09991 13.963 -6.73633 
2.83495 -11.2353 -5.61404 15.1083 -10.5816 -5.32526 14.8641 

2.66401 2.44119 -19.3339 -9.81893 2.73275 -18.7475 -9.75485 
-3.37844 7.42367 14.7294 -6.93205 7.06979 13.9781 -6.80851 
2.4468 -11.2016 -5.67399 14.9906 -10.6108 -5.26283 14.8397 

1.97056 2.44405 -19.182 -9.95493 2.67738 -18.7537 -9.80982 
-2.7336 7.44818 14.5567 -7.09543 6.98341 13.9393 -6.84393 
2.35602 -11.1563 -5.63635 14.8697 -10.6312 -5.26826 14.824 

1.84611 2.60607 -19.0012 -9.77292 2.73897 -18.7317 -9.76602 
-2.49575 7.42591 14.4791 -6.57792 7.14556 13.9191 -6.69605 
2.55616 -10.9317 -5.57653 14.9518 -10.5725 -5.25816 14.8882 

1.59494 2.85363 -18.613 -9.4763 2.67254 -18.7349 -9.79538 
-2.40555 7.2494 13.9461 -6.8645 7.02562 13.8931 -6.86732 
2.12916 -10.7315 -5.47741 14.5481 -10.5746 -5.20206 14.8971 

1.50869 2.88734 -18.6689 -9.62993 2.69199 -18.7261 -9.77877 
-2.30756 7.36148 13.8884 -6.79483 7.05766 13.8721 -6.84009 
2.03495 -10.863 -5.38465 14.6733 -10.587 -5.17145 14.9065 

1.29861 2.84342 -18.2504 -9.05283 2.71872 -18.704 -9.7536 
-2.01887 6.98886 13.5388 -6.64549 7.0891 13.8603 -6.89442 
1.93191 -10.7165 -5.14447 14.231 -10.5599 -5.08914 14.8964 

0.443322 3.02964 -18.0888 -9.23075 2.64853 -18.7106 -9.81884 
-1.75593 6.9674 13.4007 -6.61948 7.09511 13.8373 -6.8953 
1.64984 -10.6275 -4.92515 14.0243 -10.567 -5.05586 14.9056 

0.82336 2.89483 -18.1892 -9.39906 2.6944 -18.6926 -9.74629 
-2.58894 7.12554 13.5836 -6.9066 7.05772 13.8177 -6.96198 
2.98905 -10.6254 -5.04396 14.3677 -10.5949 -4.99084 14.8987 

1.34407 3.06506 -17.97 -9.17277 2.65981 -18.6954 -9.77798 
-2.72864 7.01147 13.3153 -6.37909 7.2208 13.8037 -6.88612 
2.35061 -10.5921 -4.83694 14.2352 -10.5068 -4.935 14.956 

1.52025 3.12712 -17.5232 -8.87266 2.71838 -18.6627 -9.6965 
-3.30887 6.95241 13.1522 -6.47033 7.1856 13.7803 -6.93441 
2.73519 -10.5182 -4.42688 13.8653 -10.5291 -4.85143 14.9588 

1.34735 3.49671 -17.2918 -8.64666 2.70115 -18.6652 -9.70942 
-2.93732 6.92091 12.855 -6.35305 7.24238 13.7486 -6.9733 
3.15808 -10.289 -4.36192 13.4765 -10.5438 -4.77965 14.9244 

0.971671 3.6266 -16.8525 -8.36704 2.69936 -18.6488 -9.70733 
-2.30994 6.50756 12.4639 -6.28807 7.21497 13.7269 -7.03816 
2.04691 -10.4088 -4.09417 13.1171 -10.5327 -4.71619 14.9415 

0.886341 3.26856 -17.11 -8.71726 2.65844 -18.659 -9.72824 
-2.06343 6.54826 12.5733 -6.57168 7.19012 13.668 -7.12605 
2.00351 -10.4851 -4.1005 13.3607 -10.5573 -4.66877 14.9329 

0.751308 3.47222 -17.0019 -8.35841 2.68325 -18.6492 -9.66819 
-2.42558 6.64073 12.4399 -6.51528 7.24724 13.6535 -7.17314 
2.3225 -10.1675 -4.11915 13.2703 -10.5214 -4.53831 14.9582 

1.29151 3.61005 -16.7179 -8.09364 2.75118 -18.6202 -9.60236 
-2.32484 6.60405 12.2043 -6.52879 7.24068 13.638 -7.2388 
1.95244 -10.2028 -3.86518 13.0842 -10.5194 -4.45907 14.9588 

0.705996 3.61204 -16.6414 -8.14154 2.71458 -18.6239 -9.60448 
-1.92247 6.51684 11.9497 -6.57497 7.23696 13.5999 -7.318 
1.93488 -10.2549 -3.73632 12.9857 -10.5197 -4.35108 14.956 

0.770577 3.7678 -16.6709 -8.0934 2.73548 -18.607 -9.56647 
-1.86977 6.65506 12.0672 -6.46771 7.33422 13.5641 -7.29825 
1.64842 -10.132 -3.80063 12.82 -10.5909 -4.25609 14.8988 

0.928177 3.7784 -16.4852 -8.05115 2.76679 -18.601 -9.52882 
-2.03842 6.66308 11.8343 -6.24033 7.41211 13.5422 -7.32186 
1.49297 -10.1067 -3.46187 12.9772 -10.4972 -4.16076 14.9728 

0.472205 4.13985 -15.9791 -7.34304 2.77454 -18.5838 -9.49942 
-1.47709 6.33662 11.4242 -6.01867 7.45701 13.5344 -7.36685 
1.25637 -10.0566 -3.23888 12.4279 -10.4554 -4.04966 15.0171 

0.764231 4.18053 -15.8172 -7.46053 2.84057 -18.5681 -9.41626 
-1.69458 6.36923 11.5854 -6.29977 7.4356 13.494 -7.43914 
1.29709 -9.97586 -3.16135 12.474 -10.4996 -3.9612 14.9952 

1.14972 3.93388 -16.1534 -7.35897 2.81334 -18.568 -9.40283 
-1.96416 6.54465 11.3566 -6.30842 7.44914 13.4393 -7.5135 
1.84863 -10.1044 -3.2809 12.6452 -10.4898 -3.84858 15.0136 

0.578085 3.89178 -16.1041 -7.80093 2.77363 -18.5716 -9.41029 
-2.02778 6.57595 11.7183 -6.51321 7.50403 13.4109 -7.57792 
1.91748 -10.1139 -3.18531 12.7531 -10.5031 -3.74188 14.9894 

0.463898 3.99277 -15.9168 -7.53419 2.76255 -18.5374 -9.43253 
-1.59655 6.37602 11.1574 -6.53973 7.46511 13.4016 -7.70628 
1.93274 -9.98134 -2.8949 11.8919 -10.6105 -3.62727 14.8804 

0.0940651 3.83039 -15.7529 -7.51673 2.8907 -18.533 -9.26395 
-1.88048 6.48863 11.3575 -6.51233 7.54921 13.3443 -7.70871 
1.8343 -10.1392 -2.88286 12.4708 -10.5442 -3.49673 14.9395 

0.30848 4.15206 -15.5491 -7.05533 2.84729 -18.5326 -9.2775 
-0.756006 6.38196 11.0617 -6.40051 7.58282 13.3108 -7.77237 
1.14457 -10.0223 -2.65385 11.9543 -10.5273 -3.38484 14.961 

-0.109144 4.30734 -15.2354 -7.02992 2.80821 -18.5101 -9.30908 
-0.477073 6.25337 10.7615 -6.48891 7.58026 13.3042 -7.89637 
0.723052 -9.94617 -2.32179 11.3908 -10.5699 -3.25146 14.8983 

0.364419 4.38105 -15.3178 -6.70757 2.94364 -18.5039 -9.13089 
-1.11246 6.31443 10.7621 -6.4513 7.64097 13.2642 -7.93542 
0.597139 -9.90247 -2.37245 11.7327 -10.5462 -3.12757 14.934 

0.405612 4.13807 -15.4076 -6.9739 2.9367 -18.4911 -9.13337 
-0.631732 6.34041 10.9741 -6.52704 7.68912 13.2241 -7.96496 
0.551143 -9.90598 -2.24613 11.892 -10.5444 -3.0242 14.9319 

0.0770234 4.46886 -15.1653 -6.65921 2.93977 -18.4795 -9.09743 
-0.775543 6.32868 10.6939 -6.39868 7.74269 13.1826 -8.01529 
1.03942 -9.9819 -2.27763 11.6174 -10.5548 -2.8843 14.9246 

-0.3343 4.55071 -14.9184 -6.44731 2.96272 -18.4639 -9.06269 
-0.392903 6.33305 10.4079 -6.48043 7.75296 13.158 -8.13468 
0.530823 -9.92371 -1.90528 11.2669 -10.5521 -2.74318 14.8976 

-0.667319 5.00741 -14.381 -5.84057 2.98737 -18.4518 -9.01573 
-0.0139039 6.12808 9.95981 -6.25174 7.81239 13.1254 -8.19501 
0.298744 -9.94566 -1.7099 10.5527 -10.5836 -2.60416 14.8515 

-0.443057 4.9567 -14.2616 -5.68729 3.01671 -18.4331 -8.9718 
-0.215505 6.09972 9.79192 -6.18101 7.85941 13.1002 -8.26536 
0.518296 -9.84833 -1.63426 10.5114 -10.5483 -2.46497 14.8698 

-0.655995 5.21279 -14.3375 -5.47009 3.04809 -18.426 -8.90777 
-0.254205 6.20987 9.67558 -6.40416 7.87033 13.0582 -8.3677 
0.5466 -9.7966 -1.68593 10.6308 -10.5488 -2.32162 14.8701 

-0.519169 5.22502 -14.133 -5.23237 3.07016 -18.4162 -8.85155 
0.430935 5.90846 9.65694 -6.43173 7.93551 13.0276 -8.41354 
0.0158305 -10.1221 -1.38667 10.401 -10.5602 -2.18215 14.8478 

-0.726926 5.15237 -14.0452 -5.47894 3.10727 -18.3916 -8.81484 
0.0845129 6.06171 9.84261 -6.37588 7.99274 13.0083 -8.47607 
0.175182 -9.93031 -1.2919 10.2736 -10.5765 -2.04395 14.81 

-0.955808 4.9049 -14.1125 -5.57711 3.0959 -18.3827 -8.79453 
0.413499 6.11528 9.6997 -6.39209 8.03447 12.9827 -8.58202 
-0.0741808 -9.98098 -1.11339 10.1471 -10.5913 -1.88319 14.7662 

-0.721798 5.21414 -13.9559 -5.21131 3.16163 -18.3735 -8.71354 
0.418928 6.21642 9.59573 -6.39933 8.07608 12.9425 -8.63082 
0.0735161 -9.72052 -1.11923 10.136 -10.5816 -1.772 14.7798 

-0.451306 4.93139 -14.0186 -5.22857 3.1541 -18.3652 -8.68537 
0.414447 6.17296 9.31964 -6.45114 8.07096 12.9014 -8.74606 
0.0847685 -9.8512 -1.01983 9.97524 -10.608 -1.62643 14.7422 

-0.488643 5.0502 -13.843 -4.98946 3.21159 -18.3537 -8.59854 
0.379652 6.19022 9.45251 -6.34494 8.16679 12.8724 -8.77289 
-0.197079 -9.8999 -0.999298 9.91582 -10.5959 -1.47355 14.7426 

-1.0966 5.23074 -13.5523 -4.8679 3.23418 -18.3314 -8.57029 
0.872854 6.09062 9.26364 -6.16059 8.22815 12.8571 -8.82568 
-0.298106 -10.088 -0.732422 9.43764 -10.6275 -1.33334 14.6795 

-0.760502 5.27683 -13.589 -4.79725 3.25688 -18.3182 -8.53423 
1.05152 6.36474 9.195 -6.34018 8.2504 12.8266 -8.91399 
-0.482723 -9.85359 -0.699237 9.46669 -10.6355 -1.19695 14.6641 

-1.2363 5.43763 -13.3981 -4.46109 3.32006 -18.3054 -8.45058 
1.19622 6.15696 9.24213 -6.25985 8.34056 12.7959 -8.94559 
-0.371879 -9.98015 -0.477066 9.40989 -10.5923 -1.05205 14.6773 

-1.46359 5.49908 -13.3319 -4.41251 3.37543 -18.2917 -8.3685 
1.68692 6.29779 9.11584 -6.05052 8.41594 12.7624 -8.9797 
-0.596856 -9.81803 -0.31178 9.44877 -10.5635 -0.903182 14.6916 

-1.13956 5.45029 -13.5167 -4.58275 3.34031 -18.2839 -8.37765 
1.06252 6.47676 9.33653 -6.75061 8.38866 12.7324 -9.12059 
-0.302175 -9.96684 -0.467679 9.35088 -10.693 -0.77078 14.5552 

-1.69568 5.8171 -12.9364 -3.99662 3.43015 -18.2553 -8.29458 
1.28594 6.14279 8.89031 -6.22133 8.49589 12.7228 -9.14039 
-0.417444 -9.95438 -0.153808 9.05961 -10.5832 -0.617655 14.6134 

-1.43559 5.94948 -13.043 -3.70644 3.45442 -18.2415 -8.25949 
1.22563 6.15279 9.00028 -6.57427 8.5086 12.6984 -9.22913 
-0.281346 -10.1607 -0.10374 8.87553 -10.6365 -0.472712 14.5461 

-1.19515 5.92806 -13.0216 -3.6397 3.49568 -18.227 -8.2056 
1.64641 6.2255 8.96001 -6.5992 8.58559 12.6739 -9.26275 
-0.861334 -9.93381 -0.0346414 8.99259 -10.637 -0.342403 14.5214 

-1.22371 5.75336 -12.8491 -3.67913 3.51542 -18.211 -8.16222 
2.04338 6.26035 8.74713 -6.41292 8.60335 12.6511 -9.36738 
-0.97142 -10.0038 0.12371 8.48193 -10.6785 -0.190339 14.4506 

-1.33437 5.98387 -12.8716 -3.47272 3.56286 -18.1819 -8.1246 
2.20506 6.26484 8.76606 -6.5001 8.66177 12.6417 -9.40948 
-1.048 -9.96399 0.171467 8.63318 -10.6374 -0.0548495 14.4587 

-1.22738 5.90657 -12.6792 -3.3456 3.58368 -18.1653 -8.09293 
1.74073 6.26296 8.55807 -6.09798 8.72092 12.6209 -9.47888 
-0.895709 -9.93723 0.329979 8.15967 -10.6259 0.0917401 14.4303 

-1.45743 6.05324 -12.5013 -3.17066 3.62402 -18.1586 -8.00901 
2.60929 6.43352 8.48751 -6.21293 8.78463 12.5907 -9.52025 
-1.49748 -10.013 0.477873 7.99987 -10.6719 0.238267 14.3617 

-1.85377 6.07495 -12.3632 -2.95798 3.67712 -18.1216 -7.96307 
3.24387 6.18399 8.12298 -6.09908 8.80361 12.5909 -9.59118 
-1.6586 -9.96062 0.652838 8.00594 -10.623 0.37973 14.3916 

-1.86214 6.25591 -12.2519 -2.8988 3.70337 -18.1046 -7.94829 
2.65568 6.34661 8.2196 -6.13149 8.86386 12.5701 -9.68124 
-1.14433 -10.0036 0.571488 7.6681 -10.6565 0.514591 14.2959 

-1.37023 6.11672 -12.572 -3.15708 3.72386 -18.0778 -7.93942 
2.37105 6.62904 8.43304 -6.52488 8.86293 12.5646 -9.75837 
-1.33735 -9.73412 0.523796 7.64101 -10.7538 0.638758 14.1716 

-1.76481 5.86613 -12.253 -3.08831 3.78403 -18.0671 -7.85543 
2.68783 6.34161 8.44694 -6.19317 8.95885 12.5316 -9.79435 
-1.1336 -9.91199 0.618522 7.60092 -10.7145 0.793753 14.1718 

-1.7472 6.04264 -12.0182 -2.62527 3.8627 -18.0426 -7.76188 
2.20334 6.48586 8.36346 -5.82866 9.05135 12.5185 -9.81072 
-1.0091 -9.92526 0.818191 7.15819 -10.6963 0.946765 14.1504 

-1.98245 6.45433 -11.7542 -2.37103 3.81975 -18.0214 -7.80701 
2.68794 6.42576 8.05665 -5.73111 9.06756 12.504 -9.88803 
-1.13373 -9.88004 0.835524 6.48672 -10.7257 1.08481 14.0913 

-2.37505 6.64772 -11.5445 -1.94324 3.91431 -18.003 -7.69539 
3.05426 6.33723 7.84563 -5.32084 9.15052 12.4876 -9.92641 
-1.04192 -10.1387 0.930545 6.18717 -10.7132 1.22585 14.0724 

-2.28249 6.84873 -11.355 -1.82239 3.91363 -17.9708 -7.7077 
3.79939 6.18376 7.37799 -5.23431 9.14484 12.4896 -10.016 
-1.47601 -10.0916 1.0558 5.71942 -10.7408 1.35452 14.0004 

-2.95825 6.89836 -11.1808 -1.66093 3.99905 -17.9494 -7.62989 
3.84555 6.25739 7.44835 -5.07633 9.20723 12.4801 -10.0685 
-1.49173 -10.0814 1.07812 5.42754 -10.7464 1.48922 13.9288 

-2.41421 6.51549 -11.2704 -1.88148 4.04505 -17.9271 -7.58341 
3.66301 6.31357 7.65861 -5.35274 9.29854 12.47 -10.0935 
-1.1634 -9.95304 1.10456 6.00256 -10.7359 1.62834 13.9015 

-2.14502 6.17513 -11.5647 -2.18985 4.06657 -17.9049 -7.55865 
2.95377 6.57236 8.19121 -5.77837 9.3262 12.4613 -10.1391 
-0.97787 -9.72831 1.17586 6.50374 -10.7107 1.74953 13.9006 

-2.41517 6.41007 -11.5357 -1.93131 4.08599 -17.8786 -7.54812 
2.79844 6.5972 7.98554 -5.78123 9.36706 12.4533 -10.2126 
-0.754429 -10.1181 1.03092 6.13086 -10.7623 1.8866 13.7942 

-2.69398 6.55552 -11.025 -1.60401 4.13076 -17.8566 -7.48786 
3.46825 6.45531 7.63685 -5.14028 9.43002 12.4437 -10.2249 
-0.932827 -10.1894 1.17805 5.42219 -10.7704 2.00918 13.763 

-2.82353 7.20827 -10.6873 -1.08261 4.23364 -17.8344 -7.42237 
3.93822 6.57372 7.36877 -5.01389 9.48729 12.4363 -10.291 
-1.40419 -9.96036 1.37269 4.86929 -10.7752 2.12642 13.6919 

-3.15027 6.9975 -10.9196 -1.38553 4.22268 -17.8052 -7.42481 
4.32364 6.53221 7.6334 -5.18797 9.54917 12.4312 -10.3166 
-1.54642 -10.1428 1.47845 5.17718 -10.7714 2.26705 13.6599 

-2.76688 7.3519 -10.7129 -0.868588 4.2648 -17.7898 -7.37988 
4.87994 6.45385 7.23162 -5.13136 9.58282 12.4145 -10.3974 
-1.75562 -10.1221 1.67371 4.699 -10.7666 2.39017 13.6052 

-3.48919 7.31824 -10.3804 -0.72011 4.31506 -17.7506 -7.33583 
5.50029 6.12302 6.89518 -4.39119 9.63181 12.4224 -10.4372 
-2.0322 -10.2637 1.81118 3.89332 -10.7984 2.5231 13.5305 

-2.84915 7.37187 -10.5379 -0.614588 4.3594 -17.7275 -7.3012 
5.34091 6.36406 7.0106 -4.9766 9.68806 12.4169 -10.4439 
-2.45305 -10.0692 1.94552 4.29619 -10.8085 2.63087 13.4902 

-2.64536 7.17449 -10.4001 -0.554233 4.40602 -17.6986 -7.26787 
5.49414 6.17456 6.87575 -4.89023 9.74208 12.4181 -10.4943 
-2.37012 -10.0205 2.01921 4.33916 -10.78 2.75106 13.4631 

-2.53673 6.70202 -10.4691 -0.970268 4.44806 -17.6754 -7.23336 
4.63948 6.42932 7.20948 -5.09331 9.77867 12.4117 -10.5466 
-1.74243 -9.79095 1.78829 4.60206 -10.8202 2.87612 13.3746 

-2.83077 7.4318 -10.2244 -0.327448 4.42976 -17.6528 -7.24502 
5.21914 6.27978 6.59679 -5.07351 9.77039 12.4027 -10.635 
-1.97944 -10.2773 1.84136 3.87967 -10.8409 2.98659 13.3373 

-2.40184 7.19422 -10.1191 -0.212486 4.49544 -17.6131 -7.21973 
5.35763 6.25797 6.60825 -4.92155 9.8572 12.4183 -10.6186 
-2.27498 -9.9315 2.11777 3.73727 -10.817 3.09684 13.2835 

-2.60599 7.08944 -9.92408 -0.244277 4.55993 -17.5937 -7.14012 
5.29327 6.18467 6.77168 -4.87282 9.88854 12.4043 -10.6769 
-2.09445 -9.95952 2.07491 3.66598 -10.837 3.22176 13.2271 

-3.00461 7.42896 -9.71404 0.0810156 4.60218 -17.563 -7.11859 
5.34135 6.30559 6.63947 -4.4625 9.98411 12.4085 -10.678 
-1.88667 -10.1745 1.94137 3.33286 -10.823 3.34065 13.1702 

-3.12153 7.37779 -9.71585 0.0436086 4.64413 -17.5432 -7.05348 
5.63998 6.17362 6.40355 -4.6255 9.98028 12.4016 -10.7569 
-2.01019 -9.86636 2.04967 3.27677 -10.8651 3.44992 13.1097 

-3.01219 7.06905 -9.503 -0.116969 4.66216 -17.5124 -7.04743 
5.3528 6.2245 6.52416 -4.11782 10.0704 12.4052 -10.7384 
-1.74974 -9.73821 2.07046 3.1727 -10.8298 3.55413 13.0942 

-3.0987 7.11385 -9.34984 -0.000359919 4.73627 -17.4881 -7.01511 
5.25801 6.319 6.66084 -4.43241 10.0926 12.4042 -10.7927 
-1.74421 -9.82742 2.05736 3.23602 -10.8363 3.66104 13.0369 

-3.54426 7.4509 -9.13652 0.210938 4.75102 -17.4546 -7.01793 
5.82792 6.13982 6.32827 -4.13987 10.1399 12.4157 -10.8344 
-1.74083 -9.92136 2.09583 2.79657 -10.8258 3.76722 12.9835 

-3.3566 7.37779 -9.03492 0.23031 4.80418 -17.4324 -6.9592 
6.19779 6.20864 6.36438 -3.5481 10.2144 12.411 -10.8238 
-1.99116 -9.66891 2.39289 2.43045 -10.8211 3.86467 12.9501 

-2.94178 7.13032 -9.1534 0.285308 4.83555 -17.3994 -6.95007 
5.72426 6.18263 6.30812 -4.06274 10.2348 12.4232 -10.8741 
-1.64155 -9.79298 2.19509 2.75984 -10.8465 3.96992 12.889 

-3.29773 7.58331 -8.8692 0.76418 4.87643 -17.3706 -6.90775 
5.89205 6.18306 6.18919 -4.0894 10.2757 12.4186 -10.923 
-1.73413 -10.1308 2.26142 2.33543 -10.8425 4.08166 12.8345 

-3.11177 7.6125 -8.88882 0.756147 4.90523 -17.3469 -6.92012 
6.18632 6.01949 5.95776 -3.8881 10.2976 12.4195 -10.9742 
-1.69394 -10.0009 2.19052 2.03026 -10.866 4.16868 12.7442 

-3.21941 7.40783 -8.67213 0.677595 4.92289 -17.3169 -6.88017 
6.40217 6.03822 5.98349 -3.56887 10.3672 12.4198 -10.9688 
-1.98661 -9.77351 2.40224 1.89381 -10.8503 4.27449 12.7282 

-3.17893 7.61588 -8.59219 0.816151 4.97581 -17.2956 -6.86621 
6.60617 6.02786 5.73466 -3.86941 10.3685 12.4229 -11.0256 
-2.36553 -9.74473 2.57505 1.78107 -10.8666 4.35632 12.6626 

-3.13509 7.47821 -8.6413 0.994725 5.04233 -17.2556 -6.81667 
6.29982 6.01505 5.78682 -3.62023 10.4273 12.4418 -11.0172 
-2.07063 -9.60532 2.53263 1.92913 -10.8317 4.447 12.6665 

-3.16627 7.38692 -8.42541 0.841877 5.04305 -17.2397 -6.8269 
6.35471 5.98562 5.77073 -3.53384 10.486 12.4315 -11.0491 
-1.89229 -9.75167 2.40316 1.70922 -10.8591 4.53493 12.5622 

-3.53369 7.47992 -8.20967 0.79682 5.05958 -17.2133 -6.80331 
6.71973 6.02142 5.62294 -3.46852 10.4832 12.4294 -11.1134 
-1.79379 -9.79018 2.48986 1.51553 -10.8542 4.62783 12.5403 

-3.29711 7.41414 -8.35244 0.880172 5.09904 -17.1814 -6.79489 
6.65626 5.92559 5.59356 -3.38715 10.5321 12.4506 -11.1023 
-2.16007 -9.55105 2.67961 1.50345 -10.8529 4.70708 12.5072 

-3.0468 7.72983 -8.32627 1.20177 5.15967 -17.155 -6.77038 
6.99706 5.98772 5.33597 -3.89835 10.551 12.454 -11.1551 
-2.37764 -9.72808 2.71244 1.45682 -10.8878 4.79063 12.428 

-3.22049 7.61121 -8.08873 1.1747 5.20162 -17.1266 -6.71865 
6.72511 6.03761 5.74098 -3.6209 10.6286 12.4646 -11.1067 
-1.97167 -9.68605 2.62972 1.52115 -10.8713 4.87163 12.4126 

-2.91462 7.67615 -8.34509 1.39196 5.21694 -17.1107 -6.72698 
6.30288 6.12201 5.65739 -4.42555 10.6465 12.458 -11.1764 
-2.08532 -9.80748 2.69655 1.82349 -10.8596 4.94297 12.3763 

-2.99379 7.3945 -8.18584 1.26377 5.26126 -17.0894 -6.70103 
6.33525 6.10672 5.69449 -4.20281 10.6901 12.4601 -11.1814 
-1.92055 -9.40521 2.53903 1.84169 -10.8491 5.02731 12.3081 

-3.50811 7.53923 -7.81584 1.3586 5.2737 -17.0618 -6.69009 
6.42184 5.89244 5.50598 -3.7133 10.7034 12.4581 -11.2373 
-1.57747 -9.6017 2.45462 1.1873 -10.8711 5.10606 12.2482 

-3.3983 7.2653 -7.5999 1.08407 5.31101 -17.0376 -6.68309 
6.36281 5.80814 5.49672 -3.04436 10.7397 12.4702 -11.2472 
-1.26696 -9.27538 2.34651 1.16245 -10.8355 5.17935 12.2451 

-3.25203 7.11498 -7.63058 1.13243 5.33916 -17.0079 -6.64708 
6.18853 5.85198 5.59646 -3.24208 10.7754 12.4737 -11.2724 
-1.31804 -9.31828 2.30392 1.20292 -10.8524 5.27132 12.1872 

-3.17237 7.12452 -7.54524 1.09595 5.33121 -16.9819 -6.67054 
6.57273 5.76332 5.19844 -3.60466 10.7906 12.4816 -11.3098 
-1.63873 -9.03216 2.36213 1.20067 -10.8596 5.34614 12.125 

-3.06054 6.99218 -7.36306 1.02155 5.37658 -16.9501 -6.6245 
6.21069 5.80504 5.34346 -3.28917 10.8476 12.4883 -11.2952 
-1.38299 -8.95575 2.43633 1.31226 -10.8467 5.43798 12.1328 

-2.87662 6.79816 -7.4829 0.991734 5.3997 -16.9421 -6.61656 
6.37953 5.80922 5.2361 -3.28963 10.8767 12.4784 -11.3317 
-1.47608 -8.78124 2.48994 1.30354 -10.8281 5.48912 12.0748 

-3.2676 7.26387 -7.22978 1.30787 5.42289 -16.9121 -6.62265 
6.38283 5.76753 5.27839 -3.08383 10.9105 12.4941 -11.3533 
-1.45929 -9.0577 2.41539 0.692944 -10.8465 5.56809 12.0023 

-3.09569 7.14597 -7.13191 1.43683 5.46003 -16.8907 -6.58545 
6.56857 5.55016 4.8216 -3.2475 10.894 12.5068 -11.3864 
-1.63343 -9.05749 2.5884 0.701156 -10.8668 5.61598 11.9884 

-3.05517 7.36017 -7.19334 1.60675 5.48567 -16.8773 -6.5919 
7.05572 5.67154 4.77818 -3.18194 10.9535 12.4989 -11.3918 
-1.88169 -9.0712 2.71183 0.597332 -10.8451 5.67899 11.9572 

-3.48961 7.51898 -7.0553 1.6515 5.49583 -16.8424 -6.56439 
6.84251 5.71567 4.91257 -3.12672 10.9662 12.5103 -11.4109 
-1.59243 -9.20483 2.57154 0.552213 -10.8391 5.76073 11.9441 

-3.08402 7.3604 -7.06646 1.65196 5.51542 -16.822 -6.57585 
6.98677 5.61927 4.74228 -3.21237 11.0022 12.5123 -11.4297 
-1.80882 -9.18788 2.8349 0.439429 -10.8261 5.82981 11.8825 

-3.07481 7.64078 -7.11749 2.04149 5.56117 -16.801 -6.53801 
7.85043 5.48334 4.46589 -3.0964 11.0464 12.5174 -11.4412 
-2.13404 -9.179 3.07671 0.338752 -10.8013 5.88655 11.8676 

-2.69868 7.11477 -6.90528 1.72131 5.57465 -16.7831 -6.5475 
6.96321 5.50087 4.5142 -3.43065 11.0537 12.523 -11.4814 
-1.87353 -8.82978 2.85252 0.501005 -10.8152 5.95095 11.8024 

-3.05683 7.07029 -6.78771 1.80407 5.61874 -16.7507 -6.50981 
6.4493 5.53324 4.97908 -3.07926 11.0853 12.5421 -11.4652 
-1.33039 -8.85343 2.47341 0.356067 -10.8264 6.01959 11.7633 

-2.83584 6.88369 -6.76258 1.7464 5.63187 -16.7347 -6.50434 
6.22051 5.4867 4.98878 -2.86375 11.1143 12.5448 -11.469 
-1.31618 -8.68905 2.53319 0.414164 -10.8012 6.07032 11.7607 

-3.04751 6.82873 -6.46936 1.44315 5.6165 -16.7259 -6.49815 
6.39195 5.4956 4.82694 -3.02522 11.1467 12.5268 -11.5199 
-1.26268 -8.3444 2.54457 0.399563 -10.8016 6.14279 11.7015 

-2.99632 6.55049 -6.51009 1.35083 5.66135 -16.6957 -6.50247 
5.9967 5.36972 4.99354 -2.81953 11.1579 12.5471 -11.5299 
-0.99573 -8.26933 2.2666 0.594998 -10.7836 6.19107 11.6738 

-2.81716 6.21556 -6.31974 1.18826 5.67007 -16.6794 -6.47097 
5.79606 5.37816 4.96359 -2.89246 11.1802 12.5414 -11.5569 
-0.837467 -7.97403 2.12445 0.684932 -10.7887 6.25568 11.6337 

-2.78968 6.76017 -6.41139 1.74731 5.67823 -16.6544 -6.46902 
6.20743 5.38191 4.51901 -2.99815 11.2162 12.5496 -11.5486 
-1.14216 -8.43635 2.48847 0.427334 -10.7685 6.32074 11.6314 

-3.21867 6.64289 -5.95254 1.46995 5.72018 -16.6336 -6.47433 
6.16503 5.14875 4.54576 -2.35438 11.2314 12.5643 -11.5599 
-0.933024 -8.10189 2.19589 0.103981 -10.7785 6.36167 11.5679 

-3.30473 6.50664 -5.77204 1.414 5.71027 -16.6162 -6.42332 
6.31186 5.06398 4.41299 -2.33198 11.2511 12.5519 -11.5905 
-0.720037 -8.05813 2.0714 0.286993 -10.7699 6.44508 11.5643 

-2.33453 6.34182 -6.14828 1.64872 5.71922 -16.6095 -6.43413 
6.26403 5.13419 4.2888 -2.91734 11.2773 12.5544 -11.6014 
-1.40563 -7.96371 2.67779 0.208375 -10.7749 6.47119 11.5352 

-2.49619 6.13048 -6.05131 1.48074 5.72569 -16.5836 -6.44066 
6.14313 4.96503 4.18026 -2.51953 11.3045 12.5647 -11.614 
-1.28132 -7.70408 2.45415 0.161842 -10.7719 6.53259 11.4971 

-2.57986 6.21571 -5.7919 1.54054 5.75559 -16.5611 -6.41824 
6.10253 5.00386 4.28515 -2.47937 11.3116 12.5763 -11.6167 
-1.04407 -7.73249 2.36808 0.113675 -10.7724 6.58051 11.4863 

-2.52217 6.2077 -5.81328 1.56162 5.7703 -16.5517 -6.42219 
6.24422 4.94041 4.14722 -2.28071 11.3432 12.5722 -11.6419 
-1.2688 -7.6469 2.60971 -0.0879925 -10.751 6.62971 11.456 

-2.77915 6.28865 -5.71977 1.56641 5.78962 -16.5284 -6.42337 
6.18278 4.99444 4.20538 -2.33268 11.3727 12.5822 -11.6479 
-1.0584 -7.74744 2.44698 -0.0336606 -10.7405 6.6807 11.42 

-2.6082 6.34121 -5.74152 1.7537 5.82561 -16.5011 -6.41636 
6.37187 4.95653 4.19429 -2.5673 11.3768 12.5964 -11.6792 
-0.95416 -7.78447 2.48081 -0.0501056 -10.7207 6.72715 11.3741 

-2.78172 6.1965 -5.71031 1.61842 5.82143 -16.4826 -6.39898 
6.08172 5.00258 4.29452 -2.50849 11.3967 12.6004 -11.6708 
-1.03429 -7.60492 2.36966 -0.0526274 -10.7411 6.77867 11.3557 

-2.40434 6.22763 -5.64523 1.8208 5.83481 -16.4802 -6.38154 
6.39352 4.78191 3.84114 -2.43723 11.4208 12.5872 -11.6907 
-1.3946 -7.62941 2.65482 -0.0634098 -10.708 6.83872 11.3509 

-2.19301 6.04096 -5.81948 1.91083 5.81369 -16.4624 -6.37509 
6.3872 4.76035 3.78654 -2.59061 11.4394 12.5942 -11.6972 
-1.41614 -7.56962 2.67736 -0.161288 -10.7308 6.87985 11.3215 

-2.39447 5.93024 -5.43785 1.71212 5.85092 -16.4476 -6.36874 
6.45076 4.59625 3.54118 -2.1982 11.4618 12.5987 -11.7214 
-1.4196 -7.30038 2.54937 -0.196315 -10.7074 6.92125 11.2823 

-2.29876 5.83048 -5.345 1.71312 5.84255 -16.4238 -6.35261 
6.41877 4.49631 3.48993 -2.21996 11.4795 12.6036 -11.7286 
-1.5121 -7.21963 2.71137 -0.175354 -10.7003 6.98189 11.2881 

-2.36065 6.00794 -5.4004 1.89027 5.88218 -16.4098 -6.36296 
6.61133 4.49553 3.54344 -1.97142 11.4814 12.6183 -11.7463 
-1.46742 -7.26376 2.67337 -0.595903 -10.7044 6.99743 11.2389 

-2.26392 5.82658 -5.24643 1.7829 5.87842 -16.3883 -6.34678 
6.55414 4.46524 3.477 -1.92958 11.5039 12.6224 -11.7389 
-1.1696 -7.07324 2.54225 -0.39808 -10.7087 7.05411 11.2419 

-2.72504 6.03227 -4.99473 1.64182 5.89422 -16.3805 -6.36021 
6.3474 4.51023 3.58534 -1.76144 11.5244 12.6245 -11.7588 
-0.908623 -7.10941 2.30015 -0.511382 -10.6884 7.08922 11.1933 

-2.74618 6.04155 -5.00897 1.62266 5.89197 -16.3673 -6.35009 
6.18567 4.48392 3.68978 -1.8242 11.5475 12.6274 -11.7575 
-0.834706 -7.20062 2.32666 -0.460315 -10.6852 7.13806 11.177 

-2.4322 5.94282 -5.10355 1.81898 5.9058 -16.3591 -6.3385 
6.04313 4.56509 3.44843 -2.36652 11.559 12.6216 -11.7945 
-0.933718 -7.19891 2.36406 -0.31729 -10.6808 7.1902 11.151 

-2.24347 5.86282 -5.01666 1.87432 5.91381 -16.3479 -6.31657 
6.12237 4.46196 3.30445 -2.4737 11.5849 12.6191 -11.8035 
-1.23014 -6.97874 2.59127 -0.323444 -10.6619 7.22827 11.1238 

-2.12976 5.65919 -5.06817 1.85517 5.92184 -16.3331 -6.3265 
6.33222 4.29203 3.16415 -2.09893 11.5971 12.6296 -11.8114 
-1.28601 -6.82133 2.59607 -0.616627 -10.6806 7.25844 11.0991 

-2.29932 5.69787 -4.8118 1.86927 5.91931 -16.3198 -6.30072 
6.71595 4.13812 2.98904 -1.65031 11.6112 12.6331 -11.8193 
-1.46476 -6.76201 2.70739 -0.807063 -10.6478 7.30477 11.0801 

-2.7807 5.74796 -4.55319 1.65157 5.92158 -16.3089 -6.30369 
6.34519 4.15904 3.23679 -1.6017 11.6337 12.6334 -11.8238 
-0.803415 -6.8325 2.22275 -0.686252 -10.667 7.33802 11.0686 

-2.23783 5.43755 -4.61425 1.65301 5.93208 -16.2881 -6.28289 
5.23412 4.30459 3.65091 -1.79084 11.6413 12.641 -11.8317 
-0.811186 -6.49126 2.16077 -0.480772 -10.6465 7.38249 11.0598 

-2.34119 5.37248 -4.66387 1.64022 5.93096 -16.2766 -6.2957 
5.26881 4.35163 3.65093 -1.76631 11.6437 12.6453 -11.8522 
-0.486016 -6.69703 2.03864 -0.63847 -10.6521 7.42379 11.0245 

-2.65305 5.6813 -4.54873 1.926 5.96413 -16.2684 -6.28814 
5.60929 4.28573 3.56413 -1.88749 11.6733 12.6433 -11.8703 
-0.402025 -6.97029 2.01032 -0.563851 -10.6064 7.45074 10.9964 

-2.58668 5.46002 -4.22994 1.57786 5.97174 -16.2647 -6.28085 
5.15914 4.20274 3.64852 -1.73555 11.6934 12.6476 -11.8715 
-0.370461 -6.47789 1.92878 -0.458791 -10.6067 7.48514 10.9816 

-2.06886 5.3981 -4.5832 1.86022 5.96656 -16.2536 -6.27034 
5.56743 4.1996 3.1143 -2.08146 11.7119 12.6442 -11.8744 
-0.877643 -6.48759 2.29158 -0.494462 -10.615 7.51833 10.9634 

-2.22125 5.41913 -4.54919 1.9297 5.96173 -16.239 -6.25543 
5.54688 4.17629 3.21521 -1.96149 11.7198 12.6413 -11.8981 
-0.824173 -6.53748 2.23232 -0.656868 -10.6077 7.56038 10.9474 

-1.9937 5.06906 -4.33783 1.67696 5.97101 -16.2265 -6.25034 
5.38585 3.93572 3.08971 -1.72177 11.7159 12.6559 -11.8896 
-0.892532 -6.11898 2.25498 -0.603508 -10.6075 7.58516 10.9368 

-1.67202 4.82312 -4.47391 1.80348 5.97692 -16.2121 -6.23887 
5.18446 3.91488 3.04414 -1.90993 11.7438 12.6544 -11.902 
-1.04597 -5.8949 2.29331 -0.510108 -10.5921 7.62646 10.9151 

-1.9246 4.99637 -4.30075 1.73517 5.99034 -16.2066 -6.2513 
5.19795 3.95279 3.10068 -1.85648 11.7509 12.6629 -11.9101 
-0.847732 -5.98678 2.22846 -0.517382 -10.5784 7.64923 10.9046 

-2.12796 5.06488 -4.25319 1.86746 5.98182 -16.1991 -6.22805 
5.33537 3.84728 3.07527 -1.60878 11.7637 12.658 -11.9213 
-0.772569 -6.16943 2.13766 -0.750875 -10.5804 7.69028 10.882 

-1.68956 4.51623 -4.11528 1.51112 5.9738 -16.1909 -6.22226 
4.77475 3.69917 2.89523 -1.66505 11.7811 12.6493 -11.9373 
-0.824324 -5.65598 2.06216 -0.44099 -10.5686 7.735 10.8624 

-1.71914 4.65683 -4.14135 1.67804 5.97686 -16.1849 -6.2119 
4.9357 3.78408 2.75416 -2.03051 11.7942 12.6489 -11.9438 
-0.966097 -5.61116 2.27079 -0.475256 -10.556 7.7612 10.8387 

-2.05636 4.7385 -3.84952 1.52759 5.97628 -16.1933 -6.20821 
4.92166 3.68149 2.76623 -1.77417 11.8085 12.638 -11.9627 
-0.597809 -5.67741 2.02379 -0.483294 -10.5465 7.79315 10.8245 

-2.39262 4.96393 -3.72831 1.56675 5.98505 -16.1714 -6.20916 
5.31167 3.58305 2.76203 -1.40406 11.8179 12.6519 -11.9639 
-0.528278 -5.79264 1.93939 -0.69452 -10.5371 7.82655 10.8068 

-2.34952 4.81855 -3.6209 1.57809 5.99401 -16.159 -6.20347 
5.30606 3.52665 2.62143 -1.3638 11.8205 12.6633 -11.9667 
-0.49691 -5.66066 1.84645 -0.764048 -10.5444 7.84511 10.7819 

-2.09122 4.73267 -3.84383 1.73526 5.98271 -16.1508 -6.18342 
4.99239 3.57988 2.98442 -1.34455 11.8334 12.6554 -11.9792 
-0.403351 -5.74056 1.88179 -0.867338 -10.5413 7.88336 10.7758 

-1.95254 4.70644 -3.85779 1.8044 5.9804 -16.1452 -6.16668 
5.03492 3.58312 2.75643 -1.7049 11.8531 12.6537 -11.9767 
-0.658706 -5.56583 2.04102 -0.601241 -10.5163 7.91084 10.7715 

-1.60521 4.32732 -3.93195 1.72927 5.97782 -16.1428 -6.16308 
4.42438 3.58763 3.04062 -1.83835 11.8486 12.6566 -11.9879 
-0.69186 -5.33264 2.02117 -0.569046 -10.5133 7.94191 10.7543 

-1.5985 4.18243 -3.92501 1.70392 5.97137 -16.1345 -6.14987 
4.38694 3.49057 3.1593 -1.5815 11.8644 12.6529 -11.9968 
-0.582308 -5.20998 1.90094 -0.689217 -10.5012 7.97868 10.7267 

-1.50701 3.50288 -3.62693 1.15218 5.95013 -16.1264 -6.12615 
3.72134 3.3315 3.13098 -1.62517 11.8815 12.6434 -12.01 
-0.460515 -4.56876 1.5812 -0.200883 -10.5096 8.00458 10.7259 

-1.19267 3.25505 -3.61825 1.00068 5.982 -16.1248 -6.15691 
3.3433 3.36378 3.17874 -1.79744 11.895 12.6504 -12.021 
-0.376141 -4.24857 1.62061 -0.0409178 -10.4909 8.01952 10.6994 

-1.6915 3.96835 -3.36441 1.46119 5.97095 -16.1122 -6.1294 
4.17106 3.19259 2.513 -1.50289 11.9008 12.6538 -12.014 
-0.552782 -4.72714 1.78757 -0.427461 -10.4889 8.05614 10.7107 

-1.75571 3.66752 -3.02846 1.11842 5.95648 -16.1196 -6.1259 
4.08557 2.97288 2.40343 -1.09161 11.9088 12.6434 -12.0292 
-0.367512 -4.51002 1.51371 -0.502993 -10.4813 8.07731 10.6811 

-1.86423 3.74824 -2.87828 1.04448 5.96444 -16.1068 -6.12659 
3.98884 2.91718 2.34975 -0.945152 11.9043 12.6541 -12.0329 
-0.161921 -4.4431 1.32295 -0.475934 -10.477 8.10324 10.6723 

-2.04855 3.84515 -2.83994 1.12796 5.95955 -16.1045 -6.10767 
3.89315 3.01601 2.61731 -0.92303 11.9354 12.6428 -12.0458 
0.00143134 -4.68646 1.28949 -0.540462 -10.4724 8.13134 10.6588 

-1.59426 3.92131 -3.23645 1.52281 5.95344 -16.0917 -6.10024 
4.36652 3.00686 2.22752 -1.13702 11.9365 12.6531 -12.0431 
-0.573669 -4.70677 1.83912 -0.768265 -10.462 8.15928 10.652 

-1.59866 3.93646 -3.26522 1.67447 5.95269 -16.0919 -6.08746 
4.38834 2.94664 2.17617 -1.1114 11.9516 12.6442 -12.0557 
-0.69198 -4.77856 1.88325 -0.870624 -10.4613 8.1893 10.6389 

-1.56544 3.94509 -3.33326 1.71316 5.96169 -16.0849 -6.09301 
4.17247 3.04738 2.38302 -1.22647 11.9548 12.6485 -12.0595 
-0.499671 -4.72452 1.77199 -0.86783 -10.4444 8.20543 10.6173 

-1.5645 3.61898 -2.97673 1.32321 5.96549 -16.0877 -6.09416 
4.29848 2.69997 1.86315 -1.11976 11.9652 12.6457 -12.0663 
-0.577737 -4.26609 1.71651 -0.609501 -10.434 8.22339 10.5968 

-1.59646 3.7344 -3.13338 1.51357 5.94184 -16.083 -6.0681 
4.73264 2.62473 1.73504 -1.06553 11.962 12.6431 -12.0659 
-0.706457 -4.4003 1.83949 -0.864843 -10.4537 8.2543 10.6017 

-1.84444 3.79583 -2.86441 1.42487 5.94459 -16.0875 -6.06791 
4.89815 2.49627 1.53464 -0.952429 11.9916 12.6282 -12.0932 
-0.641722 -4.45201 1.79687 -0.856539 -10.4216 8.27385 10.5707 

-1.19302 3.14896 -2.88076 1.19046 5.94008 -16.0675 -6.05582 
3.78975 2.54771 1.83141 -1.32251 11.9885 12.6446 -12.0852 
-0.666178 -3.83402 1.65572 -0.433367 -10.4187 8.29899 10.5669 

-1.26405 3.20764 -2.83377 1.3305 5.95402 -16.0608 -6.05995 
3.88834 2.43935 1.73871 -0.923685 11.997 12.647 -12.0949 
-0.633935 -3.83487 1.64841 -0.659032 -10.4116 8.33232 10.5565 

-1.39847 3.28725 -2.84736 1.36527 5.93217 -16.0701 -6.03746 
3.88767 2.51333 1.96103 -0.814787 11.9987 12.6375 -12.0969 
-0.508858 -3.95353 1.57189 -0.821901 -10.4083 8.34526 10.5444 

-1.20557 3.14229 -2.85992 1.37117 5.92279 -16.0627 -6.02748 
3.60502 2.53475 1.94746 -1.35127 12.0101 12.631 -12.106 
-0.501051 -3.86307 1.59615 -0.644108 -10.4005 8.37364 10.5297 

-1.05792 2.66913 -2.73392 1.16174 5.91437 -16.062 -6.0101 
3.04291 2.41049 2.13043 -1.0692 12.016 12.6292 -12.1093 
-0.496608 -3.43276 1.40418 -0.502477 -10.3917 8.3926 10.5214 

-1.3588 2.84239 -2.32121 0.986335 5.92 -16.0537 -6.01146 
3.15043 2.29255 2.00033 -0.593929 12.0254 12.6329 -12.1166 
-0.20893 -3.46316 1.1943 -0.576809 -10.3833 8.41436 10.5115 

-1.17249 2.71619 -2.37316 0.94555 5.92559 -16.0573 -6.0166 
3.03137 2.2463 1.89427 -0.843425 12.0334 12.6284 -12.124 
-0.282891 -3.33547 1.29075 -0.445876 -10.3777 8.43549 10.5035 

-0.868423 2.69869 -2.64987 1.27373 5.91115 -16.0569 -5.99617 
3.14266 2.28455 1.67447 -1.21633 12.0413 12.6214 -12.1244 
-0.713436 -3.31393 1.6492 -0.592886 -10.3792 8.45583 10.4974 

-1.11511 2.78353 -2.39666 1.14748 5.90981 -16.0492 -5.98909 
2.85576 2.31634 1.85846 -1.0234 12.0484 12.622 -12.1342 
-0.28919 -3.37462 1.28733 -0.525068 -10.3711 8.48275 10.4879 

-1.12907 2.91327 -2.50827 1.34162 5.89847 -16.0468 -5.97996 
3.0596 2.3317 1.86358 -1.06598 12.0503 12.6215 -12.1352 
-0.313336 -3.54681 1.40137 -0.723365 -10.3613 8.49869 10.4696 

-0.970295 2.73908 -2.453 1.35145 5.88953 -16.0499 -5.96142 
2.91826 2.24922 1.7108 -1.18163 12.0567 12.6141 -12.1362 
-0.451383 -3.34081 1.43296 -0.63912 -10.3646 8.52603 10.4693 

-1.01938 2.79044 -2.44158 1.4582 5.88043 -16.0428 -5.95145 
3.12715 2.12437 1.59339 -0.768456 12.0629 12.6177 -12.1429 
-0.488605 -3.36769 1.44192 -0.91752 -10.3527 8.55554 10.4535 

-1.2521 2.62553 -2.0654 1.14334 5.87855 -16.0481 -5.94211 
2.82242 1.96362 1.74901 -0.21185 12.0738 12.6078 -12.155 
-0.135635 -3.13038 1.03912 -0.870846 -10.3361 8.56895 10.4333 

-1.41929 2.79461 -1.9593 1.19966 5.87283 -16.0453 -5.93232 
2.76826 2.06719 1.74488 -0.561166 12.076 12.6095 -12.1523 
0.0199395 -3.36627 0.989221 -0.815289 -10.3469 8.58782 10.4358 

-1.04492 2.60199 -2.20902 1.3397 5.86802 -16.0475 -5.92339 
2.58971 2.05674 1.72372 -0.786871 12.0959 12.5952 -12.1686 
-0.188906 -3.19034 1.17419 -0.817098 -10.3253 8.6121 10.4084 

-1.05156 2.48576 -1.99698 1.26798 5.86256 -16.0403 -5.9138 
2.61063 1.88798 1.46234 -0.744583 12.0923 12.6018 -12.1596 
-0.231819 -3.01944 1.10214 -0.784522 -10.3329 8.61501 10.4086 

-1.26133 2.41202 -1.68552 1.04644 5.86403 -16.0437 -5.91247 
2.63565 1.7085 1.41804 -0.274691 12.0901 12.6056 -12.1575 
-0.0264382 -2.82694 0.880531 -0.810134 -10.3262 8.62864 10.398 

-1.46828 2.4907 -1.73441 1.08671 5.84489 -16.0501 -5.88975 
2.67114 1.71545 1.77032 0.144097 12.1131 12.5796 -12.176 
0.158119 -2.90465 0.729854 -1.02862 -10.3132 8.6566 10.3801 

-0.960437 1.92068 -1.68211 0.870686 5.84892 -16.0427 -5.88655 
2.09511 1.63166 1.62738 -0.233923 12.1251 12.5771 -12.1791 
-0.0673939 -2.37664 0.773549 -0.648812 -10.3217 8.67339 10.3815 

-1.14866 1.92124 -1.4082 0.670494 5.84703 -16.035 -5.88468 
1.74635 1.60724 1.76265 -0.0112064 12.1086 12.6008 -12.1602 
0.289191 -2.34471 0.437887 -0.637556 -10.3136 8.68009 10.365 

-1.05624 2.08679 -1.50845 0.938135 5.84564 -16.0525 -5.88019 
2.21712 1.51139 1.35775 0.0621299 12.1267 12.5856 -12.171 
0.00115478 -2.4709 0.711195 -0.835684 -10.314 8.69176 10.3638 

-1.55718 2.38608 -1.28968 0.954968 5.83696 -16.0505 -5.86614 
2.44572 1.51142 1.46819 0.345392 12.1428 12.5737 -12.1832 
0.328237 -2.72673 0.544577 -0.984132 -10.3029 8.70964 10.3494 

-1.40475 2.29414 -1.33821 0.978951 5.8286 -16.0358 -5.85405 
2.33869 1.53563 1.22891 -0.362275 12.148 12.57 -12.1798 
0.238456 -2.6967 0.632565 -0.726186 -10.2965 8.73349 10.3335 

-1.35597 2.04603 -1.15502 0.792689 5.8394 -16.0396 -5.86009 
1.59359 1.6227 1.5988 -0.571657 12.1433 12.5773 -12.172 
0.506461 -2.49662 0.30053 -0.46474 -10.309 8.72998 10.34 

-1.64707 2.12976 -0.864083 0.702804 5.8319 -16.0446 -5.84925 
1.86697 1.38138 1.40909 0.0686435 12.1548 12.5682 -12.1812 
0.651044 -2.4637 0.172556 -0.653465 -10.2983 8.73307 10.3273 

-1.49286 1.89771 -0.827543 0.610407 5.82976 -16.0408 -5.84381 
1.4867 1.35261 1.5501 0.14698 12.1542 12.5718 -12.1736 
0.664434 -2.23355 0.0539546 -0.599576 -10.3136 8.74812 10.3359 

-1.58867 1.91032 -0.880935 0.621404 5.82211 -16.0535 -5.83311 
1.34627 1.42851 1.92561 0.363089 12.1632 12.5592 -12.1809 
0.803245 -2.30094 -0.0434852 -0.73001 -10.3243 8.76395 10.3436 

-1.13757 1.72417 -0.971096 0.706152 5.85539 -16.0668 -5.86339 
1.5916 1.21825 1.21702 -0.0892618 12.1966 12.5493 -12.2051 
0.319929 -2.02095 0.365677 -0.610129 -10.3437 8.79285 10.3555 

-0.961838 1.70923 -1.19774 0.94734 5.92905 -16.1124 -5.93489 
1.73016 1.20942 1.15746 -0.199975 12.263 12.5425 -12.2688 
0.11617 -2.01406 0.55844 -0.741515 -10.4196 8.84319 10.4287 

-0.921886 1.53092 -1.09805 0.893966 6.08707 -16.272 -6.09021 
1.72983 1.03327 1.04719 -0.102902 12.4238 12.5477 -12.4262 
0.0866413 -1.78934 0.533339 -0.716726 -10.6262 8.97654 10.6323 

-0.812271 1.01069 -0.67435 0.442027 6.50856 -16.8192 -6.50983 
0.820018 0.858776 1.17664 0.0137359 12.9385 12.6777 -12.9412 
0.340912 -1.25161 0.106307 -0.4051 -11.2227 9.3981 11.2262 

-0.516679 0.873958 -0.644876 0.541209 7.68905 -18.7767 -7.69045 
0.85177 0.628954 0.775385 0.145235 14.6175 13.6849 -14.6178 
0.117936 -1.03946 0.245101 -0.534354 -12.968 10.6987 12.9704 

-0.503548 0.985575 -0.514732 0.646847 11.2409 -27.4041 -11.2426 
0.842482 0.548357 0.426456 -0.166472 21.3474 19.9166 -21.3451 
0.0895445 -1.08565 0.282866 -0.499501 -18.9495 15.6261 18.9512 

