0.95718392 0.00118579 0.01444906 0.00046565 -0.0087736 -0.0118810 -0.0003304 -0.0055727 
0.00118825 0.99140188 0.00911444 -0.0074491 -0.0078654 0.00182201 -0.0116663 -0.0064299 
0.01529625 -0.0019591 1.02614619 -0.0255436 -0.0148053 0.00142680 -0.0082096 0.00976217 
-0.0014663 0.01816205 -0.0306012 0.99301473 0.00267558 -0.0371112 -0.0319255 0.01203898 

0.99736027 -0.0057480 -0.0229391 -0.0329089 0.00629684 -0.0225813 -0.0073976 -0.0134446 
-0.0059162 1.00845439 0.00946519 0.00963999 -0.0057954 -0.0039837 0.00620310 -0.0072170 
-0.0215103 -0.0013333 1.00755410 0.01642344 0.01460513 0.01949528 0.01072921 0.00239218 
-0.0349715 0.03385553 0.01074500 1.00916366 0.01330837 0.02025060 0.00449563 0.00535213 

0.96675500 -0.0132798 0.00506207 -0.0102496 -0.0050411 0.00496454 -0.0021965 -0.0074803 
-0.0132434 0.98511176 -0.0082133 -0.0199227 -0.0087942 -0.0045564 -0.0098410 -0.0181155 
0.00601589 -0.0198391 1.00579361 0.00599835 -0.0004186 0.05535906 -0.0027464 0.02294900 
-0.0125584 0.00479297 0.00001389 1.00052158 0.00033254 0.01440782 -0.0239730 -0.0010713 

1.01442867 -0.0035038 -0.0284708 0.00016974 -0.0135639 0.01301286 -0.0032849 0.01209997 
-0.0034253 0.99549188 -0.0074621 -0.0105886 0.01250826 0.00470137 0.00097245 -0.0038601 
-0.0275197 -0.0173059 0.98868398 0.01983986 0.02113128 0.00530994 0.00222160 -0.0162945 
-0.0016184 0.01041430 0.01373436 0.96736939 -0.0037810 -0.0122116 0.01332701 -0.0076810 

0.99521076 0.01698937 0.00665924 -0.0063462 0.01431693 -0.0189460 -0.0355446 0.00688591 
0.01703681 1.00974978 -0.0075062 0.00019674 -0.0132827 -0.0045813 -0.0232524 -0.0225037 
0.00735362 -0.0165173 0.99260931 0.01082073 -0.0145399 0.01028091 -0.0085196 0.00666686 
-0.0070304 0.02156336 0.00474848 0.97790173 0.01105229 -0.0016035 0.00829864 -0.0301644 

0.99011986 -0.0099485 0.01200151 0.01985040 -0.0036187 -0.0016009 0.00310572 0.01365120 
-0.0097543 0.99168942 -0.0135201 0.00910922 -0.0046655 -0.0206511 -0.0362705 -0.0134370 
0.01238401 -0.0215705 1.01485939 0.02072837 -0.0037384 -0.0152336 0.00503115 0.00593856 
0.01726223 0.02661642 0.01534262 0.99385262 0.01538761 0.02028498 0.00791249 0.02845144 

0.99410739 -0.0002785 0.00346563 -0.0096888 -0.0022429 0.01503667 -0.0152211 -0.0005010 
-0.0003104 0.99414751 0.00295481 -0.0021024 0.01534314 0.00536379 0.00273988 0.00489797 
0.00401271 -0.0048011 1.01599010 0.00871277 -0.0102124 0.00297974 0.01105560 0.01974034 
-0.0111868 0.01531087 0.00404841 0.95706470 -0.0001002 -0.0129747 0.02514938 -0.0124354 

1.02449055 0.00344291 0.00585624 0.00721988 0.02370530 0.00756798 0.00909153 -0.0126026 
0.00346243 1.03634622 0.01064315 0.00526503 0.00989896 -0.0027383 0.01928173 -0.0079845 
0.00604661 0.00202429 1.02053763 0.00987718 -0.0217408 0.03273526 0.00947664 0.01154125 
0.00592918 0.02427966 0.00429968 0.97305817 0.01262487 0.00631236 -0.0136320 0.03061146 

0.99086429 0.01553195 0.01367550 0.02192399 0.02217590 -0.0044287 0.00880346 0.00497648 
0.01567949 1.02876518 -0.0007364 0.01559252 0.00923477 -0.0002783 0.02052084 0.00328498 
0.01380592 -0.0089653 0.96503787 0.02501626 0.01132281 -0.0139901 0.00518085 0.01077580 
0.02054185 0.03406575 0.02028596 0.97917702 0.01016096 0.01845517 0.02140884 0.00598940 

1.01320804 -0.0079630 0.01560197 -0.0069335 0.01328664 0.01939391 0.02405011 0.00405955 
-0.0079883 0.98665882 0.00311067 0.03517359 0.01275701 -0.0068964 -0.0033034 -0.0060523 
0.01597214 -0.0039303 1.00223068 0.01438347 0.01441922 -0.0028046 -0.0106471 -0.0030663 
-0.0089919 0.04947411 0.00923994 0.99845210 -0.0019740 -0.0032088 -0.0133814 -0.0070131 

0.98550585 0.00481103 -0.0159463 0.00883114 0.01765515 -0.0117276 -0.0196306 -0.0135088 
0.00486879 1.00901075 0.00227536 -0.0043677 0.00366326 -0.0271239 -0.0016220 0.03200451 
-0.0163151 -0.0039305 0.96478139 -0.0007896 0.01461091 0.01840323 0.00089293 -0.0008997 
0.00762106 0.00890488 -0.0052318 0.97324621 0.00439313 -0.0034382 -0.0039936 -0.0061216 

1.03730666 0.03440730 0.00731870 0.00982973 -0.0016426 -0.0086548 -0.0112732 0.00890586 
0.03441612 0.99490593 0.01382281 -0.0013287 0.00202954 0.00250492 0.01170128 0.01742570 
0.00762001 0.00708522 1.00008689 -0.0054688 0.01374494 0.02977880 0.00029083 -0.0006428 
0.00885034 0.01439902 -0.0103973 0.95917882 -0.0229848 0.00012460 -0.0254178 0.00374063 

1.01837104 -0.0007140 0.01540346 -0.0046905 -0.0010398 0.01061574 -0.0081231 0.00832298 
-0.0006871 0.98016484 -0.0054523 0.01586924 -0.0140561 0.02551172 -0.0008501 0.00091041 
0.01581813 -0.0124835 0.99310064 0.00735535 -0.0076495 -0.0219092 0.01561817 -0.0094911 
-0.0071125 0.03061754 0.00249577 1.00575646 -0.0082331 0.00905175 -0.0078717 -0.0285602 

0.98720249 -0.0159167 0.01415942 0.00021954 -0.0232315 -0.0300690 -0.0155977 -0.0142545 
-0.0159874 1.00638576 0.01904750 0.00083807 0.01661417 -0.0031012 0.00950312 0.00938197 
0.01366110 0.01278462 0.99153715 0.02634465 -0.0145356 0.02295230 0.00404272 -0.0129130 
-0.0013591 0.01384414 0.02187866 0.99280112 -0.0132335 -0.0110070 0.01376593 0.00000509 

0.97548474 0.02119736 0.00350720 -0.0052552 0.02237166 0.00110516 0.01247741 -0.0400596 
0.02116581 1.00088317 0.00486124 0.01701861 0.02762956 -0.0080188 0.00629406 0.02410484 
0.00324189 -0.0002282 0.98500719 0.00193133 -0.0318580 -0.0127741 -0.0055414 -0.0038374 
-0.0065378 0.02832161 -0.0019253 1.00082439 0.00530508 -0.0195200 0.01236862 0.00453999 

1.02215720 0.00410918 0.01205862 0.00128706 0.00116327 -0.0003492 -0.0248100 0.01788773 
0.00415595 1.00783899 -0.0042916 0.01799827 -0.0124257 -0.0022847 -0.0016775 0.00517390 
0.01122328 -0.0092395 1.00053930 0.02254579 0.00743443 -0.0220310 0.00945589 -0.0108452 
0.00011354 0.02858070 0.01818190 0.99008678 -0.0076895 0.01222650 -0.0146662 -0.0194253 

0.96415199 0.01884587 0.02372931 -0.0025988 -0.0080943 -0.0159528 0.01066986 -0.0030453 
0.01878893 0.96880701 0.01390030 0.00148232 0.00239698 0.01119347 -0.0023862 -0.0028551 
0.02234347 0.00861525 0.98554287 -0.0119951 0.02030604 0.00953403 -0.0208191 -0.0200222 
-0.0027738 0.01192903 -0.0161549 0.97872854 0.01433851 -0.0001548 -0.0048820 0.02247233 

0.99893980 0.00442318 0.00809615 0.01556774 0.01807934 -0.0219438 -0.0322328 0.02176026 
0.00443090 0.98218228 0.01799204 0.00838994 -0.0149678 -0.0247695 0.03010503 -0.0001374 
0.00721880 0.01291852 0.98734251 0.02680475 -0.0028538 0.00120592 -0.0115760 -0.0103474 
0.01446096 0.01881106 0.02205634 1.00792873 0.02183482 -0.0052217 -0.0173289 -0.0057250 

1.03951733 0.00172493 -0.0010965 0.00490630 0.00012687 0.00230801 -0.0062592 0.01690577 
0.00177872 0.99004786 -0.0045094 0.01512815 0.00094048 0.00905741 -0.0208657 -0.0149586 
-0.0013458 -0.0079415 0.99119189 0.00803546 -0.0137279 0.00232270 0.00601801 -0.0010429 
0.00281614 0.02245362 0.00412004 0.97554424 -0.0083308 -0.0091717 -0.0029944 0.00757617 

0.99114464 -0.0017072 -0.0171621 0.00429459 0.00387884 -0.0005074 0.01267126 -0.0040610 
-0.0016153 0.98545557 -0.0112216 -0.0033898 0.00816954 0.02452480 0.00753355 0.01178794 
-0.0182228 -0.0150818 0.99613120 0.00518920 -0.0130242 0.01592137 0.00361086 -0.0038629 
0.00330897 0.00468577 0.00000189 0.97878269 -0.0145429 0.00126445 -0.0090469 -0.0112304 

1.01078954 -0.0260108 -0.0106613 0.00905946 -0.0062446 0.00161038 -0.0061682 0.00068806 
-0.0260307 1.01167280 0.01518912 0.00191580 -0.0108159 0.01270138 0.02039629 0.00219067 
-0.0114787 0.01211065 0.99196749 0.00575009 -0.0208346 0.01150328 -0.0266066 -0.0182220 
0.00814276 0.00855573 0.00037027 0.97739598 -0.0091778 -0.0286571 0.00450937 0.00914067 

1.01496686 -0.0026361 -0.0087940 -0.0108456 -0.0089363 0.01511544 -0.0163376 0.00950596 
-0.0027968 0.99805558 0.02409933 0.00137480 -0.0283405 0.00833712 -0.0118498 0.00053529 
-0.0094772 0.02067710 1.01860880 -0.0082471 -0.0189138 0.00160060 -0.0000321 -0.0014281 
-0.0114707 0.00889319 -0.0111532 0.98757193 -0.0173620 -0.0003442 -0.0083353 0.01296910 

1.00625977 0.02001058 0.00238625 -0.0114875 0.00784401 0.00918182 -0.0039009 -0.0239082 
0.02006154 1.00941886 -0.0195727 0.00577236 -0.0048039 0.00279663 -0.0178286 0.01094184 
0.00113825 -0.0224730 0.96608104 -0.0035798 0.00759448 -0.0126296 -0.0083346 -0.0029780 
-0.0122807 0.01138040 -0.0080910 0.97259744 0.02161545 -0.0045704 -0.0011346 -0.0117167 

0.98007029 0.00283511 0.01095110 0.00801481 -0.0053187 0.01363952 0.02301547 0.02256178 
0.00296442 1.00132376 -0.0157884 0.01028401 0.01271091 0.01715906 0.00981248 0.01586778 
0.00951038 -0.0185737 0.98705909 -0.0043882 -0.0365599 -0.0084293 0.00675776 0.02733158 
0.00728833 0.01651692 -0.0081561 0.98999100 0.00956048 0.00857026 -0.0106274 0.00267752 

1.02392268 0.01023092 0.00323813 -0.0109680 0.00671765 -0.0052821 0.02159946 -0.0155469 
0.01019502 0.99000152 -0.0023063 0.02157817 0.01075713 -0.0161278 -0.0144073 0.01347961 
0.00169157 -0.0046798 0.97219643 -0.0125575 0.01026042 0.02229703 0.01588326 -0.0032645 
-0.0118594 0.02581528 -0.0163107 1.01258033 -0.0253800 -0.0135003 0.00833353 -0.0112759 

1.02699065 0.01136284 -0.0066370 0.00028859 0.01103595 0.02185873 0.01406395 -0.0130235 
0.01128361 0.97729904 0.01822793 -0.0019836 0.00712109 0.01780954 -0.0056677 0.01638120 
-0.0082187 0.01592111 0.98805856 0.01037790 -0.0225631 -0.0243250 0.01669871 0.00788880 
0.00007442 0.00198733 0.00673943 0.97597294 0.01971763 0.00494252 0.02607676 -0.0008214 

0.99140811 -0.0183838 0.00030886 -0.0006119 0.00331139 -0.0099304 -0.0098752 -0.0212384 
-0.0184128 1.00202066 0.00603427 -0.0121210 -0.0133500 0.00569608 -0.0093920 0.01685661 
-0.0013930 0.00387612 1.01357251 0.00170664 -0.0360982 0.01004307 0.00032045 0.01568197 
-0.0019193 -0.0079087 -0.0020036 0.97128229 -0.0118747 0.03124551 -0.0229760 0.00255969 

0.96208812 0.00517128 0.00354593 0.01326819 -0.0072783 0.02010852 -0.0026352 -0.0060989 
0.00525435 1.00375525 -0.0024125 0.00386347 0.01048383 -0.0088968 0.00127667 0.00597052 
0.00171506 -0.0047933 1.00291230 0.00113303 0.00539649 0.00946426 0.00007751 -0.0165731 
0.01182112 0.00786935 -0.0030513 1.00881555 0.00077414 -0.0025597 0.02291766 0.01094199 

0.99603623 0.00793053 -0.0015657 -0.0068008 -0.0277363 -0.0070656 0.00806888 0.02315859 
0.00774407 0.99109562 0.03176081 -0.0071175 -0.0062035 -0.0029742 0.01912737 -0.0176496 
-0.0034208 0.02959471 1.00202994 0.00998094 -0.0086436 -0.0092183 -0.0268587 0.01367945 
-0.0076971 -0.0031661 0.00683995 0.95608370 -0.0043655 -0.0225952 -0.0175218 0.01255300 

0.99720901 -0.0109026 0.01086323 0.01100227 0.03048883 0.01129876 0.01263221 0.00568229 
-0.0106918 1.00214052 -0.0304442 0.01124167 -0.0139881 -0.0036316 0.00222043 0.00273139 
0.00844725 -0.0310005 0.98947324 -0.0099562 -0.0145453 0.01003980 -0.0084705 -0.0081197 
0.01115518 0.01251780 -0.0145789 0.96336219 0.00379296 -0.0143317 0.01180592 0.00680081 

1.00992486 -0.0161513 0.02253934 -0.0032608 -0.0174067 -0.0001111 -0.0002622 0.01129256 
-0.0161658 1.03649422 0.00040035 0.00596923 -0.0209931 0.00283274 0.00113647 0.02675596 
0.01993113 -0.0003596 0.97267420 -0.0085553 0.01395514 -0.0038384 0.00432347 0.00033104 
-0.0032673 0.00651707 -0.0120298 0.97070748 0.01286354 0.00485301 0.02273273 0.03183283 

1.04967650 -0.0147434 0.02401750 0.00400631 -0.0104611 0.01934869 0.03223802 -0.0042265 
-0.0148137 0.98788209 0.01898098 0.01185462 -0.0104980 -0.0029150 0.00020386 0.00625040 
0.02159595 0.01768356 1.01558149 0.00539383 0.00434554 0.01454339 0.01410674 0.02136483 
0.00361575 0.01288852 0.00172178 1.01282454 0.01612859 0.00280509 0.00309607 -0.0081506 

1.00832156 -0.0052687 0.00877598 0.01369723 0.02009397 -0.0120388 0.01077990 -0.0165843 
-0.0052642 0.99544114 0.01368093 0.02557107 -0.0139708 0.00121247 0.00437833 0.00825795 
0.00592354 0.01272337 1.02393030 0.01309933 -0.0099630 -0.0054599 0.00573548 0.01095458 
0.01361555 0.02592313 0.00969690 1.00170972 -0.0143264 -0.0129431 -0.0079485 0.00217120 

0.99340240 0.01052574 -0.0106574 -0.0027387 0.00748199 0.01840493 -0.0342256 -0.0068262 
0.01050007 0.98579895 0.00176332 -0.0030051 -0.0045208 0.00228494 -0.0016553 -0.0128222 
-0.0133603 0.00221896 0.98707803 -0.0121972 -0.0177208 -0.0257775 0.01823261 0.00781274 
-0.0029144 -0.0047747 -0.0152490 1.00257616 0.01006677 0.01732793 0.02140888 -0.0103840 

1.00946138 0.00509425 0.00476335 -0.0050291 0.00569175 0.03563636 -0.0127453 0.02272876 
0.00507701 0.98850378 -0.0015098 0.01884160 0.00875893 0.00306929 -0.0168138 -0.0198148 
0.00220388 -0.0020024 0.98615750 0.00894811 -0.0131276 0.00404142 0.01562149 0.01416393 
-0.0054497 0.01872178 0.00530783 1.02252456 0.00405580 0.00205693 -0.0096105 0.00554480 

1.02365983 0.00504057 -0.0000302 -0.0135600 0.00637691 -0.0130414 -0.0002193 -0.0046973 
0.00494907 0.99730096 0.00474616 0.02221409 0.00294729 -0.0090115 0.00506125 -0.0186341 
-0.0024526 0.00478221 0.98919291 0.00390897 0.00544263 0.02617375 -0.0100172 0.00902453 
-0.0135171 0.02095708 0.00010014 0.97176371 0.01730941 0.00342582 0.00663542 0.00637083 

0.98019253 0.01294572 -0.0167512 -0.0015264 0.01600626 0.01274276 -0.0148759 -0.0238696 
0.01281010 0.99065620 0.02544618 0.02050429 -0.0103812 -0.0067117 -0.0117318 -0.0296564 
-0.0187867 0.02505713 0.98941745 0.01459810 -0.0147036 -0.0143233 -0.0110925 0.00283613 
-0.0020680 0.02014866 0.01148537 1.00363677 0.01187418 -0.0171806 0.01069918 -0.0075378 

0.99794302 -0.0019941 0.00398337 -0.0222313 0.02111879 -0.0116182 0.02361339 0.00425481 
-0.0021069 0.97661113 0.00041320 0.00984496 0.00864786 0.01021929 0.01125575 -0.0118688 
0.00089685 0.00109256 0.97057169 0.01328242 -0.0169288 0.00523660 0.00151364 0.01938522 
-0.0214730 0.00680403 0.00941837 0.98095201 0.00922532 -0.0207392 -0.0199168 -0.0024942 

0.98405200 0.00683515 0.02772996 -0.0124623 -0.0023536 -0.0192918 -0.0001482 -0.0110181 
0.00689403 0.99894477 -0.0253086 0.01111105 0.00228126 -0.0121459 -0.0030337 -0.0038743 
0.02498411 -0.0244971 1.01184798 -0.0111429 -0.0177324 -0.0096099 -0.0045403 0.01019178 
-0.0127219 0.00936133 -0.0150454 0.94779971 0.00444504 0.00387285 -0.0094568 0.03464983 

0.99286180 0.01731551 -0.0217638 0.02074966 -0.0024819 0.01894657 -0.0236812 0.00496101 
0.01744478 1.00734852 -0.0053209 -0.0066115 -0.0047885 -0.0156001 0.00185494 -0.0140365 
-0.0247541 -0.0050299 1.01713753 0.01474776 -0.0127799 -0.0191176 -0.0069245 -0.0081023 
0.02082449 -0.0084331 0.01064699 1.00856115 0.00567413 -0.0177988 -0.0035699 0.01888022 

0.98176480 0.01824398 -0.0013461 0.00498839 -0.0216895 0.00752630 0.01775972 -0.0245206 
0.01817608 0.98108184 0.01688019 0.02459982 -0.0186352 0.00744338 0.00266241 0.00251695 
-0.0040866 0.01777044 0.98637468 -0.0061853 -0.0094481 0.01208931 -0.0072417 0.00283397 
0.00419065 0.02108121 -0.0095873 0.97356507 0.00593691 -0.0006660 0.01907449 0.02593743 

1.02906094 -0.0018847 0.02253252 -0.0056409 -0.0087703 0.01247736 0.02405754 -0.0176848 
-0.0019928 0.99853161 0.01352028 0.01724969 -0.0172480 0.00603731 -0.0065950 0.01916601 
0.01942338 0.01617786 0.97720171 0.00124991 0.02143698 -0.0012783 0.00623541 -0.0087355 
-0.0054373 0.01038468 -0.0027857 0.98961262 0.00083721 -0.0124332 0.02797496 -0.0087909 

1.03128273 -0.0217236 -0.0114189 -0.0113455 0.02704471 -0.0194997 -0.0003492 -0.0305835 
-0.0217464 0.99075631 -0.0075819 0.00946796 -0.0259696 0.02928443 -0.0027947 0.00106304 
-0.0147565 -0.0061618 1.02189652 -0.0075246 -0.0106162 0.00708850 0.01092819 -0.0123510 
-0.0107343 0.00537438 -0.0109930 0.99960316 0.00208728 -0.0027445 -0.0058521 0.00893888 

1.02132032 0.00467564 -0.0078793 0.01294152 0.00356438 -0.0129614 0.00331669 0.00250959 
0.00461382 1.03140958 0.02297991 0.00925598 -0.0125279 -0.0050346 -0.0291825 -0.0166559 
-0.0110563 0.02513304 0.96649787 -0.0182137 0.00384933 0.00956588 -0.0160536 0.00909171 
0.01276906 0.00287864 -0.0215415 1.00190808 0.00086691 -0.0121856 -0.0013592 0.01212542 

0.98608084 0.00540791 -0.0068461 0.01115932 0.01670134 0.00356716 0.00624770 -0.0137350 
0.00551824 0.97973240 -0.0130176 -0.0068962 -0.0197055 -0.0099380 0.01615201 -0.0063587 
-0.0102932 -0.0108468 0.96733677 0.00098241 -0.0053373 0.00231082 -0.0085603 -0.0115859 
0.01121800 -0.0130203 -0.0031316 1.00213117 0.00159893 -0.0039138 -0.0110172 0.00459155 

1.01335635 -0.0387147 -0.0209056 -0.0185099 0.00805274 -0.0117315 -0.0276218 0.01014107 
-0.0387487 0.99042512 -0.0122225 0.00215810 0.01268017 0.00658816 -0.0042694 0.00003200 
-0.0247131 -0.0104843 0.97118380 0.01721454 -0.0028926 -0.0270216 -0.0020962 -0.0222714 
-0.0172850 -0.0037285 0.01274033 1.00206916 0.01760007 -0.0166984 -0.0080164 -0.0037242 

0.99250254 -0.0056303 0.00938372 0.00169256 0.01519789 0.02528033 -0.0031230 0.02328732 
-0.0056677 1.00162462 0.00741724 0.01013007 -0.0061089 0.00675014 0.01697619 -0.0165857 
0.00599317 0.00917288 1.01446142 -0.0115049 0.00462185 0.00927593 0.00303253 0.01484501 
0.00169675 0.00509623 -0.0147982 0.94966591 0.01401242 -0.0239194 0.00180869 -0.0067593 

1.00065770 -0.0080458 -0.0124021 -0.0013285 0.01029450 0.01168354 -0.0157786 -0.0009621 
-0.0079823 0.99559948 -0.0172765 0.02823590 0.00659218 0.03618221 0.01666981 0.00425790 
-0.0151954 -0.0145821 0.98536686 -0.0005790 -0.0038281 -0.0077630 -0.0117649 0.01152201 
-0.0018727 0.02201526 -0.0048856 0.96773287 -0.0034948 0.01313048 -0.0146346 0.00447351 

0.98042234 -0.0130670 -0.0038473 0.00145628 0.00419126 0.01322190 0.03159886 -0.0153478 
-0.0129621 0.99328158 -0.0225561 -0.0032646 -0.0161728 0.00475625 0.01780242 0.01213984 
-0.0072745 -0.0197061 0.98934473 0.00203052 0.01083136 0.00649683 -0.0126900 -0.0143466 
0.00128152 -0.0107255 -0.0023764 0.98036305 0.01342584 -0.0115063 0.00573157 0.00964630 

1.00058065 -0.0054821 0.00148750 0.02300184 -0.0170166 0.02942335 -0.0147622 -0.0221177 
-0.0054094 0.99087607 0.00538182 -0.0004590 0.00494464 0.01838245 0.02872060 -0.0012437 
-0.0021432 0.00802069 0.99425871 0.02204664 0.00525587 -0.0182595 0.00783300 0.01093837 
0.02256848 -0.0086815 0.01705015 0.99209681 0.02673150 -0.0116344 -0.0012307 -0.0014697 

0.99033347 0.01068146 0.00419476 0.02563662 0.01899765 -0.0044947 0.00495137 -0.0103158 
0.01078888 1.02158060 0.00134383 -0.0138708 0.01425525 -0.0038330 0.00427225 0.03504050 
0.00040126 0.00422377 0.98303980 -0.0203532 0.00902360 0.00984115 -0.0140998 0.00763017 
0.02570745 -0.0214884 -0.0250948 1.00636412 0.00123242 -0.0013599 -0.0230626 0.00826810 

1.04062282 0.00102036 -0.0296937 0.01964618 0.00374295 -0.0060605 0.01223766 -0.0151974 
0.00112471 0.96558070 -0.0049527 0.01079486 0.00783047 0.00088999 0.00766969 0.00457918 
-0.0335825 -0.0015636 1.00311258 0.01847423 -0.0095732 0.00745051 0.01161784 -0.0179051 
0.01930715 0.00062776 0.01465422 0.99586827 0.01951551 -0.0258586 -0.0131922 0.00492412 

0.99205140 -0.0088088 0.02427393 -0.0218193 0.00223202 -0.0126439 0.00117630 0.01548196 
-0.0089743 0.95965957 0.01044843 0.01436547 -0.0012459 0.00244229 0.00085879 -0.0126052 
0.01991086 0.01246151 0.98510586 -0.0120437 -0.0234697 0.00023325 0.00286111 0.00871650 
-0.0206222 0.00734300 -0.0155637 1.00273785 0.01623479 0.00653655 0.02982120 0.05316472 

1.02097136 -0.0094426 0.00505503 -0.0173591 -0.0103867 0.02749219 -0.0032148 0.01706068 
-0.0095240 1.01221420 -0.0031282 -0.0033341 0.02565380 -0.0251002 0.02625608 -0.0007016 
0.00115458 -0.0004000 0.95010782 0.00926168 0.00682538 -0.0042119 0.00311367 0.00415163 
-0.0166753 -0.0107082 0.00485616 1.02078386 -0.0099232 0.00929414 0.01166481 0.00533274 

0.93673560 -0.0157052 0.01044079 0.00830978 0.01703478 0.00296174 -0.0065272 0.00862544 
-0.0157184 0.98825397 0.00830816 0.01763601 0.01028940 -0.0128216 -0.0168359 0.00130550 
0.00644378 0.01104076 1.00032056 -0.0138751 -0.0119061 0.03244065 -0.0040040 0.01501421 
0.00841503 0.01020947 -0.0178198 0.97004872 -0.0005162 0.00858023 0.00470081 -0.0165428 

1.01856766 0.00774711 0.01953247 -0.0011937 -0.0098852 -0.0083320 -0.0084939 -0.0003898 
0.00780915 0.99950342 -0.0161272 -0.0019469 -0.0125465 -0.0139432 0.00282407 0.02997382 
0.01497293 -0.0130991 0.99826893 0.04026917 -0.0072903 0.01840708 -0.0172103 0.00483701 
-0.0006908 -0.0113313 0.03643969 0.91886077 0.01157591 0.00120433 -0.0260906 -0.0161188 

1.00045497 0.02083827 -0.0026476 -0.0157307 -0.0009861 0.01566103 0.00006399 0.00720556 
0.02077715 0.99171540 -0.0075933 0.00508519 -0.0126223 -0.0023090 0.00819372 0.00218543 
-0.0067191 -0.0034133 1.00294921 -0.0248359 0.00630920 0.00665179 -0.0216781 0.00704655 
-0.0156367 -0.0057129 -0.0287083 1.00424126 -0.0129300 -0.0053774 -0.0055850 -0.0174377 

1.02629005 -0.0041206 0.02092649 -0.0097239 -0.0031347 -0.0195187 0.00549248 0.01606454 
-0.0041326 0.96101303 -0.0097297 -0.0009813 0.00301639 -0.0109889 -0.0075826 0.00769813 
0.01657692 -0.0065587 1.03811081 0.00717936 0.01938452 0.02417235 -0.0100780 -0.0109481 
-0.0089461 -0.0095559 0.00301927 0.99763274 -0.0092653 0.00101473 -0.0200136 0.00946417 

1.00356149 -0.0046080 -0.0270155 0.00383769 0.00119020 0.02078139 0.00552828 0.00028170 
-0.0045803 1.01489017 -0.0052330 0.00373834 -0.0104532 0.01077842 0.00817986 -0.0266781 
-0.0311415 -0.0013995 1.01347930 -0.0117708 -0.0119466 -0.0045791 -0.0049510 -0.0083639 
0.00414809 -0.0070574 -0.0158670 1.04317439 0.02161165 0.02047960 -0.0185304 0.01065136 

1.01813385 -0.0258157 0.02452169 -0.0159130 -0.0237857 -0.0015987 0.01414865 -0.0221343 
-0.0259790 1.01008854 0.01371309 0.01788578 -0.0120851 0.01122117 0.01739464 0.00422511 
0.02029808 0.01739048 0.98997132 0.00201293 -0.0181273 -0.0086212 0.00715378 -0.0443966 
-0.0152684 0.00766496 -0.0028069 1.03119763 -0.0069334 -0.0144497 -0.0031085 0.00279621 

0.96669050 -0.0249296 0.00359613 0.00932544 -0.0162213 -0.0005854 0.00111184 -0.0129964 
-0.0248697 1.01666031 -0.0061280 -0.0146871 -0.0068870 -0.0103541 -0.0170223 0.02087851 
-0.0004495 -0.0026892 0.99818991 0.01676444 -0.0012069 -0.0337224 0.00598568 0.01298686 
0.00929075 -0.0241053 0.01270371 0.97064398 0.01094717 -0.0003784 0.00426412 -0.0029391 

0.99441882 0.01063845 0.01249664 -0.0141611 0.00873124 0.00045378 0.00187173 -0.0021396 
0.01051369 1.01215791 0.00740627 -0.0134046 0.00861290 -0.0041031 -0.0067613 -0.0000687 
0.00888354 0.01087755 0.97621502 -0.0008399 -0.0249808 0.00312075 -0.0034440 0.00570627 
-0.0140742 -0.0218179 -0.0051103 0.95967541 0.00549197 -0.0199486 0.00417469 0.01074903 

0.99004192 -0.0153247 -0.0191465 0.00946979 0.00438336 -0.0122034 0.00920315 0.00402283 
-0.0153614 1.00069476 0.01292811 0.01637314 0.01075431 0.01134214 -0.0027021 -0.0296022 
-0.0238034 0.01739579 1.00219908 0.01922772 -0.0132138 -0.0077571 0.01952739 -0.0014167 
0.01004320 0.00376151 0.01414467 0.97342234 0.01488556 -0.0073175 -0.0128305 0.01960089 

0.97248930 0.00472339 -0.0082893 0.00747739 0.01511744 0.01456818 0.00664280 -0.0119907 
0.00467168 1.01067625 0.01291274 0.02125657 -0.0159216 0.04116876 -0.0047231 0.00924851 
-0.0124987 0.01795092 0.96395427 -0.0023182 -0.0178624 0.00760411 -0.0260061 -0.0114597 
0.00760973 0.00803697 -0.0069987 1.00867354 0.01365135 0.02103534 0.02283922 0.02573820 

1.01193779 0.00664297 -0.0280386 -0.0174565 -0.0007892 -0.0149137 0.00880352 0.01355491 
0.00658040 0.97719026 -0.0084735 -0.0088472 -0.0018697 0.00877480 -0.0180271 -0.0012397 
-0.0320949 -0.0041913 0.97296837 0.02025402 -0.0062337 0.00244314 -0.0128940 0.02282704 
-0.0167063 -0.0202628 0.01608343 0.98989027 -0.0305807 -0.0202901 -0.0059554 -0.0025429 

0.99437604 -0.0174612 -0.0131733 -0.0168501 0.00774848 0.03780461 0.01805597 0.00082838 
-0.0176664 1.00254726 0.02015982 0.04165658 0.00538789 0.00753282 0.02125784 -0.0108459 
-0.0174668 0.02471345 1.00648316 0.00114841 -0.0116902 0.02314121 -0.0294651 -0.0009096 
-0.0163320 0.02917151 -0.0033236 0.96590059 0.01410228 0.01431805 -0.0028460 0.01799183 

0.98266827 0.00349693 0.01029229 -0.0056281 0.00204326 0.02151852 0.00956681 0.00830860 
0.00354831 0.98995080 -0.0200482 -0.0068675 0.00924332 0.02190082 -0.0093245 -0.0105010 
0.00568603 -0.0152358 1.00994935 -0.0196569 0.02705657 -0.0005857 -0.0057236 0.01312563 
-0.0049613 -0.0189251 -0.0231967 0.96280600 -0.0006189 -0.0108427 0.01601425 0.01402443 

0.98003797 0.00762371 -0.0251127 -0.0007027 0.00804899 0.01409793 -0.0015024 -0.0122338 
0.00771066 0.99191682 -0.0229694 0.00140705 -0.0029426 -0.0118320 -0.0212072 0.02215010 
-0.0284385 -0.0185520 0.96940726 -0.0053337 -0.0029327 0.04252036 0.01831768 0.00959352 
-0.0011621 -0.0091357 -0.0094448 0.98267776 0.00848531 0.00826133 0.01874619 -0.0129092 

0.98690725 0.00232121 0.01197504 -0.0027753 -0.0202939 -0.0013694 -0.0167750 0.01320843 
0.00232542 1.00130260 -0.0083277 0.00526375 -0.0196372 -0.0145549 -0.0066539 0.01052722 
0.00752388 -0.0033634 0.97867611 0.01383907 -0.0114780 0.00430466 -0.0015769 -0.0297742 
-0.0025229 -0.0078609 0.00803767 0.98437842 -0.0058559 -0.0075221 -0.0147364 -0.0080916 

1.00724218 -0.0010660 0.00113084 -0.0040961 0.04555749 -0.0154240 -0.0136835 0.02196032 
-0.0009995 1.02103901 -0.0205741 0.01012132 -0.0086232 0.01482730 0.01355257 -0.0019291 
-0.0033086 -0.0169971 0.99215551 -0.0016372 0.01107474 0.02334327 0.01162266 -0.0076747 
-0.0036852 0.00048496 -0.0063530 0.99421888 0.01453627 0.00345288 -0.0048515 -0.0047746 

0.98797067 0.01198396 0.02794633 -0.0042019 -0.0042446 0.01376455 -0.0047902 -0.0293278 
0.01202679 0.98243376 -0.0156179 -0.0062699 -0.0245414 0.00448716 -0.0048813 0.00754411 
0.02323585 -0.0117633 0.97135800 -0.0124844 0.00901344 -0.0035800 0.01792054 0.00007469 
-0.0031959 -0.0171027 -0.0168887 0.99870265 0.01332431 -0.0196920 0.00534588 -0.0036413 

0.97462457 -0.0124714 0.00841142 0.02536080 0.00097832 0.01309229 -0.0157799 -0.0186541 
-0.0124207 0.99854280 0.01050654 0.00954881 0.01358971 -0.0284082 0.02922750 0.01384382 
0.00378367 0.01552740 1.01661697 -0.0113056 0.02089312 -0.0097430 0.00605507 -0.0130130 
0.02568320 -0.0039436 -0.0165050 1.02050179 0.01244916 -0.0147815 -0.0303763 -0.0242733 

0.98855131 0.03170712 0.01592533 0.02757157 -0.0296092 0.01353646 0.01058639 0.01504567 
0.03192801 0.96648475 -0.0221479 0.02996885 0.02041451 0.00588471 0.00191549 0.00817562 
0.01203223 -0.0173398 0.96558006 -0.0091821 -0.0033172 0.00273824 0.01104541 -0.0025361 
0.02683918 0.01783465 -0.0140873 0.97884314 -0.0095102 0.00918360 -0.0016704 0.02403035 

1.01525397 0.00164913 0.00975422 0.00344630 -0.0228927 -0.0176426 -0.0173864 0.00927707 
0.00169450 1.01637032 -0.0104243 0.01927201 0.01231808 -0.0089888 0.02557025 0.00412301 
0.00575628 -0.0060349 0.98737052 -0.0012527 0.02074936 0.00267224 0.00196603 0.01233076 
0.00303854 0.00817497 -0.0055813 0.92622305 0.02357387 -0.0223553 -0.0010035 0.01194232 

0.99872503 -0.0107457 0.02072505 -0.0018399 -0.0181069 0.01164824 -0.0290739 -0.0075728 
-0.0107586 0.98048023 -0.0038331 -0.0055464 -0.0207432 -0.0030305 0.00727924 0.00005642 
0.01655293 0.00066802 0.96554421 0.00297123 -0.0151386 -0.0133457 0.00496559 -0.0130074 
-0.0019179 -0.0173036 -0.0009280 1.00087302 -0.0005373 0.00519883 0.02451563 0.00420001 

0.95441740 -0.0261661 0.01041440 -0.0063897 -0.0088294 0.02381751 0.00498097 -0.0007907 
-0.0261455 0.99631787 -0.0140595 -0.0189341 0.00923587 -0.0132507 0.00797899 -0.0016210 
0.00583304 -0.0098787 1.00720215 0.00101615 0.01328515 -0.0051833 -0.0113752 -0.0169443 
-0.0057671 -0.0302425 -0.0036481 1.00139369 -0.0047289 0.00807471 -0.0155803 -0.0073525 

0.99183820 0.01469683 0.00904092 0.00363396 0.00355743 -0.0192176 0.01851466 -0.0066909 
0.01475638 0.99813513 -0.0128697 -0.0024707 0.01105093 -0.0081830 0.01634063 0.01153079 
0.00471480 -0.0081953 0.97846002 -0.0048067 -0.0195824 0.00231496 0.03395363 0.00845417 
0.00371387 -0.0149397 -0.0100165 0.98282936 -0.0099266 0.01189270 0.00369964 0.04161207 

1.01572284 -0.0046496 -0.0003896 0.01319980 0.00757681 0.00527496 -0.0042719 0.00044543 
-0.0045191 0.98392023 -0.0181269 -0.0095782 -0.0121542 0.02541575 0.00755088 -0.0168655 
-0.0044804 -0.0135373 1.02320547 0.01022235 -0.0171032 -0.0040318 -0.0170249 -0.0022164 
0.01255717 -0.0211131 0.00531838 0.96501826 0.00381168 0.01150375 -0.0114762 -0.0046608 

0.98614841 -0.0076369 0.01577450 -0.0086717 -0.0124097 -0.0079965 0.00018516 -0.0081983 
-0.0076773 1.02488270 -0.0053707 -0.0095956 0.00469014 -0.0157053 -0.0129748 -0.0001168 
0.01132757 -0.0002308 0.94520289 0.01431230 0.00651364 0.00915197 -0.0118008 -0.0126329 
-0.0082976 -0.0229261 0.00903680 0.97823268 -0.0107429 -0.0004990 -0.0087824 -0.0078138 

1.00596832 0.01577737 0.01291498 0.00092602 -0.0306851 0.00293616 0.00337738 -0.0079262 
0.01567204 1.00561394 0.01673124 -0.0110632 0.01389587 0.00744561 0.02489717 -0.0175228 
0.00884310 0.02172669 0.96845684 0.00109911 -0.0135363 0.00657675 -0.0167885 -0.0215083 
0.00066044 -0.0241150 -0.0034977 0.97855039 -0.0210033 -0.0286954 0.02488073 0.00701519 

1.00871391 -0.0191829 -0.0021468 -0.0222610 -0.0113436 -0.0113685 0.00983708 0.01320558 
-0.0192866 1.04733285 -0.0055186 0.00047981 0.01107905 -0.0203902 -0.0073150 -0.0284429 
-0.0067213 -0.0007548 1.00413520 0.00439727 -0.0154274 -0.0099806 0.00428117 0.00466523 
-0.0215076 -0.0122795 -0.0008233 0.99799397 -0.0112970 0.00618265 -0.0202652 0.01912132 

1.04571073 0.00131941 0.03587046 0.02006578 -0.0066027 0.02053169 0.02069609 0.00028933 
0.00147074 0.98625110 -0.0165353 0.01504395 0.00991413 0.01178404 0.00584364 -0.0237900 
0.03166152 -0.0113365 0.99721064 -0.0002512 -0.0241970 0.02138267 0.00550397 0.00279456 
0.01893081 0.00176827 -0.0058297 0.98236154 0.00776067 -0.0031152 0.00054257 -0.0125202 

0.99804638 0.00011303 0.02034536 0.00141211 -0.0215941 0.00486393 -0.0189857 -0.0094159 
0.00005231 1.00648808 0.00847682 -0.0208098 -0.0071505 0.00798003 0.00067425 0.00099344 
0.01607253 0.01307743 1.02415075 0.02493286 0.00283248 0.00733659 0.00829915 -0.0269489 
0.00093355 -0.0333589 0.01951275 0.99617434 0.01685384 0.00820491 -0.0281109 -0.0024824 

0.99325004 0.02145227 0.00890586 0.00340310 -0.0071386 -0.0058372 -0.0284871 0.00687030 
0.02149249 1.00957771 -0.0097589 -0.0056824 -0.0074256 0.02269886 -0.0054194 -0.0265304 
0.00424382 -0.0042154 1.01301639 -0.0253799 -0.0027093 0.03334696 -0.0080031 -0.0153120 
0.00382792 -0.0192949 -0.0302726 0.99668756 -0.0165988 -0.0102969 -0.0007706 0.02255128 

0.99284228 -0.0101126 0.00759757 -0.0041653 0.01505074 -0.0079431 0.00475907 0.01531138 
-0.0100934 0.99768895 -0.0123491 0.00594299 -0.0009117 -0.0222511 0.01114349 0.02071619 
0.00287496 -0.0072422 0.99063218 -0.0069435 -0.0057370 0.00652869 0.05142005 0.00011219 
-0.0034007 -0.0075784 -0.0113905 0.99193571 0.00241607 -0.0108352 -0.0102430 0.02508465 

0.98542713 -0.0106033 0.01432537 0.04363354 -0.0198759 0.00426878 0.00733497 -0.0128930 
-0.0104867 0.97342593 0.01507838 -0.0073533 -0.0059613 -0.0045585 0.02666396 0.01544556 
0.01008568 0.01974311 1.00603032 -0.0006026 -0.0060223 0.00504837 0.01257010 -0.0067882 
0.04305370 -0.0198430 -0.0065681 1.00175162 -0.0132565 -0.0176645 -0.0080229 0.00292183 

0.98360564 -0.0114874 0.00804021 -0.0167976 -0.0267544 -0.0043268 -0.0222910 0.01023328 
-0.0116931 1.02141344 0.01992414 0.02729719 0.00439883 -0.0149304 0.01193574 0.02104286 
0.00305382 0.02534338 0.97080100 0.00409819 0.02295632 0.01181934 0.00083829 -0.0010336 
-0.0157972 0.01270408 -0.0015020 0.93463635 -0.0126643 -0.0098420 -0.0023325 0.00374271 

1.00916009 -0.0163084 0.00651193 0.00299962 -0.0011686 -0.0098936 -0.0129604 -0.0098857 
-0.0162605 1.03196760 -0.0120468 0.00274437 -0.0050641 -0.0051953 0.00336543 -0.0105347 
0.00201272 -0.0064367 0.98932959 -0.0125679 0.02763268 0.02697837 -0.0074742 0.00099378 
0.00314444 -0.0117626 -0.0168660 1.00289271 0.02171289 -0.0000001 -0.0059156 -0.0073375 

1.04424611 0.00295718 -0.0010091 -0.0012312 -0.0056650 -0.0103519 0.01475558 -0.0137135 
0.00283365 1.00889770 0.01815904 0.01395593 -0.0019237 -0.0017295 -0.0026008 -0.0025065 
-0.0059236 0.02375198 0.97569843 -0.0073895 -0.0207526 -0.0247106 0.03619045 -0.0165480 
-0.0009544 -0.0011022 -0.0125535 0.98922789 0.00458657 -0.0054671 -0.0044831 0.02527692 

1.00186004 -0.0044533 0.01347051 0.01053765 -0.0052724 -0.0236647 -0.0087154 -0.0099038 
-0.0044382 0.96665091 0.00338330 -0.0158036 -0.0051469 0.00521134 0.01723454 0.00624163 
0.00886583 0.00748590 1.02313643 0.02301992 0.00402564 0.02817776 -0.0090719 -0.0197908 
0.01052389 -0.0274073 0.01672292 0.98747832 -0.0126664 -0.0031623 -0.0062267 -0.0020281 

0.97448638 0.02246117 0.01874083 -0.0048910 -0.0127177 -0.0033146 -0.0076136 0.00399004 
0.02248419 0.97978780 -0.0139739 0.00787968 -0.0017773 -0.0016456 0.01231304 -0.0045115 
0.01414271 -0.0092002 0.96769896 -0.0003447 -0.0006899 0.00360994 0.01008492 -0.0002827 
-0.0045961 -0.0050146 -0.0061417 0.98285709 -0.0055533 0.00700943 -0.0100733 0.01758528 

1.00825007 0.01860779 -0.0053966 0.00545532 -0.0111762 0.00496727 -0.0023196 0.00950902 
0.01860778 0.98204482 0.00084087 0.02652975 0.00053691 0.00401183 0.00818991 -0.0044197 
-0.0096374 0.00540797 0.97386935 0.00479666 -0.0001546 -0.0269482 -0.0024592 -0.0022899 
0.00540583 0.01408304 -0.0009921 0.99639294 -0.0108435 -0.0303283 -0.0046232 0.01116691 

0.96775702 -0.0052200 -0.0031579 -0.0081408 -0.0041543 0.01309134 -0.0059082 0.02911579 
-0.0052334 1.01048839 -0.0102030 -0.0059357 0.00433473 -0.0175511 -0.0129334 -0.0028323 
-0.0078698 -0.0050363 0.99063665 0.02336004 -0.0187024 0.01595688 0.01333788 -0.0093717 
-0.0077199 -0.0198465 0.01810350 0.95883327 0.03174054 -0.0088471 0.00074300 -0.0067964 

1.01153532 -0.0217154 0.00123151 -0.0030214 -0.0218432 -0.0126673 -0.0034075 -0.0009331 
-0.0217183 1.00163837 -0.0067347 -0.0157074 0.01375284 -0.0164091 -0.0183614 0.01596933 
-0.0039235 -0.0019187 0.99820530 0.00907128 -0.0362215 0.01057105 -0.0041527 0.00261771 
-0.0024858 -0.0293881 0.00342119 0.98629483 0.00921978 -0.0187047 -0.0178735 0.00630454 

0.95957722 0.00476583 -0.0060012 0.02505215 -0.0156932 0.01007628 0.01263990 0.01216802 
0.00490499 0.99050235 -0.0068665 -0.0212173 -0.0054109 -0.0033984 -0.0096667 0.00992190 
-0.0104069 -0.0028460 0.97845531 0.01003793 0.00086237 -0.0035345 -0.0003227 -0.0113715 
0.02498456 -0.0327829 0.00451177 1.00322928 -0.0124572 -0.0193518 -0.0140390 -0.0086525 

0.97522638 -0.0147477 0.00119976 0.00079217 0.01285569 0.00177598 0.01391533 0.02558423 
-0.0147024 0.98389089 -0.0133516 -0.0067952 -0.0250900 -0.0054370 0.02435063 0.00863039 
-0.0033951 -0.0081734 0.96958402 0.01536204 -0.0168926 0.01490117 -0.0193305 0.00397820 
0.00090255 -0.0206756 0.01013424 0.96816541 0.02564323 -0.0226445 0.03062283 -0.0073839 

1.03808294 -0.0134755 0.01679360 -0.0065111 -0.0073257 0.00177139 0.04590868 0.00152074 
-0.0136394 0.98665306 0.02220630 -0.0012870 0.00993089 0.01350107 0.01297884 -0.0039215 
0.01230648 0.02667200 0.99380134 0.00939714 -0.0191749 0.01532681 0.00502080 -0.0073667 
-0.0061149 -0.0133404 0.00277805 0.97013640 -0.0151040 -0.0153969 -0.0057087 -0.0016091 

1.03124834 0.00732656 -0.0206267 -0.0258223 0.00942584 0.01726948 0.01957111 -0.0010583 
0.00717295 0.99256065 0.00090972 -0.0067859 0.00805921 0.00217783 -0.0197107 -0.0039488 
-0.0256263 0.00549934 1.01785427 0.00265765 0.00700534 0.01335867 0.00357664 -0.0145861 
-0.0252211 -0.0196651 -0.0024921 0.97532984 0.00431722 -0.0090521 0.00577734 -0.0057921 

0.99947107 -0.0199736 -0.0015915 0.00253486 -0.0143619 0.02678921 -0.0084620 -0.0227878 
-0.0200247 1.01682917 0.00871641 -0.0192635 0.02431721 -0.0096555 0.01943018 -0.0232062 
-0.0063554 0.01306773 0.98446895 0.02103994 -0.0127582 0.01669462 0.00234540 0.02265017 
0.00284081 -0.0318576 0.01443088 0.96489705 0.00881425 0.00595395 0.01536566 -0.0069963 

0.98042097 -0.0131017 0.02608650 0.02320722 -0.0181119 -0.0047685 0.00733277 -0.0070071 
-0.0130255 0.99916907 0.00328774 0.00787986 0.00057078 -0.0117931 0.00308766 0.00374831 
0.02116199 0.00803882 1.00391069 0.01527632 -0.0064727 0.02802208 -0.0118260 0.01315737 
0.02328713 -0.0050518 0.00944214 0.96170816 0.01155296 0.00980775 -0.0188307 0.00037035 

0.94608163 -0.0009730 -0.0018404 -0.0058502 -0.0005650 0.01135978 0.00008629 0.00440791 
-0.0009553 0.97110477 -0.0139418 -0.0070511 0.00354312 -0.0079572 -0.0036680 -0.0040149 
-0.0067349 -0.0093833 0.99115211 0.01069306 -0.0253151 0.00925564 -0.0041379 0.01734880 
-0.0058437 -0.0192690 0.00549886 0.95365128 0.00948775 -0.0100259 -0.0003251 -0.0081244 

1.01096517 -0.0159113 0.02865804 -0.0141573 -0.0060125 -0.0182839 -0.0099045 -0.0022561 
-0.0159006 1.01154563 -0.0211328 0.00192814 -0.0034267 -0.0062017 0.01463230 -0.0245516 
0.02345603 -0.0161085 1.03146780 0.00285713 -0.0047526 0.02133681 0.01057636 -0.0102020 
-0.0139741 -0.0115581 -0.0034618 0.99839809 0.00227962 0.00752168 -0.0135105 0.01372008 

0.99699234 0.00187228 -0.0162991 0.01545715 0.01154022 0.01468393 -0.0235081 -0.0045613 
0.00199864 1.02504254 -0.0156684 0.02639795 -0.0134625 0.01335248 0.02146342 0.01760143 
-0.0207147 -0.0102558 0.98770984 0.01534432 -0.0024637 -0.0003488 -0.0101914 -0.0116391 
0.01501529 0.01205189 0.00919090 0.97128334 0.01239185 -0.0054683 0.01680635 0.00337078 

1.00600201 -0.0180322 -0.0192776 -0.0169487 0.00306965 -0.0087970 0.00167112 0.00367681 
-0.0182151 0.97606896 0.01596086 0.02672685 -0.0076632 0.02230758 -0.0184104 -0.0156099 
-0.0242773 0.02057145 0.97890166 0.00980435 0.00974703 -0.0049409 -0.0166860 0.01956571 
-0.0160025 0.01334201 0.00325298 0.97894867 0.00283868 -0.0009071 0.00529651 0.00696776 

1.01999559 0.01348321 0.01677351 -0.0117096 0.00467617 0.00922846 0.01508216 -0.0061598 
0.01337623 0.99954558 0.00581156 0.00441154 0.00912029 0.00327316 -0.0125644 0.00858842 
0.01200273 0.01047436 0.95743319 -0.0178343 0.03226525 0.02393226 0.01337650 -0.0061206 
-0.0109231 -0.0086527 -0.0241247 0.98364448 -0.0015061 0.00896685 -0.0000974 -0.0042628 

0.99533590 -0.0000569 0.01263008 -0.0114665 0.02567808 0.00330308 -0.0319262 0.01444560 
-0.0001204 0.98917890 -0.0028655 0.00822351 0.00060214 -0.0026630 -0.0045210 0.00258500 
0.00790618 0.00158361 0.99184112 0.00981473 -0.0169806 -0.0036753 -0.0209056 0.02396353 
-0.0111173 -0.0039295 0.00425445 0.97858883 0.01376661 0.01482988 -0.0090705 0.01383657 

1.02064925 0.00474658 0.02601170 0.00887758 0.00597299 -0.0101958 -0.0275275 0.00813834 
0.00481945 0.97392150 -0.0100848 0.00611689 -0.0297703 -0.0134236 0.01864992 0.03206592 
0.02120385 -0.0055597 0.98182531 0.00355502 0.00995978 0.01421779 -0.0073972 -0.0188656 
0.00901335 -0.0064751 -0.0031502 0.96274339 -0.0081195 0.00410796 0.02603543 -0.0104166 

0.97195234 0.00230417 -0.0107446 -0.0112735 0.02102934 -0.0074273 -0.0033836 -0.0107147 
0.00216689 1.02417927 0.01217877 -0.0076293 -0.0161847 0.01300400 0.00556930 0.02713860 
-0.0154514 0.01640575 0.99088355 0.02388447 -0.0004655 -0.0069998 0.01704933 -0.0204641 
-0.0110506 -0.0197510 0.01728609 0.96551777 0.00165443 -0.0125850 0.00020213 -0.0184274 

0.99040756 -0.0058753 -0.0017518 0.01007344 -0.0088783 -0.0215675 0.00239583 -0.0087166 
-0.0058448 1.02538814 -0.0007802 0.01412619 0.00303297 0.01452880 0.00081919 0.00570217 
-0.0062957 0.00358650 0.99388190 0.00677269 -0.0292525 0.00507669 -0.0067125 0.00678407 
0.00969739 0.00223408 0.00070641 0.94262100 -0.0095117 -0.0238472 -0.0048216 0.00707921 

1.01646814 -0.0086091 0.00348942 -0.0014758 0.02007181 0.01408754 -0.0126853 -0.0036587 
-0.0085685 1.02732677 -0.0143990 0.00293653 -0.0243081 0.00077701 0.00133534 -0.0040809 
-0.0014756 -0.0095723 1.01640612 0.01723013 0.00504968 0.01623888 0.02450118 0.01161606 
-0.0014598 -0.0102408 0.01166084 0.98573588 -0.0046634 -0.0137077 0.00981072 0.01254607 

1.01672454 -0.0095899 0.01769033 0.01242171 -0.0179894 0.00265281 0.00563381 -0.0265215 
-0.0096268 1.02362468 0.01525972 0.00513630 -0.0209197 -0.0058219 0.00952531 0.00834148 
0.01277971 0.01967029 0.99717250 0.04449784 0.00436637 0.01156081 0.01412623 -0.0001005 
0.01228308 -0.0081001 0.03731255 0.99318428 0.00348217 -0.0250542 0.03138785 0.00802888 

0.99886562 -0.0030736 0.01572373 0.00006362 -0.0082823 0.01603332 -0.0105505 -0.0184033 
-0.0031788 0.99139891 0.01730097 0.01244686 0.01386634 -0.0201649 0.03448252 -0.0037179 
0.01063425 0.02154217 1.01762504 -0.0034424 -0.0081065 -0.0027129 -0.0227177 -0.0035521 
0.00050902 0.00003177 -0.0100238 0.95666365 0.00388206 -0.0383269 0.00144983 -0.0123126 

1.02836600 0.00058111 0.02635414 0.01041348 0.00753783 0.00478007 0.02101039 0.00093091 
0.00041007 0.99522564 0.03997010 0.01101375 0.00855489 0.01737348 -0.0013183 0.00924275 
0.02128000 0.04462465 1.01158580 -0.0026131 0.00305608 -0.0006190 -0.0063414 0.02055708 
0.01041678 -0.0024104 -0.0085675 0.99389099 -0.0306637 -0.0042259 0.01682094 0.00895401 

1.04947337 0.00304439 0.00474173 0.01383169 0.00497829 0.00456418 0.02563371 0.03158358 
0.00311674 0.96647326 -0.0042510 0.01504060 0.04071861 0.01146468 -0.0066812 -0.0008234 
0.00002254 -0.0004748 1.00133246 0.00217116 0.00832611 -0.0193038 0.00138672 0.00592204 
0.01399425 0.00371118 -0.0044441 0.97733307 0.01524501 -0.0194378 0.00414599 0.01873976 

1.00428582 0.01181460 -0.0170156 0.01784166 0.01178443 -0.0038296 0.02666320 -0.0168545 
0.01176773 0.99443365 0.02289069 -0.0085079 0.02402283 0.00198413 0.01287834 0.00402417 
-0.0214477 0.02643619 0.99542264 0.02762365 0.01003331 -0.0012482 0.00915604 0.00079054 
0.01706143 -0.0200922 0.01996713 1.01682288 -0.0211733 0.02328558 -0.0082497 -0.0179361 

0.99938600 0.01928437 -0.0152855 0.00310827 -0.0017880 0.01015957 -0.0040400 -0.0108614 
0.01910850 0.98258868 0.03408897 -0.0001462 0.00020232 -0.0081428 0.00445768 0.02193932 
-0.0200012 0.03811992 1.03298300 -0.0028402 0.00877203 -0.0023238 -0.0111422 0.00384117 
0.00294550 -0.0121111 -0.0096314 0.97669831 0.01230764 -0.0057706 0.01191973 -0.0027610 

1.01175379 -0.0197668 0.00530472 -0.0075431 0.01262967 0.00922658 0.00649320 0.02401156 
-0.0197844 0.98302329 -0.0083172 0.01933332 0.01253720 0.00076473 0.02580119 -0.0147172 
0.00038167 -0.0036337 0.96838927 0.00023114 0.00090688 0.01935482 -0.0085018 -0.0102167 
-0.0071603 0.00634977 -0.0066138 0.96144366 0.02787647 -0.0003556 -0.0118145 -0.0034108 

0.97688572 -0.0027380 -0.0003890 0.00643296 0.03315319 -0.0080122 -0.0019574 -0.0028877 
-0.0026629 0.98126309 -0.0130858 0.01021996 -0.0209195 -0.0067191 -0.0227226 -0.0011521 
-0.0051360 -0.0085342 0.98738749 0.01811343 -0.0046029 0.00383028 0.00277630 -0.0185447 
0.00648445 -0.0029402 0.01070318 1.00058624 -0.0180675 -0.0061838 0.01290303 0.01784010 

0.98113847 0.00715966 0.02047000 0.02403586 -0.0058615 0.00991890 -0.0136919 -0.0009503 
0.00728610 1.00668386 -0.0048250 -0.0286086 0.02182211 -0.0126918 -0.0079966 -0.0045401 
0.01561917 -0.0013250 1.00626885 -0.0032485 0.00689262 -0.0115711 -0.0002998 -0.0048133 
0.02396418 -0.0393243 -0.0094779 1.01367100 -0.0033119 0.00517646 0.00928500 -0.0053986 

0.99196701 -0.0227284 -0.0101465 0.02542886 -0.0023356 -0.0046033 0.00262708 0.02856113 
-0.0227786 0.99579536 0.03142914 0.01479921 0.00782541 0.03522970 0.00955706 -0.0038318 
-0.0152339 0.03573854 1.01880819 -0.0041037 -0.0223888 0.01438434 -0.0027716 -0.0036186 
0.02570406 0.00197890 -0.0115955 0.96921491 0.02277271 0.01836925 0.00560545 0.00097182 

0.99728111 0.02130632 0.01229935 -0.0011332 -0.0244349 0.00924093 0.01976602 -0.0011895 
0.02121455 0.98254327 0.01314436 0.03459297 -0.0130471 0.00776183 -0.0203897 -0.0032591 
0.00758758 0.01707852 1.00535542 0.00618257 0.00800625 0.01591732 0.01741498 0.03949994 
-0.0012757 0.02314554 -0.0009613 0.97896663 0.00117359 0.00508224 -0.0011656 -0.0066763 

0.98302099 -0.0117845 -0.0006049 0.03782148 -0.0044964 0.02002371 -0.0088161 0.02595240 
-0.0114063 1.01632597 -0.0429022 -0.0009121 -0.0296475 0.00591466 0.02090511 0.00791103 
-0.0053230 -0.0384053 1.00610157 -0.0142913 -0.0345371 -0.0031138 0.02729763 -0.0004125 
0.03723666 -0.0135454 -0.0209272 0.97710705 0.00695814 0.00210863 -0.0098340 -0.0139849 

0.98588781 0.00490082 0.00251357 -0.0220618 0.01091418 0.00471756 0.02265471 -0.0022429 
0.00469929 0.97006520 0.01463064 -0.0076351 -0.0185318 0.02190557 -0.0172844 -0.0320580 
-0.0020514 0.01838137 0.97209131 0.01776907 0.00820178 0.00725284 0.00064029 0.00060150 
-0.0219253 -0.0187648 0.01108705 0.98020296 -0.0210446 -0.0123761 0.00740891 0.00432208 

0.99224734 -0.0080348 0.01483339 0.00365098 -0.0104181 0.00588108 0.01433727 0.00107519 
-0.0080434 0.97530486 0.00139433 0.00510160 -0.0136442 -0.0066989 -0.0091418 -0.0196699 
0.00994498 0.00524197 1.02261362 0.03037239 0.00219644 -0.0168642 0.00654875 -0.0011378 
0.00351719 -0.0062944 0.02285582 0.96499031 0.03756253 -0.0231717 0.00404435 0.00715899 

0.97237342 0.00616274 0.01506699 -0.0000560 0.01271994 0.00592678 0.02923973 0.00854835 
0.00624815 1.00963355 -0.0214359 0.02672083 0.00687001 0.02338856 -0.0145964 -0.0187910 
0.01004725 -0.0171078 1.00315487 0.03870984 -0.0347778 0.00484064 -0.0131243 -0.0093393 
-0.0000245 0.01376043 0.03162177 0.96031845 -0.0302537 -0.0015829 0.02982170 -0.0360353 

0.98468997 -0.0169006 -0.0033218 0.00954122 -0.0270662 -0.0181079 -0.0053218 -0.0153673 
-0.0168855 0.99789973 0.00316201 -0.0162014 0.01155837 -0.0070812 0.00065030 -0.0238045 
-0.0078583 0.00636573 0.96728270 0.00578445 0.00798285 -0.0314335 -0.0164064 0.01416506 
0.00939801 -0.0260682 -0.0014387 0.97922504 -0.0126946 0.01200645 0.00453183 -0.0096969 

1.03543886 0.01272638 0.00998898 0.01788979 -0.0300135 -0.0126610 0.01119090 0.01259197 
0.01270925 1.03056997 0.01797544 -0.0181385 0.01739626 -0.0395487 -0.0036292 0.01833859 
0.00527968 0.02120425 0.97139851 0.00475692 -0.0039582 0.02759788 -0.0090687 -0.0039261 
0.01777901 -0.0286445 -0.0023294 0.96174317 -0.0015074 -0.0120788 0.01155169 -0.0018730 

0.99863373 0.01528580 -0.0020983 -0.0121593 0.02465272 -0.0051660 0.00401361 -0.0296529 
0.01521963 1.03230273 -0.0024636 0.01969788 0.00957309 -0.0117629 -0.0171957 0.00671693 
-0.0072403 0.00156668 1.02837362 -0.0088660 0.01487453 -0.0123838 0.00726509 -0.0191206 
-0.0116680 0.00753325 -0.0157566 1.02467784 0.01671890 -0.0129783 0.03076878 0.01467533 

0.99056341 -0.0131125 0.02234146 -0.0000032 0.01295624 -0.0192451 0.01275195 -0.0019858 
-0.0131827 1.03565216 0.01046473 0.01622936 -0.0288132 -0.0003281 0.01013712 -0.0133749 
0.01751576 0.01415802 0.98690348 0.00221483 -0.0098885 -0.0226332 -0.0034246 -0.0089003 
0.00011410 0.00507608 -0.0048395 0.98045712 0.01888319 -0.0253985 0.01016133 -0.0155319 

1.02667147 0.00851431 -0.0156786 0.00154883 0.01049278 -0.0034924 -0.0095743 -0.0025400 
0.00839491 1.01744720 0.02170180 -0.0007933 0.01257461 -0.0120389 -0.0183665 0.00187516 
-0.0197843 0.02503658 0.94439895 0.01103940 -0.0101380 0.00640498 -0.0219089 -0.0059126 
0.00115632 -0.0111671 0.00293801 0.98530735 0.01523196 -0.0017895 -0.0031531 -0.0200948 

0.98354431 0.02321137 0.00425522 -0.0083577 0.00554101 -0.0156628 0.02427541 -0.0163655 
0.02328343 1.01001585 -0.0262683 0.01220571 0.01258944 -0.0038486 -0.0197951 0.00477252 
-0.0004639 -0.0223933 0.96491129 0.01188822 0.03171418 0.00301608 -0.0131383 0.02023696 
-0.0079819 0.00061588 0.00538965 0.97278207 -0.0217663 -0.0039665 0.01583975 -0.0148362 

1.00145450 -0.0143264 -0.0000284 -0.0307424 -0.0057842 -0.0010448 0.00724367 -0.0072047 
-0.0145246 1.01599821 0.00606822 0.01426638 -0.0155162 0.00939036 -0.0147258 0.01045637 
-0.0049499 0.00986623 0.95070998 0.01092939 -0.0036798 0.00330951 0.01158483 0.01619012 
-0.0297742 0.00286216 0.00402526 0.97807690 -0.0005359 -0.0135963 0.00790571 0.00428850 

1.01994203 0.00113432 -0.0089493 0.00268696 -0.0092605 -0.0010747 0.00380898 0.00900913 
0.00107744 1.00062638 0.01120060 -0.0173830 0.04190598 -0.0218226 -0.0095613 0.00538355 
-0.0142789 0.01453602 1.01945451 -0.0201913 -0.0151146 -0.0035651 -0.0413047 0.00501511 
0.00316109 -0.0278709 -0.0266189 0.94885308 0.00327761 -0.0003490 0.00184125 0.01334922 

1.03143051 0.00781932 0.01157496 0.01444302 -0.0228737 -0.0090422 -0.0065968 -0.0277408 
0.00793185 0.99012379 -0.0113374 0.00718518 0.00789810 0.02684010 0.00468577 -0.0021037 
0.00658325 -0.0080242 0.98684117 0.01252400 -0.0150906 -0.0070229 -0.0050219 -0.0212874 
0.01448119 -0.0035195 0.00614594 0.97048044 0.00588772 -0.0161216 0.00103612 0.01912619 

1.01395338 -0.0214395 -0.0220851 0.00793154 -0.0143100 -0.0343061 0.01465488 -0.0090003 
-0.0214716 1.01574351 0.01012125 0.04017904 -0.0063171 -0.0022408 -0.0031790 -0.0027438 
-0.0269169 0.01389435 1.03037684 -0.0023944 -0.0326473 0.00042440 -0.0206225 0.01728764 
0.00747856 0.02855194 -0.0092813 0.98181973 0.01630793 -0.0186336 0.00733943 0.01369278 

1.01636171 0.02171980 0.00942096 -0.0081629 -0.0178560 0.01955958 0.01022369 -0.0077789 
0.02179055 1.00406748 -0.0259740 -0.0092440 0.02092332 0.04177606 0.00236992 -0.0080314 
0.00502708 -0.0225650 0.96053269 0.00344704 -0.0374814 -0.0252241 0.00000652 -0.0328526 
-0.0084152 -0.0189388 -0.0030436 0.94656231 0.01892762 -0.0090142 -0.0032372 -0.0006807 

0.99252583 -0.0105018 0.01091918 0.01294404 0.01884705 0.01262824 0.01463415 0.01824658 
-0.0104875 1.02133258 0.00685151 -0.0170267 0.00573178 -0.0070801 -0.0085923 0.00698041 
0.00616498 0.00990001 1.01040282 0.00413310 -0.0056363 -0.0015042 -0.0006315 -0.0097860 
0.01275062 -0.0269599 -0.0026379 0.95681586 0.01098468 -0.0174833 0.01369335 -0.0086955 

1.01375459 -0.0035936 -0.0156912 -0.0287373 0.00665627 0.03162986 0.01109426 0.00123643 
-0.0038296 0.97983795 0.01536567 0.03834783 -0.0057777 -0.0050086 0.01042994 -0.0019156 
-0.0207622 0.01901868 0.99624110 -0.0131039 -0.0107146 -0.0044534 -0.0137049 -0.0318019 
-0.0281903 0.02708319 -0.0206358 0.97678280 -0.0027344 0.03305626 -0.0378165 -0.0007648 

1.01039791 -0.0220850 0.02022491 -0.0027956 0.02482050 -0.0264366 -0.0211174 -0.0059426 
-0.0220687 0.97834194 -0.0091467 0.00709295 -0.0150749 0.02616558 0.01092326 -0.0142831 
0.01525763 -0.0056181 0.97473946 -0.0028072 0.01181009 -0.0205868 -0.0059516 0.01677939 
-0.0023524 -0.0037748 -0.0099651 0.97781295 0.01642334 -0.0034477 -0.0033189 0.00438228 

1.00492999 0.00960201 0.00469186 -0.0053681 -0.0103466 0.02112834 0.02876508 -0.0032065 
0.00954793 0.97933580 0.00274528 -0.0159705 0.00962436 0.01419530 -0.0164028 -0.0241811 
-0.0000442 0.00559076 0.98957585 -0.0022174 0.00998543 0.03588287 -0.0146493 -0.0023048 
-0.0052260 -0.0257071 -0.0094440 0.95269724 -0.0224296 0.00684111 -0.0179575 0.01717411 

0.97755347 -0.0112559 -0.0133921 0.00069016 0.01437808 -0.0206716 0.00024047 -0.0018928 
-0.0112627 1.03957793 -0.0002068 -0.0076516 0.03149396 0.03403229 -0.0043235 0.00800340 
-0.0184195 0.00252209 0.99842896 0.02081598 -0.0036890 0.01729418 -0.0354650 -0.0087826 
0.00115622 -0.0170707 0.01330109 0.97679381 0.02263161 -0.0153210 0.00962017 0.01633214 

1.01099985 -0.0144723 -0.0057349 0.00605821 0.01806921 0.01174982 0.02982966 0.00633460 
-0.0144093 0.99060627 -0.0102528 0.01466207 0.00537801 -0.0069691 0.03290930 0.01560709 
-0.0107907 -0.0065927 1.02293418 -0.0030386 -0.0013488 -0.0035341 -0.0161000 0.01986728 
0.00600453 0.00341392 -0.0102393 1.00440759 0.01012938 -0.0413741 0.00587439 -0.0058305 

1.01784298 0.01127918 -0.0174399 0.01005915 0.00904026 -0.0129738 -0.0138817 0.00451707 
0.01139486 1.01783009 -0.0173682 -0.0029746 0.03108253 0.00946069 0.01381147 0.00556341 
-0.0219764 -0.0140319 1.01287702 0.00859027 -0.0111166 -0.0259319 -0.0140369 0.00197038 
0.00910333 -0.0132097 0.00077370 0.97850025 -0.0143047 0.00763298 -0.0061813 0.01295258 

1.00192459 -0.0171237 0.01372187 -0.0298270 0.00441344 0.02030406 0.00861777 0.01922468 
-0.0173001 0.99506312 0.00312780 -0.0029199 0.00626636 -0.0091197 -0.0009515 0.00202796 
0.00854177 0.00628685 1.00026752 -0.0103634 -0.0068424 0.01743026 -0.0046777 -0.0217588 
-0.0289879 -0.0137736 -0.0178686 0.97661753 -0.0184211 0.00494565 0.00166363 -0.0171114 

1.02510851 -0.0378667 0.01171512 -0.0312830 -0.0109776 -0.0095252 -0.0044938 0.01820423 
-0.0380225 1.01597055 -0.0024768 0.01498926 0.02490656 -0.0203527 0.01921449 0.02203636 
0.00617022 0.00079436 1.01219793 0.00818295 0.00447231 0.01523323 0.00119729 0.00748076 
-0.0303701 0.00425360 -0.0002723 0.98359758 -0.0169329 0.02492994 0.00895567 0.01766554 

1.00700685 -0.0081671 0.00630477 0.03259678 0.00629018 -0.0103814 -0.0189451 -0.0199680 
-0.0079932 0.98858292 -0.0064623 0.03022436 -0.0092835 0.00637294 0.03119564 -0.0020298 
0.00143544 -0.0030759 1.01449688 0.01656022 0.00952698 -0.0061101 -0.0011024 0.03088832 
0.03171266 0.01916962 0.00914161 0.97038467 -0.0010715 0.00019409 -0.0127821 0.00412453 

0.97458696 0.01525900 0.01824167 -0.0037329 0.00647721 -0.0037197 -0.0125553 0.01273029 
0.01516597 1.01930726 0.01166137 0.01595916 -0.0171210 -0.0034759 -0.0199713 0.01696538 
0.01346124 0.01471123 0.97862206 0.01418623 -0.0026395 -0.0175631 -0.0140293 -0.0072194 
-0.0038960 0.00570011 0.00665277 0.97528812 0.02040764 -0.0091944 -0.0160252 -0.0180745 

1.04903137 -0.0200052 0.00367736 0.01405822 0.00043587 0.00347292 -0.0075025 -0.0010305 
-0.0198700 1.01057526 -0.0159389 -0.0184549 0.00041075 0.01574397 0.00845174 -0.0120954 
-0.0013743 -0.0130088 1.01636786 0.01327765 -0.0258543 0.00555143 -0.0069023 0.01073353 
0.01403611 -0.0282542 0.00645508 1.00669225 -0.0153289 0.01282750 -0.0112190 0.00353360 

1.00777874 0.00805230 -0.0111179 0.00349467 0.00328934 0.00516368 -0.0217317 -0.0247666 
0.00796281 0.98915638 0.01878253 0.00977177 0.01396111 -0.0252128 -0.0105374 -0.0217172 
-0.0156405 0.02105104 0.99549752 0.01534428 -0.0144703 -0.0187062 -0.0270854 -0.0114789 
0.00315184 0.00128267 0.00664402 0.96617392 0.00318812 -0.0070319 -0.0113259 -0.0248312 

1.00369999 -0.0144356 0.02276538 0.02502287 0.02976250 0.00999868 -0.0057926 -0.0189813 
-0.0143526 1.02783588 0.00404252 0.01118649 0.00874291 -0.0113624 0.00021319 -0.0104318 
0.01797378 0.00743978 1.00820992 0.00981115 -0.0165538 0.01691794 -0.0155630 0.00001513 
0.02403734 0.00018508 0.00153572 0.95318796 0.00754278 0.00042759 0.01603375 -0.0075386 

0.95516281 0.01631645 0.00181094 -0.0002653 -0.0183328 0.01177280 0.01470225 0.02536707 
0.01641663 0.99749158 -0.0232783 -0.0020372 -0.0096663 -0.0011722 -0.0097094 0.00227645 
-0.0027106 -0.0206181 0.96307131 0.02562077 0.02930925 -0.0147753 -0.0165594 -0.0213444 
-0.0005809 -0.0113327 0.01729733 0.98155896 -0.0164487 0.00018261 -0.0212380 -0.0336346 

1.01576707 -0.0063663 0.00934372 -0.0141834 0.00971535 -0.0113869 0.00767793 -0.0056704 
-0.0064580 1.00356858 0.00210393 -0.0108280 -0.0068621 0.01346648 0.00155285 0.00276561 
0.00422491 0.00473655 0.97909458 0.02656772 -0.0088435 -0.0080320 0.00736767 0.00951264 
-0.0136086 -0.0205808 0.01807194 0.98272207 0.01766117 -0.0135581 -0.0030954 -0.0181570 

1.00061357 0.00056286 0.01662990 0.01745003 -0.0076524 0.01654797 0.01333239 -0.0234315 
0.00069039 1.01430241 -0.0119851 -0.0028821 -0.0005377 -0.0205601 -0.0179769 0.00990743 
0.01166037 -0.0086724 1.01685639 0.00973047 0.00028004 0.03667720 0.00058959 0.00776230 
0.01683423 -0.0137453 0.00231223 0.98411485 -0.0241986 -0.0139939 0.00112722 -0.0038414 

1.01166116 0.00699483 0.03243635 -0.0048512 -0.0221606 0.02671466 0.02181685 0.00657967 
0.00696599 0.98832181 -0.0015082 -0.0326296 0.00623856 0.00405348 -0.0131146 -0.0090512 
0.02722615 0.00139577 0.99586908 -0.0054178 0.00420347 0.00845738 0.00282813 0.01155342 
-0.0043709 -0.0427900 -0.0125906 0.98927000 -0.0196092 -0.0053845 0.02303430 0.02370138 

0.99717972 -0.0026420 0.02128383 -0.0004297 -0.0000692 0.00388619 -0.0189251 -0.0154967 
-0.0026020 0.97517487 -0.0109264 -0.0008307 -0.0018845 -0.0164970 0.00198715 0.01771816 
0.01626409 -0.0083913 1.00335099 0.01731991 -0.0107577 -0.0180924 0.00281379 0.00470105 
-0.0003898 -0.0099546 0.00969193 0.97662517 0.00905618 0.00808572 0.00598354 0.01303446 

0.98533671 -0.0022263 -0.0270774 0.01022757 -0.0127805 -0.0021625 -0.0005049 0.01791895 
-0.0020759 1.02540621 -0.0232546 0.01622170 -0.0088518 -0.0077277 0.01281230 0.03042687 
-0.0317356 -0.0201373 0.97601750 -0.0115205 -0.0125028 0.02010227 -0.0047551 -0.0113764 
0.00992785 0.00590945 -0.0195178 0.99004861 -0.0205899 0.01189724 0.03304232 -0.0000769 

0.99673216 0.02599256 -0.0131192 -0.0225762 -0.0092001 -0.0121978 0.01183504 -0.0086777 
0.02593374 1.03553601 -0.0136923 0.01603965 0.01734105 0.02722752 -0.0150917 -0.0216095 
-0.0182407 -0.0104439 1.02479690 0.02355936 -0.0285846 0.01125448 -0.0052026 0.01787721 
-0.0222082 0.00534952 0.01531078 0.97512364 0.00675941 -0.0147527 0.01639417 -0.0045221 

1.01027044 -0.0160378 -0.0054179 0.00199675 0.01232596 -0.0163925 -0.0069263 -0.0291553 
-0.0160027 1.00179929 -0.0080231 0.01363225 0.00216119 -0.0150581 0.01417543 0.01391742 
-0.0106000 -0.0050064 1.00507533 0.00107649 0.00810898 -0.0184939 -0.0178870 0.01884830 
0.00201673 0.00361067 -0.0062640 0.97171458 0.00828145 0.00006006 0.01581427 0.02836163 

0.99027237 0.00733527 0.03566335 0.01490190 0.01682834 -0.0072421 0.00966069 -0.0241114 
0.00732572 0.96519759 0.01352020 0.02293048 0.00579406 -0.0161917 -0.0207294 0.01161305 
0.03072292 0.01616800 1.01581386 0.01491787 0.01383384 0.01431039 -0.0060227 0.00351847 
0.01425823 0.01297183 0.00727835 0.99194529 -0.0015382 -0.0203726 0.00741148 0.00135649 

0.95246644 -0.0309034 0.00188719 -0.0183996 0.00924552 0.00463104 0.00657884 0.00420281 
-0.0310999 1.01673475 0.01946300 -0.0041121 -0.0133782 -0.0126572 0.00922825 -0.0080117 
-0.0033539 0.02152443 0.99695985 -0.0029594 0.00428250 0.00531924 0.00678028 -0.0045552 
-0.0177780 -0.0123071 -0.0107838 0.96541526 0.01970106 -0.0248867 0.02378608 -0.0071188 

1.00822876 -0.0002097 -0.0159660 -0.0131683 -0.0152051 -0.0091759 0.00471801 -0.0022912 
-0.0002091 1.01308744 -0.0152263 0.00302070 -0.0148797 0.01591948 0.00306524 0.00911104 
-0.0211560 -0.0127693 1.01123368 0.00343908 0.00501684 -0.0074145 -0.0127759 -0.0053331 
-0.0126521 -0.0061638 -0.0042698 0.95963096 0.00847324 -0.0049828 -0.0042124 -0.0125201 

0.98593125 0.01212163 -0.0032739 -0.0265273 -0.0276255 -0.0134931 -0.0322383 0.00482769 
0.01197805 0.97523161 0.00080767 -0.0120424 -0.0049056 -0.0111668 0.00617942 -0.0126721 
-0.0081182 0.00246852 0.96110711 0.00557167 -0.0119630 0.01540909 0.01353035 0.00752485 
-0.0262464 -0.0191747 -0.0020954 0.97196900 0.01867116 0.01192451 0.01636028 0.01485068 

1.02546851 -0.0158626 0.00410395 0.00864112 -0.0073179 -0.0344528 -0.0032980 -0.0108484 
-0.0159926 0.97903629 0.03195003 0.03023807 -0.0011316 0.00031562 0.00500930 0.01258383 
-0.0012078 0.03490971 1.02420277 0.00602598 -0.0234036 -0.0143097 0.00687457 0.01528934 
0.00891141 0.01935858 -0.0028599 1.00102148 0.00078701 0.00386211 0.02721130 -0.0080655 

1.03162486 -0.0057093 0.00374093 -0.0155358 0.01013281 0.00152135 -0.0200379 -0.0010871 
-0.0057955 0.98391735 -0.0001835 0.01754190 -0.0031069 -0.0167270 0.02661877 0.01663228 
-0.0013064 0.00185559 0.99688823 0.00844606 0.01634339 -0.0071734 0.01657816 -0.0059590 
-0.0153808 0.00970980 0.00150704 0.99237866 0.00652384 -0.0375515 0.00081528 0.00159091 

0.98995097 -0.0036859 -0.0076917 -0.0085388 -0.0317196 0.01049649 0.00610840 0.01002909 
-0.0037635 0.99826621 0.00556411 0.00609366 0.00700606 -0.0010223 -0.0001688 0.00052940 
-0.0127516 0.00736658 0.98458627 0.02015607 -0.0040241 -0.0048893 0.00949191 0.00412684 
-0.0081625 -0.0018380 0.01117539 0.98157946 -0.0190892 0.01027862 0.00542477 0.01994568 

1.00331828 -0.0010464 0.00015344 0.00147111 -0.0019102 0.02179687 0.01454342 -0.0065149 
-0.0010703 0.98755535 0.00325349 0.02935758 0.02668320 -0.0001245 0.00442190 -0.0117242 
-0.0045986 0.00572305 0.98715599 0.02270605 -0.0176423 -0.0024932 -0.0064949 -0.0113484 
0.00095693 0.02019087 0.01510638 0.97217176 0.02083608 -0.0227646 0.01981406 0.00647119 

1.03707306 0.02419409 0.00714871 -0.0033277 0.00991219 0.02563003 0.00031045 -0.0308774 
0.02423027 1.01837721 -0.0130591 -0.0099815 0.00918462 -0.0064981 0.00739290 0.00177621 
0.00192907 -0.0105673 1.02500936 0.00258000 -0.0061887 0.00143479 0.01941678 -0.0213932 
-0.0033301 -0.0186763 -0.0051747 0.97642621 -0.0065804 -0.0145968 -0.0222267 0.02035546 

1.00835415 0.02195882 0.01043456 0.00335863 -0.0056098 -0.0065614 -0.0163523 -0.0175727 
0.02192997 0.98610350 0.00652811 0.00568910 -0.0005070 -0.0314631 -0.0054849 -0.0160806 
0.00577045 0.00869017 0.97573567 0.01476552 0.00279088 0.00088094 0.01758842 0.00370898 
0.00292102 -0.0027813 0.00676752 0.99489300 0.02066633 -0.0165880 0.00171346 0.00220773 

0.99013211 -0.0009225 -0.0070271 -0.0023256 0.00034718 -0.0151460 0.01505869 -0.0115704 
-0.0010371 1.03098021 0.01849816 -0.0005770 -0.0061895 0.00327122 -0.0083569 0.00325889 
-0.0125680 0.02110077 1.05288351 -0.0014134 0.00633595 0.01355400 -0.0085582 -0.0282900 
-0.0018139 -0.0097116 -0.0084504 0.91350290 -0.0101948 -0.0006798 0.00576690 0.00725392 

1.04116763 0.00503356 0.01455761 -0.0150251 0.00649383 -0.0051619 0.03117852 -0.0094506 
0.00504262 0.98055933 -0.0198349 0.00149430 -0.0318273 0.00508200 0.00484446 0.00547109 
0.00943106 -0.0170510 1.01311849 -0.0143949 -0.0056855 0.00900606 -0.0096630 -0.0038099 
-0.0152394 -0.0080077 -0.0218234 0.98790268 -0.0210390 -0.0165811 0.01664827 -0.0002122 

1.00990832 0.01163794 0.01826806 -0.0011576 -0.0024894 0.01079298 0.00458031 -0.0331644 
0.01167538 0.99334109 -0.0109797 0.00611329 -0.0120712 0.00219287 0.01446040 0.02271712 
0.01343389 -0.0091277 0.98461372 0.02356880 -0.0098402 0.00577319 -0.0007502 -0.0178453 
-0.0016398 -0.0016786 0.01519259 0.98167196 -0.0030911 0.01177815 -0.0027482 0.00436506 

0.99273393 0.00813519 0.03689293 0.01814942 0.01026527 -0.0038271 0.00211049 0.02100801 
0.00832217 1.00371168 -0.0217864 0.00778618 -0.0014584 -0.0005594 0.02491856 0.01335787 
0.03183046 -0.0194598 0.98590598 0.02624774 -0.0055483 0.02519381 -0.0103407 -0.0258413 
0.01793553 -0.0011680 0.01751485 0.96562203 0.02315585 -0.0223728 -0.0342715 0.00619859 

1.04396194 -0.0025637 0.03742857 0.01234913 -0.0054155 0.00032125 -0.0087087 -0.0144674 
-0.0025690 0.99702418 0.01222715 -0.0208361 -0.0014529 0.00601412 0.01618669 0.00691345 
0.03252950 0.01358318 0.96186224 0.00069447 -0.0014319 -0.0073795 0.00329106 -0.0183612 
0.01250958 -0.0279609 -0.0073198 0.96947869 -0.0061297 0.00143573 0.01225239 0.01397433 

0.98736807 0.00148579 -0.0048156 -0.0314405 -0.0355064 -0.0192438 -0.0016558 -0.0107915 
0.00129953 1.01912328 0.00416566 0.01539003 0.02185083 -0.0082508 0.01004496 -0.0128029 
-0.0100270 0.00638317 0.97814837 0.01780657 0.00685868 -0.0010179 -0.0140292 0.00820276 
-0.0308688 0.00643074 0.00954780 0.98470143 -0.0051617 0.00389884 0.01930874 -0.0017723 

0.99298112 -0.0077371 -0.0020548 0.01167659 0.01116610 0.00956815 0.01168651 0.01945312 
-0.0076782 1.00902628 -0.0007721 -0.0303650 -0.0014924 0.00459448 0.00608985 0.00049772 
-0.0066608 -0.0001820 0.98467791 0.00606005 0.01039570 0.01451423 -0.0072143 -0.0032683 
0.01161019 -0.0353420 -0.0016050 0.98746325 -0.0054735 -0.0077818 0.01384743 -0.0162155 

1.00223170 -0.0284200 0.02260347 0.01181412 -0.0119079 0.00142542 -0.0083691 -0.0008206 
-0.0283581 1.01091138 -0.0022373 -0.0110097 0.01923223 -0.0046112 0.01739408 -0.0225090 
0.01756827 -0.0009203 1.01053185 0.02883765 0.00923721 -0.0166975 0.01613225 0.00728371 
0.01145336 -0.0180714 0.01996212 0.99550417 0.01719476 0.00298595 -0.0278209 -0.0161343 

0.97638573 0.01387053 0.00834618 0.00364698 -0.0004391 0.00547135 0.01604010 -0.0049794 
0.01388368 0.98549636 -0.0002084 -0.0061741 0.01228967 -0.0180189 -0.0092163 0.01750215 
0.00346870 0.00090478 0.99895958 0.03970887 -0.0124868 0.00147208 -0.0121904 -0.0196338 
0.00353294 -0.0124468 0.03043460 0.96195289 0.01129408 0.01856478 -0.0319237 -0.0067366 

0.98969298 0.00274091 0.02208030 0.02135359 -0.0131193 0.02413411 -0.0263116 0.00067717 
0.00274841 0.99250457 0.01786019 -0.0021470 0.02176891 0.01277718 0.00446154 -0.0056286 
0.01739698 0.01892948 1.01335308 -0.0152851 -0.0330357 0.02226530 -0.0303170 0.00766550 
0.02042940 -0.0079740 -0.0231762 0.95268981 0.00362193 0.01449713 -0.0137632 0.00481991 

1.00318283 0.00869393 -0.0183051 -0.0046074 -0.0232839 0.01019344 -0.0098812 0.00490494 
0.00859494 1.00591927 0.01323676 0.00218937 -0.0009027 -0.0158015 0.00494430 -0.0369072 
-0.0232976 0.01509554 1.00957053 0.01526797 -0.0160036 -0.0120023 -0.0005665 -0.0125095 
-0.0047009 -0.0058433 0.00728194 0.96959997 -0.0074483 0.00293000 -0.0020019 0.00716216 

0.95493602 0.01962369 -0.0399656 -0.0095543 0.01234841 0.01791991 -0.0191997 -0.0092271 
0.01952970 0.97845098 0.00790436 -0.0150247 -0.0056576 0.01511907 0.00208039 -0.0150358 
-0.0451079 0.00963736 0.99781834 0.00685744 -0.0046241 -0.0025506 0.00497412 0.00849532 
-0.0091606 -0.0228110 -0.0010613 0.97531803 0.01849430 0.00045518 0.01032256 0.01454385 

0.99174121 -0.0066149 0.01698808 -0.0207720 -0.0028288 0.02944683 -0.0006549 0.01616043 
-0.0067556 1.02016266 0.00543090 0.00366995 0.01466657 -0.0090167 -0.0150367 -0.0042728 
0.01175134 0.00717343 0.99362859 0.04041572 -0.0270077 0.01040886 0.02193653 0.00272578 
-0.0209677 -0.0045996 0.03136376 0.98714965 0.00228101 0.01229985 -0.0347813 -0.0164936 

0.99319305 -0.0041803 0.01057949 -0.0051906 0.00412845 -0.0005452 0.00193332 0.00122569 
-0.0042826 1.00343045 0.01347328 0.01083040 0.00103960 0.00837395 -0.0207725 -0.0237416 
0.00574658 0.01517076 0.96861325 0.02477975 -0.0085530 0.03031835 0.00112678 -0.0175566 
-0.0052885 0.00304718 0.01511766 0.98549053 -0.0009893 -0.0059385 0.01060002 0.00446402 

1.01204968 0.01450527 -0.0249394 0.00131268 0.00944053 -0.0105794 0.00059896 0.01046141 
0.01445179 1.05122405 0.01034997 0.01246180 -0.0095843 -0.0017260 0.02405495 -0.0095614 
-0.0300129 0.01216739 0.97940755 0.01050209 0.01149153 0.00476509 0.00143883 -0.0168857 
0.00147063 0.00442830 0.00230097 0.98824257 0.00302337 0.00422402 0.01413367 -0.0059040 

0.98630166 0.00684581 0.00835800 0.00234411 0.00990534 -0.0176655 0.00540195 0.01139720 
0.00681830 0.99297153 0.00604831 0.01343555 -0.0038803 -0.0286128 0.00252279 0.00388245 
0.00306244 0.00810403 1.00685899 -0.0088807 0.01177833 0.01413437 0.01761759 0.01027395 
0.00260210 0.00499686 -0.0166908 0.99013434 0.00973820 -0.0245059 -0.0210915 0.01448868 

1.04158878 -0.0153854 -0.0003456 -0.0138660 0.00928386 -0.0110525 -0.0008656 0.01826218 
-0.0155012 0.98452782 0.00802677 -0.0084654 -0.0034596 -0.0090249 -0.0136594 0.01622750 
-0.0055460 0.00949570 0.98740580 -0.0127899 0.00493616 0.00456712 0.00299494 -0.0143084 
-0.0136602 -0.0152619 -0.0210071 0.96790935 -0.0043027 -0.0008278 -0.0161708 -0.0024114 

1.04321163 -0.0014018 0.00286494 0.01906808 0.00262292 -0.0067899 0.01174423 -0.0091645 
-0.0012058 1.00904329 -0.0215396 0.02195197 0.00415605 -0.0238743 -0.0261233 -0.0061208 
-0.0020347 -0.0199461 0.96987699 0.01340167 0.01068214 0.01200702 -0.0136503 -0.0298380 
0.01924642 0.01473576 0.00578679 0.95653506 -0.0209549 -0.0043425 0.01405021 -0.0141437 

1.01271785 -0.0002695 -0.0019842 0.00086444 -0.0153365 -0.0157131 0.01720134 -0.0116323 
-0.0003358 1.01178983 0.01307288 -0.0048301 -0.0023803 0.02466753 0.01290211 -0.0066853 
-0.0071347 0.01422037 1.01477330 0.01925563 -0.0070355 0.01019849 -0.0073895 -0.0002907 
0.00095374 -0.0116404 0.01049032 0.96278362 0.02233297 0.00141138 0.00377636 0.00512092 

1.00315548 -0.0112083 0.02246919 -0.0163632 -0.0032748 0.01084020 0.01438085 0.01494401 
-0.0112512 0.99798595 -0.0088501 0.02310937 0.00955089 0.00995078 -0.0108262 -0.0253744 
0.01685527 -0.0068122 0.99438585 -0.0031290 -0.0034561 0.00141940 0.00232518 0.00277157 
-0.0153892 0.01453462 -0.0119203 0.97783622 0.01074310 0.01481252 -0.0027346 -0.0084462 

0.99932123 -0.0014787 0.02085587 -0.0010432 0.01199798 0.01632394 0.00429058 -0.0019478 
-0.0015286 0.97787819 0.00787109 0.00792921 0.00262819 -0.0315707 0.00398353 0.02442541 
0.01569321 0.00907227 1.01206267 0.00710453 -0.0105267 -0.0113607 0.02964489 -0.0258358 
-0.0009068 0.00080123 -0.0017443 1.01694148 -0.0323176 0.00472666 0.02362163 -0.0020132 

1.00758022 -0.0223639 0.01401831 0.01795455 0.01227652 0.00831099 -0.0072357 -0.0008000 
-0.0223296 0.99684571 0.01028103 -0.0045001 -0.0110489 0.01427765 0.01070315 0.01627639 
0.00888461 0.01112424 0.98820839 0.01814013 -0.0098302 0.02840670 -0.0064727 0.02504402 
0.01798250 -0.0109602 0.00943132 1.00071215 0.01749773 -0.0161126 0.00804152 -0.0037155 

1.00454346 -0.0046018 0.01105993 -0.0001239 -0.0095509 -0.0142194 0.01042446 -0.0152475 
-0.0045295 1.00055065 -0.0155930 0.01368329 0.02543240 -0.0069276 0.01016848 -0.0076536 
0.00551471 -0.0142579 1.01898978 0.01987283 -0.0170064 -0.0068633 -0.0005184 0.00507442 
0.00020153 0.00604387 0.01076736 1.02937612 -0.0125350 -0.0048776 0.00385602 0.00754480 

0.98975934 -0.0107238 0.02296935 0.00560886 -0.0095934 -0.0021065 -0.0011143 -0.0081085 
-0.0106572 1.00056215 -0.0083859 -0.0078384 -0.0187411 0.01221311 0.00934711 0.00269219 
0.01784993 -0.0076146 0.99973790 0.00326929 0.00426946 -0.0121781 0.00911441 0.00389638 
0.00571233 -0.0137492 -0.0044685 0.97943438 0.02148753 -0.0073005 0.00086774 0.00870693 

1.00257535 -0.0067043 -0.0231466 -0.0120830 -0.0003276 -0.0085476 0.01422047 0.00655242 
-0.0067865 1.01234220 0.00342427 0.00643834 0.03040317 0.02634123 0.01339555 -0.0078449 
-0.0283659 0.00482566 1.03289350 0.01148264 0.00016463 -0.0048038 -0.0001225 -0.0258888 
-0.0116213 -0.0009502 0.00346873 0.97928872 0.00569682 -0.0168738 -0.0191828 -0.0065492 

1.01055546 -0.0074490 0.01320165 -0.0180411 0.02181290 0.03375191 0.01356109 -0.0234503 
-0.0075584 1.00372427 0.00276077 0.01833023 0.00074299 0.01465728 0.02713066 0.00281017 
0.00822481 0.00421755 0.96405585 0.00220507 -0.0010158 -0.0007997 0.01119327 -0.0152775 
-0.0176500 0.01106698 -0.0058409 0.96976754 -0.0083524 -0.0083183 0.02339158 0.00605276 

0.99146894 0.00350074 0.00024737 0.01286676 0.00469946 0.00308910 0.03738085 -0.0114538 
0.00353682 0.98778694 0.00440161 0.00200022 -0.0073929 0.02092786 -0.0009091 0.00730985 
-0.0048453 0.00526164 1.01115806 0.01448774 -0.0070947 -0.0016070 -0.0148948 0.01305947 
0.01247810 -0.0045196 0.00553573 0.99412459 0.00560996 -0.0014455 0.00188867 0.01432239 

0.99563385 -0.0119479 -0.0149832 0.00126652 -0.0049471 0.00692097 -0.0095610 -0.0099973 
-0.0119287 1.03188592 -0.0043067 0.01570229 -0.0043361 0.00510988 -0.0105757 -0.0083106 
-0.0198858 -0.0031359 1.00276460 0.02171524 0.01234728 0.00009573 0.01646183 -0.0123955 
0.00070649 0.00896961 0.01277830 0.98158047 0.02483357 -0.0069484 -0.0139073 0.01784827 

1.00907169 -0.0064199 0.00839561 0.01241730 -0.0027202 -0.0267309 -0.0070021 0.00807035 
-0.0063849 1.02624825 0.00387409 0.00046037 0.01768521 0.01529870 0.00186003 0.01178731 
0.00343460 0.00533933 0.98195894 -0.0153328 -0.0218271 -0.0119406 0.02490903 -0.0297943 
0.01234826 -0.0065362 -0.0243725 0.97896553 0.02276230 -0.0183505 -0.0142673 0.02322492 

1.02977693 0.00011883 -0.0057533 -0.0139925 0.01386252 -0.0005010 0.00637102 0.00185767 
0.00013020 1.00351927 -0.0181146 0.00592073 -0.0148299 0.00510243 0.00807751 -0.0072492 
-0.0111160 -0.0160285 0.99275798 -0.0081336 -0.0043060 -0.0013871 -0.0120632 -0.0260824 
-0.0137547 -0.0027496 -0.0160809 0.99069919 0.00222896 0.01332862 0.00648034 0.01452635 

0.99969656 -0.0296887 0.01900384 -0.0109821 0.00566147 -0.0186508 -0.0010632 -0.0028048 
-0.0297768 0.95184357 0.00587922 -0.0134812 -0.0230115 0.00672778 -0.0200909 0.02821664 
0.01360146 0.00722011 0.97360814 0.02157765 -0.0117412 0.00912666 -0.0013437 -0.0188007 
-0.0103844 -0.0211268 0.01249530 0.97582482 0.00832157 -0.0021568 0.00997754 0.00222349 

1.00467100 -0.0072790 -0.0028566 0.00101913 -0.0212010 -0.0043773 -0.0193157 0.01411832 
-0.0072852 0.97459324 0.00050173 0.00478974 -0.0165658 -0.0050519 -0.0009008 0.00980568 
-0.0079486 0.00212410 0.97063773 0.01032793 0.02716186 0.00081450 0.00314804 0.00555277 
0.00087560 -0.0029849 0.00187194 0.96222107 -0.0069746 -0.0081973 0.00872580 0.00242254 

sysiderr: 0.4054
ptb_coef: 0.1000