9.45919 -1.47194 1.58536 7.76052 
4.05577 17.0082 -9.86533 2.9779 
5.29886 2.51245 20.1238 3.73191 
6.15805 -6.67925 0.93192 12.1604 

-8.21054 1.07107 -3.88562 2.87277 
-13.6102 5.08425 10.9321 0.839259 
11.007 16.134 -0.0887074 5.69849 
2.27901 5.99046 -10.7726 11.4114 

-5.79363 6.70761 15.2091 -15.1412 
5.4173 -14.0678 11.0734 6.49075 
10.6266 6.40676 11.0322 2.63918 
20.2337 -6.72842 -9.03462 -8.42777 

15.2954 -11.5614 9.15687 -2.64452 
-6.76398 -9.22638 9.79091 -11.6822 
-6.8202 -14.827 -3.59691 10.5863 
7.84147 -1.47808 11.8643 10.6054 

-0.823684 14.855 -2.25318 -1.59688 
5.60995 5.03844 -15.909 5.12782 
3.31737 -16.0921 -1.55049 -0.296939 
7.5921 -3.37104 -9.453 -17.2654 

-0.414202 8.04896 18.4936 9.34823 
6.79788 -14.855 3.26234 -18.6408 
14.6395 5.00332 -12.209 -2.73569 
-6.4983 -3.60647 -0.982574 9.87836 

-7.28591 -1.9682 9.76941 -13.5151 
-4.03703 -3.1393 -12.9807 3.7343 
11.1281 -19.5322 4.64979 5.30346 
-11.6929 -9.32575 0.089799 -4.91061 

-2.87535 -7.97892 -11.816 9.85832 
-13.0465 11.2259 3.05012 12.0309 
11.2641 13.3609 -10.1979 7.70528 
-11.3248 0.778735 -12.9097 -11.8889 

-9.48213 -2.50306 -3.36857 15.4537 
-10.1307 11.9966 13.198 1.17608 
2.26465 13.6431 -18.7682 3.31715 
2.82195 7.07712 1.62542 5.04945 

0.00659992 -15.7222 -1.07292 11.5969 
4.59423 5.90055 18.1363 3.15117 
2.95512 -12.8076 -1.60687 -5.63833 
15.8687 6.18131 -8.59728 0.333589 

1.22256 -11.5655 -5.64318 -9.72305 
-10.3745 -11.0831 -4.24314 8.937 
-5.05144 -1.62531 10.46 -6.02076 
8.08581 -10.9719 6.98414 9.40111 

3.88127 -4.55732 -5.72551 11.5212 
14.4508 3.23414 -2.75668 0.0985264 
1.29057 -12.6762 -6.05798 -10.4744 
-5.00835 5.41262 -18.2846 -0.276466 

-7.4819 9.6344 -4.568 -3.31342 
-9.59468 1.50445 -7.39646 -5.97545 
-7.16647 -11.2322 11.2976 -12.2237 
10.7913 8.76052 7.36325 -10.6016 

-1.95395 1.4235 -10.3453 15.3869 
-16.9552 5.27651 -2.61625 -9.00995 
-17.8617 0.749818 6.4614 10.1381 
-3.36102 -8.67413 16.6522 3.93421 

4.12368 -14.3384 10.8157 7.9852 
8.21119 -0.398562 -5.68146 -0.656811 
1.22461 5.19016 -4.31552 10.9895 
4.93713 14.3504 6.94633 6.35252 

10.2007 -8.82291 -4.91171 11.6079 
-7.10511 -13.8919 -4.6989 -7.09132 
13.4308 -3.39867 1.87881 -10.9518 
4.22519 11.3238 -17.6696 -2.41097 

-12.4466 -2.65746 8.17285 -5.21126 
8.47977 13.5134 4.14396 -12.4569 
-7.73196 5.88309 -13.4521 -4.31777 
-6.11515 12.8287 3.82978 7.68321 

4.58457 -2.38213 -13.1627 8.03064 
-10.5386 0.661184 12.414 5.78082 
-6.88299 -4.70986 -0.190491 -15.8109 
10.0701 -7.79519 9.45408 0.355359 

7.77415 4.48494 -3.25734 9.65281 
0.742196 17.484 -4.05254 -1.86031 
-4.47487 4.40159 9.04192 15.5008 
-16.619 3.20163 -7.26102 4.3555 

8.30174 12.7213 -9.43447 11.5053 
2.89198 12.6348 8.94704 -6.43927 
8.85319 -4.06504 -10.9902 -12.6783 
-3.46171 -1.81796 1.10011 -0.109824 

13.1835 10.2907 -0.957296 7.49369 
11.3257 -9.12482 -2.94174 0.284358 
-3.44896 6.51045 -19.9346 5.06972 
2.46377 5.19707 -5.24551 -16.0072 

-0.588768 3.79101 -7.26956 -14.8649 
4.24091 5.73801 1.09781 -0.440229 
-20.3805 3.70201 -12.2494 3.98932 
8.49983 -13.6637 -9.11671 3.24539 

-15.2036 -1.80889 -3.55145 -9.41402 
11.9226 -1.85759 14.0437 -7.84552 
-10.7849 -6.58195 11.298 10.9192 
3.89258 -14.695 -3.77772 -0.641534 

11.2362 -0.738265 -11.7362 8.53545 
-5.81635 19.0669 -1.09768 10.1706 
14.6232 2.43834 8.37844 2.5523 
-6.1883 -8.71831 8.54546 14.0154 

5.27827 20.1581 -3.12699 2.49355 
8.11806 1.79712 2.06625 -18.0063 
14.9143 -10.6819 10.1461 4.92571 
-8.08414 6.48337 12.3245 9.2861 

-8.1741 -1.40678 7.6272 -16.6354 
13.8508 6.5006 -1.41326 -4.34069 
6.98515 -0.144985 1.19932 -11.1514 
-0.988497 -3.86028 -15.2147 -8.26352 

2.72074 -10.2468 -10.6395 -19.785 
-12.7256 3.78476 -1.21048 -5.69209 
-3.2992 -19.1974 3.23511 9.55955 
-8.08828 8.60599 15.1319 -9.20271 

-14.0384 3.86178 2.84721 1.31455 
0.0300343 6.82624 15.3847 12.7062 
5.57135 10.8875 -8.43739 7.85942 
-9.04405 0.960902 -6.70482 7.41299 

1.28052 2.00588 10.2682 -10.379 
6.50477 4.74175 17.4968 11.5778 
-8.76775 -16.4146 4.98663 -1.56359 
16.3421 -11.8654 -4.12067 -8.15543 

13.6771 -1.83538 -0.784844 -2.13622 
-9.27023 -9.32498 1.0981 -2.87715 
-1.19234 -0.722208 20.4704 -6.46861 
4.39773 -10.3348 0.689184 12.3728 

2.10404 -1.45089 -14.3365 -10.0727 
3.73553 -12.179 -4.40642 11.5218 
12.4545 12.2792 0.00715676 2.27576 
-10.8871 5.88259 -9.74071 9.16435 

9.89039 6.98297 -0.900436 13.0081 
-4.01345 14.0645 -13.9561 -6.76387 
9.57761 -12.907 -15.4232 -2.29547 
4.95636 -11.9293 3.75355 -7.67642 

-3.05544 -0.639088 -1.81074 7.21624 
-2.89649 9.19299 14.6756 -0.447295 
-10.2609 -10.9623 2.93964 9.08199 
10.8404 6.65777 5.34664 15.5039 

1.57801 -13.3433 -11.2838 5.77986 
-0.825192 -0.580877 16.6568 13.6994 
-11.4096 -0.17373 0.329489 -7.82612 
15.7345 -4.29153 12.1486 -1.20944 

8.5446 -9.56654 1.34333 7.96037 
6.20934 -9.52636 6.8281 -14.23 
12.167 0.56676 -14.4258 -0.550945 
1.27693 18.9158 4.74745 -11.055 

-15.7272 -8.74078 1.80799 3.90579 
-3.6228 0.490901 -18.9647 7.43611 
2.67725 -8.45797 -3.38438 -3.78245 
-6.16963 4.7268 -0.936711 0.229518 

-5.06194 7.81612 5.43112 13.2041 
-10.566 3.36435 1.97019 -13.0467 
1.83147 -0.697299 -18.4687 1.09466 
-1.96998 -0.972607 -5.59352 3.07231 

6.25781 -11.3983 9.87639 2.11617 
2.84753 -4.72773 -7.4655 -18.2499 
0.294792 -7.3407 -7.83244 18.2229 
-17.2911 -7.38255 0.0579833 2.114 

-7.0803 8.29602 -7.35526 -1.92036 
-8.73915 1.28206 13.3243 -2.06877 
-6.66709 -11.4517 -10.7804 -4.46504 
16.701 -2.34783 4.36809 -6.58713 

10.7456 3.00097 -3.4049 9.23873 
0.716285 8.16003 4.28179 -8.78658 
4.33666 1.95302 15.5041 1.70697 
13.3385 -8.60717 2.1005 -12.2966 

-8.79333 4.6127 -5.9287 -7.46846 
-2.51546 5.1146 17.9571 1.74257 
11.1476 -14.2131 -6.27958 2.14664 
12.2221 7.53194 -8.4202 2.56999 

1.41838 -10.7156 -1.08806 1.83045 
5.05024 -15.6296 6.04754 2.63382 
-20.1923 -1.9068 -3.51509 -9.59532 
7.30806 -1.62849 2.00693 -15.6568 

-4.32094 0.50961 12.0323 11.5885 
-11.6535 -13.8861 -3.93468 -0.25168 
4.2519 -4.64612 -17.5784 5.88198 
-11.4198 11.5144 -2.80704 11.3158 

2.58223 -4.58345 -5.00713 11.4678 
-8.91365 -3.57921 -12.239 -11.8242 
0.518667 -19.1364 -7.09048 2.7345 
11.9735 -4.46988 12.1925 -6.15117 

12.5706 -15.5806 -3.14415 -4.44839 
-2.21847 -9.04252 -13.0334 11.1628 
-1.6803 -8.143 18.0678 9.49784 
-12.609 -4.46538 1.70871 -10.5702 

-8.09978 3.67664 8.45595 10.6135 
-13.3866 -5.3321 10.786 -7.7963 
-9.8187 9.63407 -7.71991 4.33987 
-4.69229 -14.6169 -7.93725 7.69634 

-12.6251 7.69755 -0.145446 -7.71703 
-10.817 -1.02583 -10.505 13.6506 
0.999241 15.1705 7.73879 9.87327 
-9.83216 0.011792 8.19537 -3.2328 

-12.372 -7.95151 -7.03115 -2.80907 
-6.52299 11.751 -2.62804 -9.9468 
-6.57359 -6.0424 11.4003 -9.11612 
10.9235 -10.8255 -7.42568 -12.2242 

3.04029 12.1462 6.64974 -8.14389 
-3.64929 -4.16408 -12.2256 -1.74025 
-19.0909 1.90802 -10.2005 -0.152417 
7.82181 8.35256 -13.8714 -0.0377601 

0.745803 15.6843 -7.07126 -3.23702 
-8.48268 2.73489 9.87395 13.1908 
-11.4825 -14.8477 -8.80033 1.95601 
-11.2303 -1.06895 9.10437 -12.2416 

5.07554 -0.546749 -5.92412 17.1308 
8.34055 6.54459 6.23575 2.76811 
-12.221 9.16575 -6.97111 5.77552 
2.97434 -8.10138 -9.63282 -6.99555 

17.1196 -2.75525 4.19289 0.505904 
-3.40339 4.70534 18.1394 7.79052 
10.2186 0.907517 -2.42933 12.1727 
0.19986 1.09392 -5.83111 10.8806 

-1.05087 15.4182 -6.20314 -0.491889 
7.92021 -8.13805 -12.5635 -18.8157 
-7.808 -0.442105 -8.46549 -0.814711 
8.06773 2.99317 8.25729 -10.1862 

13.1115 -13.8221 5.57911 3.59491 
-1.46058 4.87268 10.1157 -11.2898 
3.51323 9.00476 12.872 -3.15469 
-16.6726 -13.2041 -1.85039 -6.85501 

10.9501 -11.5022 -3.6893 -4.51872 
-11.677 0.233039 -1.85057 -4.98473 
-2.31398 -12.7431 0.548212 -10.518 
4.78007 1.78182 -16.3914 -12.1106 

-5.20819 -0.639012 -15.9096 -12.046 
-14.7993 9.02281 5.00515 -1.61417 
-11.8407 -17.1718 0.10408 4.07963 
1.47975 -6.44666 10.1688 -15.6421 

13.7892 -10.5051 -1.47672 -7.47521 
6.05139 13.4889 -2.23539 -14.3713 
13.1543 4.97536 -13.9275 4.55907 
-8.36743 -2.96741 -18.9341 -4.88049 

0.470038 -9.66527 1.95077 18.6386 
0.220077 9.22451 18.0629 4.32278 
-17.7883 -0.254835 -2.08835 1.85209 
-3.91278 21.7705 -9.05765 10.0719 

-4.83062 -5.03345 11.9379 14.8467 
-1.29837 10.1226 15.9323 -10.571 
-18.6022 -12.1534 4.49503 -5.92005 
-0.747998 -8.7174 -3.64726 -0.998578 

11.7224 4.93803 7.47089 9.2623 
14.4555 -0.260221 0.654103 -11.2904 
2.12893 15.5507 2.8433 0.629404 
1.11502 -21.135 3.75145 4.39318 

2.67294 -1.4849 -9.39744 10.3095 
-10.7352 -1.77962 10.5557 12.2695 
14.924 -5.21866 8.77915 -2.29043 
13.3077 15.1901 1.47599 6.29034 

-7.37618 5.19028 -16.6509 -0.626762 
-4.79758 -3.61794 -6.71214 -12.4294 
-14.3495 2.5951 2.96233 2.70937 
4.5896 -5.57239 -2.04248 12.049 

1.29984 -5.54441 9.32142 8.43104 
0.149423 5.80162 13.7725 -11.7319 
11.6747 16.962 -4.91072 1.05144 
13.3934 -7.43965 -5.48167 -12.4178 

-0.770648 -15.655 -7.59507 6.87011 
11.4346 5.1992 -13.1723 -3.86315 
-13.8441 7.8868 -3.46217 8.69391 
-7.81594 -4.90557 0.334896 -15.6608 

-9.95906 -5.37062 -6.24363 -10.5536 
12.9005 0.541429 -8.28662 -2.94904 
-3.29262 4.86123 15.4597 -9.61576 
12.3433 5.03143 -2.17673 -11.6601 

14.6985 10.0301 13.1341 -0.262959 
13.4514 -13.457 5.15798 -6.91642 
7.04164 7.99601 -18.1797 -6.25615 
-6.98318 1.36163 5.81281 -17.476 

3.5469 11.4693 12.515 0.0047808 
8.81793 10.2469 1.99458 10.2509 
7.86824 -5.85582 -4.1288 9.25087 
9.39211 6.20499 -0.885607 -15.7819 

14.291 3.23761 -8.11452 -13.5266 
-8.6439 11.0002 -11.8139 -5.65587 
7.96552 -1.07147 -11.7988 9.92876 
0.516257 11.1265 0.197332 10.9977 

-16.7328 -6.92853 -6.95928 6.74255 
-1.27667 5.29575 -15.0996 -11.9621 
6.00109 2.68296 -12.2059 12.573 
-6.75853 17.7101 -2.01621 2.97366 

-1.18669 -15.4744 21.0073 4.1312 
-9.97186 -10.1191 -7.77221 1.35762 
14.8925 -7.65863 -0.192045 9.23291 
-3.70737 -13.7916 -8.73949 -7.14162 

-1.44882 2.62067 12.7956 14.4277 
13.6057 -5.6427 -4.18912 1.66404 
-2.88089 -6.27456 11.1188 -13.8836 
7.82119 19.2163 6.89977 0.43735 

-3.6585 3.00427 17.1084 -9.88777 
-9.12726 -13.8975 4.50502 7.81302 
2.51592 -18.447 12.1972 1.49717 
15.2095 -0.0994409 1.50769 3.95384 

-13.3721 -6.15338 -5.98419 0.711028 
-7.54119 16.7018 1.16642 -4.75058 
4.83758 12.3389 12.9598 11.9577 
1.6662 -1.89919 -11.9 8.89831 

9.57904 -10.3281 -0.410624 2.22154 
-5.69057 10.1439 1.95881 2.06446 
13.1032 4.74416 0.0930014 13.9501 
-10.1333 -6.20679 2.681 12.9662 

10.1523 -10.9497 -7.62416 11.878 
9.91323 -9.14732 15.4225 3.67016 
11.1974 -5.10666 -10.9672 -3.83685 
1.04713 12.055 -4.24292 6.17804 

-9.85145 -8.56671 -3.76623 -11.5216 
9.39902 5.58404 -4.25093 -18.3613 
-0.248324 3.42405 -16.7232 8.37044 
12.8086 -12.626 -0.563214 -1.95534 

10.0738 -9.63452 -6.97903 7.00159 
6.33852 -4.65811 16.8659 12.1842 
-16.3293 -5.18763 -1.04503 9.28364 
3.58435 -2.56075 -11.4617 4.36507 

17.9306 -4.85831 -2.84621 7.06296 
-8.56865 -6.94697 -6.62616 -4.2019 
-8.16645 -7.05529 1.04828 7.29221 
0.552952 -13.7013 1.79409 0.179077 

10.3321 -11.8369 16.0708 1.17323 
8.56722 -6.11333 -9.19594 -14.5156 
-13.4371 -5.51276 -0.031857 -7.25574 
4.99271 -11.7439 -7.57423 12.0363 

-11.6305 12.3613 -15.5829 5.39809 
1.4669 -10.8048 -13.7996 -5.65667 
-11.254 -4.31478 7.94397 5.59739 
-1.85071 5.00268 -0.089064 -6.20501 

6.19159 -9.8871 3.20169 15.4118 
6.38253 -7.17005 2.1835 -4.22958 
-0.992104 -12.5871 12.8722 -0.397956 
-14.6524 -1.79457 -0.658432 10.1435 

-1.02145 10.3724 10.6678 1.87092 
12.0633 3.80162 -4.74387 4.98049 
2.57301 5.15209 6.22278 10.5038 
-2.6196 -2.83857 -18.9286 12.5112 

-3.37194 2.89771 -13.3089 -4.37301 
14.559 -7.47267 0.169619 0.921286 
-0.35058 -0.0539601 4.90838 -17.8287 
3.20305 11.5428 -1.94649 -7.74341 

-15.4129 -4.49476 6.76844 -0.517889 
-3.62613 0.539776 -7.95563 -20.9927 
1.94856 7.65727 13.7177 -3.88566 
8.16815 -11.5368 0.311575 -0.349734 

-1.35446 2.73933 12.7643 5.49408 
9.77544 9.67606 10.1377 -8.56027 
5.05421 -14.738 11.9892 -2.72995 
14.9487 -2.90611 -13.175 6.50192 

2.8752 -3.69927 12.3439 8.68997 
10.989 7.39885 5.70941 8.24556 
-16.914 6.9238 8.02869 6.54632 
7.29533 -8.43757 -3.22493 13.5922 

1.36436 -10.493 4.31896 -9.76849 
-4.28549 10.447 20.7218 3.91918 
14.0761 7.7401 -0.0162853 -8.66823 
-8.53806 8.77118 -8.03069 -3.77378 

-10.6778 -0.994803 -12.5264 -13.0036 
-12.019 -14.0529 5.03085 -1.99611 
-7.31709 0.197697 -15.6365 9.92117 
3.86627 -4.0299 4.40857 3.54612 

4.14392 -10.9436 -4.27389 -15.1054 
3.92673 11.7202 -7.34928 -6.39655 
-4.23619 -16.796 9.01825 1.63269 
-12.3735 6.34157 7.29876 -11.7057 

-3.6148 4.44012 -9.55098 -2.6462 
-12.4381 3.15372 5.58125 2.77774 
-1.9917 8.60386 15.1775 -10.3691 
-9.30012 3.47708 0.158909 8.11394 

-5.63265 -19.1262 -4.0797 5.03753 
5.36098 4.14088 -16.6042 -8.07624 
-2.70188 -9.37548 2.79607 -11.8884 
-12.4596 2.80052 0.138323 -5.63864 

6.6782 0.186302 -9.7432 6.01452 
13.4054 -7.79772 8.99055 5.99704 
-0.855315 -11.7613 3.2891 8.0599 
2.10124 -3.50542 -7.28432 6.14982 

7.2212 11.904 -2.39271 -3.59957 
-15.522 1.16415 -5.54725 -3.78761 
5.99657 -3.27457 -21.7158 -1.52 
-2.46198 5.19818 -3.46131 16.2597 

-15.5688 -1.60855 8.57847 7.514 
1.09259 16.5409 12.1081 0.245617 
-7.90309 -1.52663 6.13001 -19.7331 
7.63553 -8.64432 13.9151 0.115968 

-0.72648 1.7816 -21.8035 0.125857 
-14.2143 2.44668 0.605471 -5.7814 
-8.80452 -12.2079 1.17906 4.37385 
1.63029 -19.3181 -0.171489 0.0040188 

-13.7155 4.33196 4.23616 -6.56833 
-0.708283 -12.3978 -14.4235 -6.14338 
-10.0907 3.44686 -5.79461 5.17499 
-2.71087 -8.06017 -5.2715 9.89418 

-10.0554 12.829 -4.85484 2.2752 
-0.690955 -6.39092 10.5942 -14.5292 
-16.4943 -3.04658 -5.66273 -1.78468 
-4.26159 -3.94524 8.14944 14.8317 

5.15938 16.9245 7.05066 3.58415 
16.1736 -7.05152 8.26684 -6.25 
8.5197 -1.45317 -14.5424 6.70213 
1.67039 -9.02023 8.22021 13.487 

1.87397 -5.46158 -6.69801 14.4782 
-0.213867 5.6247 -14.1976 2.8794 
-16.655 1.96061 3.86637 7.01873 
-2.47676 -15.9197 -7.02078 -6.92475 

-0.790788 -9.33046 9.6845 6.08915 
5.3042 7.08755 -3.77435 12.973 
13.7126 -9.01379 -4.38593 1.149 
9.69403 7.52724 12.8064 -6.21841 

-4.73831 5.72248 -8.95592 10.2326 
-12.4319 -11.9192 -16.9491 -3.54973 
-10.6103 -4.6796 4.26895 -1.3174 
-4.81829 0.0694809 4.35338 12.1539 

-4.75249 8.83798 9.57549 -2.69105 
-2.10113 -5.97738 -16.5186 -11.1303 
-5.03099 5.07104 -11.0944 11.1694 
-2.22897 -13.952 4.96247 8.09843 

1.45634 2.87441 -12.0651 10.0798 
-4.69747 6.27587 8.30971 10.2067 
-3.93614 17.1744 0.800528 -6.84159 
18.0537 3.45884 1.85301 -3.46138 

5.38997 -15.3126 10.8146 8.29538 
-7.74889 1.41729 16.5086 -10.6797 
-14.028 3.65416 -0.556236 12.424 
-11.9127 -12.1666 -13.5125 -7.87203 

0.11529 13.3079 -0.901085 8.38585 
4.48314 8.75745 -9.29028 2.22943 
3.47677 -13.5726 -9.42911 18.0206 
-17.0725 0.215376 3.48355 4.75821 

-4.99756 -2.56785 -5.55966 -5.6989 
-18.0033 -1.94638 4.41781 12.8502 
5.5879 -9.88856 16.7421 -5.93846 
12.1596 12.4613 3.06751 8.36032 

9.38864 -11.2213 10.751 1.25139 
5.90881 13.4563 8.73197 -5.34595 
17.2258 9.33675 -4.06719 1.87217 
1.86042 -3.32521 -14.7823 3.90494 

4.40306 -2.63473 8.43622 12.8547 
1.26354 8.62027 -6.09292 13.2151 
15.8522 -5.53402 -5.89157 0.145563 
-7.9038 -16.7466 2.37309 1.14296 

12.494 9.31829 -7.03754 12.4523 
10.5181 0.485867 -3.63497 -11.6655 
-9.45504 0.670473 -14.5706 -1.3214 
-5.7533 20.6069 1.95136 -6.39663 

3.82005 -13.8232 -0.0989683 -12.5719 
15.2303 1.95631 7.14086 5.41113 
-9.04181 0.631992 -2.0074 5.00585 
-9.95026 -9.94052 12.258 8.1142 

-8.9351 1.2 -6.96335 4.13599 
-12.274 -12.8623 -0.392864 -10.4723 
-1.80221 -15.3203 -5.25173 7.24875 
0.374781 5.59377 -11.9352 -6.6938 

-15.711 -18.7287 -7.95165 4.42581 
-3.78584 -3.98683 -4.88531 -20.1633 
-12.1204 3.72164 11.2036 -5.85445 
5.61269 -13.6676 12.8824 1.02088 

7.80813 -3.62967 -5.21048 3.15319 
-14.5401 -1.64712 -8.57116 -0.667911 
-2.70273 11.1875 3.10887 0.194466 
1.86422 12.7485 -13.7415 -9.16857 

9.52497 7.83489 1.18779 8.3407 
-2.26987 0.400555 -10.5625 13.2382 
9.68315 0.782293 -14.4791 -2.75533 
-0.972871 13.5774 4.80905 7.90492 

2.68648 -3.93736 -14.9191 1.81271 
6.00471 -13.2957 1.33112 -4.96824 
-7.23449 -9.74203 2.82329 13.7273 
7.74033 1.00089 10.4953 9.16555 

-0.809192 7.67207 -17.5594 -8.11697 
-16.5492 -4.67731 4.12591 -11.8312 
-3.52789 -9.85365 -9.103 12.3903 
-10.1844 9.77747 5.56773 8.53219 

15.9288 -9.75872 3.93455 12.7627 
-7.40394 9.38584 3.9369 0.5588 
-13.7392 -10.1096 -3.81059 -4.92323 
-10.781 5.91985 -7.01847 12.6067 

-11.9597 -0.3883 6.88332 5.11807 
5.38973 2.50079 12.0118 -4.83216 
1.11573 1.00293 -1.24189 16.9122 
0.118675 -17.459 1.0025 -0.391273 

15.3182 -9.29941 11.1404 10.6287 
2.15106 5.32643 -7.25606 -2.80946 
1.21153 14.5208 2.74146 12.0828 
11.8685 7.20553 8.42988 -10.2848 

3.24884 3.00553 -0.185693 3.44481 
-6.18402 6.72196 9.63698 -14.4254 
6.13288 -1.41524 -0.594422 0.113526 
10.9908 -0.601866 -10.6731 -10.1781 

12.9208 5.92393 5.67726 0.205083 
3.23938 -9.17043 -10.8923 3.58051 
8.28025 1.67975 -4.29571 -12.1921 
-4.22821 14.2413 -9.1897 1.03257 

5.86911 -14.5344 12.9103 -1.98591 
-1.53793 -8.83866 -11.5284 10.1334 
-10.9831 -1.76054 9.49023 7.34718 
15.3031 7.55487 1.25803 9.32014 

-5.22731 2.97389 -14.956 7.42738 
-4.87481 -18.4107 0.248633 10.0464 
10.3696 0.201709 2.36555 14.5872 
-7.50486 3.19369 12.5822 12.4074 

-6.03688 9.81581 -10.5884 -3.3668 
-15.2529 -3.16595 13.1703 -0.177813 
2.81166 3.77754 7.15155 21.1284 
-11.8289 -2.16056 -8.22362 5.37912 

6.09057 -7.58046 13.2588 17.6213 
5.05563 4.26002 12.0629 -16.3306 
4.43763 -16.5419 -0.277288 -1.78966 
-19.4392 -6.18469 8.23004 3.47608 

11.5318 11.944 7.37075 -3.59657 
-5.64704 -1.89885 16.9641 -2.94276 
0.367232 -5.02138 8.36392 -13.7842 
9.99448 -6.47781 -7.38996 -4.74981 

11.232 -5.51679 4.52515 -6.73956 
13.9058 4.08907 -9.58711 8.08994 
-0.995924 -15.5195 7.01792 5.40933 
1.2975 5.24391 -14.2813 -3.46712 

-14.6703 0.217561 -7.07018 4.71578 
-7.10645 5.88498 -1.25501 -12.2382 
0.22519 13.3527 8.35429 4.33921 
4.03649 11.3636 -15.6829 -4.61613 

-6.45275 11.1798 1.98277 12.8731 
-3.62083 11.645 10.9825 -8.75963 
-14.375 -7.06042 -1.71237 -8.26917 
1.1177 -11.425 9.40073 4.37085 

6.88123 -2.48685 -17.6459 -5.40264 
3.63739 -3.95304 -0.448792 9.20218 
-9.71451 -17.1587 -1.80103 -6.45414 
2.41449 -0.53742 10.2842 -12.9459 

-7.72022 0.719645 -3.77493 -11.1516 
0.773389 -12.7801 -8.15177 -1.99 
10.7645 5.54369 4.67307 -17.4476 
5.53283 15.2547 -11.135 -1.33412 

-13.8213 3.19075 9.05423 -1.43611 
6.77037 0.917973 6.74258 -5.85042 
-9.86594 3.81087 -14.0129 5.51746 
-1.22903 -18.0725 2.71455 -11.4357 

4.68171 4.00183 -9.21862 12.3363 
9.84756 -1.06328 19.9852 0.783687 
1.03616 -13.5735 -5.76141 7.13772 
-15.1484 -3.67087 7.2288 6.12192 

16.717 1.25831 1.60967 4.13131 
-5.58079 7.07861 13.4146 2.97505 
-7.65402 -14.6506 -0.987069 -5.15005 
-4.22359 -7.63702 1.04412 14.874 

-4.59198 -4.41031 7.21689 11.8724 
1.40951 -10.3231 14.6094 -9.2802 
9.43553 7.43689 5.35438 10.4458 
5.10578 -14.4062 -8.46832 3.90529 

9.52511 7.06097 -10.9697 -8.88371 
12.6485 9.41556 8.87417 5.50132 
9.21787 -12.7131 -2.7448 8.96602 
-0.994493 4.15213 7.23373 -3.58717 

9.12552 -17.0502 -1.69086 -4.35417 
-11.9704 -0.894782 -16.8709 -1.71558 
2.57261 9.46257 7.5979 -16.0388 
8.29657 7.60103 -1.13671 -9.84548 

-9.40797 -4.4414 -10.5412 6.38746 
9.60917 -8.95365 -1.07467 0.871925 
-3.01006 -3.01966 11.7772 7.48489 
-5.06359 -8.83868 5.24143 -11.8274 

-10.7358 7.84046 1.29616 -10.3266 
3.33131 15.3771 3.62618 -2.4742 
-8.7746 3.36311 -2.44698 15.3398 
11.6468 7.6122 4.93407 -0.766607 

-5.77775 17.1283 -11.3315 -10.1909 
15.7061 -6.09612 -10.1645 -4.74512 
7.31474 2.55848 -8.72887 11.3618 
-7.45668 -9.21698 2.6441 -10.5658 

-4.34595 -4.44117 -1.12454 13.9208 
15.5383 -2.47668 -11.8634 -3.78007 
-3.32733 3.89416 1.5942 -4.87444 
-9.19199 -6.28877 -16.8625 -1.89657 

-11.2528 -6.28809 5.12559 12.3395 
7.70357 6.99357 0.575008 11.6094 
-8.80517 7.6637 -16.4579 6.87446 
1.65054 -16.1115 -16.6951 7.30121 

-0.968858 -0.988943 13.4227 14.1683 
-1.38486 -7.04844 6.83483 -1.90633 
-16.2059 10.0517 -0.484804 0.11418 
9.01705 10.7017 -4.48124 2.40982 

-10.3033 6.28887 -2.5525 -4.99932 
-4.12485 1.25628 20.9833 16.0127 
-11.687 -2.06192 -0.306842 0.128451 
0.354688 17.9913 -9.18474 9.74133 

10.2159 11.6859 2.50236 0.0786986 
-0.267611 3.23909 -2.44014 -15.1189 
6.22624 0.288237 -19.3639 5.59881 
11.2768 -13.6105 5.01979 0.0416288 

0.278501 -7.05769 -7.3911 12.8572 
-13.1528 10.9684 -0.199154 7.45051 
12.552 15.0788 -0.274088 9.27278 
-2.11309 6.10329 -13.7545 -13.7344 

-2.23821 14.9475 -11.6193 2.5101 
-6.59332 10.8417 11.938 -4.78516 
-2.20188 -9.53286 -2.98513 4.12489 
-19.3307 -5.87067 -4.45464 1.39614 

-4.57334 15.7398 -13.0663 -0.298782 
16.3095 -0.374823 -8.05255 -5.21809 
2.57332 4.32947 2.63992 17.1507 
-2.53105 -12.5733 -10.3512 8.94603 

1.91671 -10.8404 4.00309 15.4482 
5.53987 2.07421 -11.4948 7.01546 
-15.2311 -9.03451 -10.79 6.652 
-7.18472 4.1437 15.2913 9.77509 

10.8871 -8.36594 -12.3168 -0.0276525 
-5.38352 -9.70766 12.022 10.4639 
2.09176 2.5713 1.84544 22.1986 
2.11496 -12.0392 5.85243 -2.56714 

-10.019 -15.5584 1.41863 -3.47875 
-1.5936 5.12647 7.23072 -18.3217 
13.231 -2.69368 15.1346 1.66117 
13.1161 -5.83493 -12.281 -5.18458 

-0.764654 -1.03051 -11.9658 20.8654 
10.5243 8.12252 15.9143 6.03352 
-1.16693 17.0119 -6.67736 -4.21596 
0.149955 8.42724 -1.53832 4.53297 

-11.6397 11.7169 7.53861 12.0082 
-10.2886 2.6555 -7.59984 0.850081 
4.37299 -0.829822 -2.81848 -1.90275 
-5.87594 -14.2566 9.11004 2.34107 

7.62788 -14.0478 9.79922 2.1958 
11.0977 8.64382 -7.62046 4.04642 
-2.40454 -12.6714 -10.9451 -1.62599 
3.25303 -6.26246 -6.79797 7.1054 

-5.89607 -11.3642 -4.7994 1.90283 
-10.5515 -4.30825 15.6393 -1.31637 
-4.04107 -3.16135 -0.298215 16.4675 
7.80142 7.5709 6.40351 6.39452 

16.4787 -5.697 6.21318 6.05402 
-3.25433 3.32551 12.4265 -13.5169 
3.49622 10.9179 -1.06704 6.50391 
0.694729 -12.8685 -8.56125 -6.40583 

6.57984 -1.52922 -2.64615 4.36557 
-16.3185 -4.46201 -16.071 5.79304 
-1.11347 10.1297 7.70855 13.7809 
6.80945 14.8774 -12.1281 -0.91458 

8.76523 -3.66424 -5.62286 -7.16443 
-10.7808 -4.40588 3.88654 -18.4678 
11.6756 -7.16604 16.3161 4.28362 
-3.08338 -16.1701 -10.0361 -3.95424 

6.17401 -0.846345 1.3742 17.0551 
-3.37435 -7.27661 -8.66287 19.5537 
-11.2838 9.63532 -1.88248 3.45269 
1.98937 6.83222 -19.3901 -3.37809 

-6.02403 -6.98809 7.98771 -5.20897 
9.03668 8.46984 12.1223 7.57206 
12.5427 3.04735 -8.84674 -4.66671 
10.2625 -12.083 0.202933 3.28114 

-11.4537 -11.0223 9.78524 2.23605 
-0.192676 13.8935 8.72864 5.60196 
16.6217 -5.36944 8.43164 -5.9075 
2.34338 -9.53319 -14.2316 6.07352 

9.42013 -2.77563 10.4451 11.1625 
-16.8179 8.09617 3.50609 7.58303 
2.96449 0.113247 -1.6801 9.67122 
-14.4438 -11.166 4.7344 -2.71891 

-8.84264 6.90537 -15.0175 -4.86766 
-6.07978 -8.04532 -1.6268 -19.2262 
2.6629 13.5053 1.45305 -8.44269 
5.32417 -9.04545 -13.8182 1.90833 

-0.317926 11.2326 -9.7167 -10.4745 
-10.7324 -9.68287 -9.41757 -0.285447 
13.037 -10.3445 5.87184 -10.8101 
-4.58317 12.6678 6.787 2.14055 

11.1811 -17.2621 0.259154 10.9923 
4.64291 -0.96224 6.26969 -5.15307 
-5.48269 0.453661 -13.5145 -10.3665 
-7.84213 -8.1412 7.24782 -6.75992 

-6.02697 7.27024 6.69119 -11.0153 
11.6813 2.02179 -12.9629 -5.12049 
3.5822 -0.931249 -1.76386 1.96574 
-10.3625 -12.3451 -12.002 -4.64303 

14.4108 9.86693 11.003 1.3314 
-4.40248 9.4592 -8.27711 -10.7825 
2.37384 -9.10289 6.80966 -12.3043 
14.098 -11.6615 -16.8884 2.71859 

10.6244 10.4064 -4.9365 -7.95395 
-12.1099 5.79161 -11.7234 -6.31032 
11.0867 8.72194 12.876 2.43173 
-0.851652 14.519 -2.54068 19.1948 

16.4782 7.21062 -6.13782 -1.85972 
-10.094 7.46256 3.62029 -1.00194 
-6.26683 -13.7628 1.88635 9.6494 
-1.88868 -12.3827 -7.70814 11.9011 

8.30174 -11.4111 -16.1749 -8.07633 
-0.653741 -3.60551 8.41969 -7.04927 
-6.40177 7.8581 -9.45118 6.65419 
1.18801 -2.59114 5.23854 5.09207 

15.7794 -3.05889 -1.20008 3.15394 
-6.44495 15.3834 -9.60419 6.14684 
5.10664 -2.10223 -6.40044 15.9503 
-6.55447 -4.45193 0.312777 5.65233 

-17.1961 10.6746 -7.73457 -1.75693 
4.08878 -0.357229 -6.54566 -3.42192 
-10.0524 -12.8978 2.32284 -9.86654 
-3.18001 -9.53633 -1.61535 13.2412 

10.4003 -1.07315 8.24401 -13.4271 
6.03708 12.7662 -7.6011 7.09641 
1.71811 6.29284 14.8893 6.38381 
-7.80369 -7.29446 2.64941 -2.0304 

-3.09007 -0.82948 -5.97904 -12.0153 
-11.2668 11.0431 -7.2233 4.13852 
-10.9617 -10.1081 -4.59549 6.05097 
8.98612 -9.17712 -6.56105 -11.1247 

-1.55534 2.43219 -16.2193 6.22679 
10.1416 5.59465 5.20459 10.14 
-3.33825 17.2233 4.46504 -2.53682 
1.98638 2.44904 -3.40436 -16.6126 

-9.78683 14.8858 11.0017 2.70921 
-8.34139 1.75111 -1.9724 -11.5765 
11.412 12.762 -8.5536 -4.46618 
-7.58902 0.790314 -17.0418 -4.58659 

4.65339 12.9598 -11.0783 4.31789 
8.35817 -3.39418 -14.3301 -9.71579 
12.3719 -5.33001 17.0591 11.8839 
-5.246 -10.6801 -12.061 10.1384 

4.9346 5.1025 2.98364 16.8753 
-18.0033 -4.95857 -2.02713 -0.24897 
4.48653 9.8838 13.5111 -3.57159 
-10.8056 6.36106 10.1095 -0.984534 

-11.1893 -0.456836 -6.71431 -13.0705 
-0.822073 14.0703 3.32224 -3.78703 
-2.977 1.15546 18.2801 5.75916 
-8.57595 7.13004 -6.6867 10.8958 

2.43921 9.86768 13.3406 -6.50693 
-10.6099 -9.14322 10.1396 -0.552366 
-7.69488 11.9165 -8.25697 -9.60687 
19.4993 0.202764 5.62216 -0.689243 

-12.3245 1.56857 -3.60577 0.800983 
-13.8673 4.31776 -15.0286 -12.8966 
-1.87148 -7.08824 -9.11559 13.8328 
6.49075 16.8798 -6.20539 2.96755 

10.9182 -1.33295 -3.77653 -13.6609 
-6.35986 -13.5221 -6.78275 3.51113 
-5.82794 5.93957 -14.0032 5.48211 
5.89835 4.20496 -8.85595 2.94721 

-4.62247 -10.5856 -14.2577 -2.68447 
16.7955 3.37483 0.81124 -9.19748 
9.18716 -17.438 9.06772 5.54835 
6.07757 6.85861 -10.0462 4.96627 

-7.8415 5.22551 -11.294 2.47425 
-3.88661 -18.0451 1.41598 4.51746 
4.72043 2.31742 4.6559 14.3813 
9.171 -7.68233 -11.2873 -3.62465 

-12.9189 -4.57291 1.25447 -8.43607 
5.85531 -3.46768 5.73924 -11.6716 
-2.14498 9.78448 -7.35843 -10.4242 
4.5143 3.73899 -21.9276 -1.56347 

-13.4905 -3.52558 1.91453 -9.78601 
2.82134 -2.33846 15.4007 6.32918 
6.76172 -12.3617 -3.43591 -1.23193 
-10.0593 -4.40981 -5.77633 11.0113 

7.56087 -7.83097 -4.37451 16.3249 
-15.0794 5.95799 -3.47959 0.524624 
-5.51502 -17.5115 -6.98384 -2.56076 
10.9882 -4.56689 -8.13422 -8.96819 

-4.5767 9.56175 -15.0222 0.813105 
-5.78499 -7.35674 -0.246234 2.39035 
7.3629 12.3011 11.8305 6.9374 
6.48604 3.74264 4.80383 -16.5989 

-14.8818 -5.76049 -4.76589 7.57545 
-14.6602 10.3253 0.253224 -3.61777 
0.2248 -9.19835 15.0799 -5.0852 
-2.81628 -14.0153 -14.9205 -14.4612 

-15.557 -0.703254 9.41889 12.219 
0.0549995 2.96671 -14.2292 6.78643 
5.6372 -2.16439 -3.21905 9.51193 
10.6155 -4.4382 13.7493 14.1441 

-5.54391 -13.1659 8.86511 -3.98221 
-0.677353 9.50008 14.2669 -5.63097 
-16.5938 10.3462 -2.75283 -0.998086 
-8.7203 -3.65783 4.35487 1.97323 

-3.33274 -0.209224 -13.9504 15.2842 
-15.682 -14.4635 2.16423 -3.06268 
12.4654 -8.12009 -5.97041 -2.80037 
3.55625 7.9002 9.75723 10.0768 

5.32248 -7.82753 -13.0706 -16.3415 
4.96814 15.0034 -4.26641 3.00602 
10.7801 1.65634 7.40069 -8.11193 
-11.8689 1.82024 7.40954 -10.3835 

-14.8913 -2.44019 -3.69722 0.552142 
-1.70157 -1.49248 20.0293 5.28145 
10.5117 3.41181 -0.81979 -10.1465 
10.3121 -4.67128 -1.80934 10.8357 

9.57195 -6.99231 12.2871 -1.79553 
4.2577 -12.2129 -12.7094 1.59475 
5.40358 5.63408 -11.9904 -13.0561 
-13.647 -3.66181 -6.96699 -0.12834 

-10.1114 1.07923 -18.1493 -0.224275 
0.150887 -3.5349 5.45029 -13.2196 
-1.65135 -20.7185 -2.83642 4.2528 
19.575 4.87994 -4.65966 -2.23002 

11.3675 6.9799 15.4313 19.6238 
10.0769 -2.19447 18.483 -12.231 
16.4417 -6.61737 -8.48548 -0.642753 
8.9823 12.4799 -2.97931 -8.04719 

4.31824 -0.866524 -12.52 -5.17662 
9.46948 5.66503 5.90009 -11.3549 
10.2935 16.7341 4.4337 2.3795 
26.1102 -2.03575 8.77682 0.131753 

-16.0366 10.2814 2.56553 -12.0786 
-11.5823 -2.22647 -20.3659 1.03938 
-16.9621 -0.616998 16.0399 5.0261 
-4.17631 19.0313 -2.74739 15.7228 

-13.3707 -5.49489 -31.9571 19.4308 
-0.653301 -38.1585 -0.502911 -18.8632 
14.6604 -11.0614 26.9299 12.2258 
41.7046 -3.28281 -17.6991 0.612816 

