91.84034970000002 1.4210854715202004e-14 91.84034970000002 1.4210854715202004e-14 0
95.4566606255 0.49964263488793975 96.61370342875001 1.2452002402001976 5
99.588950896 1.0565497298312077 108.83265781300001 5.018465016311598 10
104.60381792849999 1.7447999612593936 130.4356604925 11.92505355652806 15
109.79954128500002 2.6584089175024737 167.44391390750002 22.511211886511553 20
116.2153732775 3.674553048462132 218.54023651249997 38.29490400788146 25
121.69586582749999 6.231311089535325 280.69698528000004 56.77553693723853 30
127.93695953999999 6.984907160388055 362.1345324825 95.20244778855867 35
134.52359844 9.942300477466128 453.02229529249996 115.06985477392733 40
143.2801848675 14.192127021388846 583.267426405 165.53904122274142 45
155.9704067225 22.415896509144922 701.143293075 207.01085214843414 50
186.31307367000002 369.39804626177227 866.971960575 277.26480448494874 55
344.65833449999997 1564.8036891494742 1080.67816136 357.0272120507922 60
