1496.46388 6.8212102633e-13 1496.46388 6.8212102633e-13 0
1506.76085314 8.81951884312 1579.75493786 83.6455088998 5
1542.93073832 21.7748788159 1867.15525914 431.492591648 10
1611.20869236 52.9287034708 2237.07664246 706.780195983 15
1726.055407 116.166595082 2909.0597129 1190.69447592 20
1847.3907165 160.419116219 3182.49256166 1120.97823022 25
2001.69300186 210.105929966 3436.29219742 1161.52217509 30
2195.52031496 281.092450981 3951.42634148 1253.81091606 35
2457.77101054 396.508925771 4337.46750322 1263.67832354 40
2662.14034468 450.573308066 4431.86469162 1156.58152039 45
2957.56772244 582.369578798 4890.71294928 1236.64018402 50
21572.4036212 392055.649802 5179.88405636 1157.39422095 55
3759.5834144 4937.18121928 5414.45720308 1145.1205235 60
40521.6119035 627007.854328 5726.38633748 1127.72127987 65
1510210.88541 33494781.506 6038.7504495 1002.7841481 70
37611.9372796 408966.292988 6394.28619648 1064.83114926 75
7909797.67714 110624090.767 6623.7200207 1053.37374114 80
