366.050255
362.517952
365.516598
362.517952
365.993499
362.517952
366.109779
362.517952
366.315784
362.517952
366.197592
362.517952
366.631704
362.517952
366.096344
362.517952
365.975472
362.517952
365.699292
362.517952
365.674956
362.517952
366.035067
362.517952
365.471769
362.517952
365.915140
362.517952
365.763121
362.517952
366.140895
362.517952
366.059983
362.517952
365.659810
362.517952
365.707188
362.517952
366.366542
362.517952
366.004911
362.517952
366.042065
362.517952
366.099230
362.517952
366.183412
362.517952
365.579797
362.517952
366.150683
362.517952
366.047402
362.517952
365.634638
362.517952
365.546639
362.517952
366.322513
362.517952
366.079723
362.517952
365.993961
362.517952
365.939399
362.517952
365.746008
362.517952
365.646383
362.517952
365.684781
362.517952
365.780733
362.517952
366.209760
362.517952
366.161706
362.517952
365.850765
362.517952
365.903229
362.517952
366.380527
362.517952
365.940917
362.517952
365.873283
362.517952
365.849061
362.517952
366.104271
362.517952
366.385663
362.517952
366.093547
362.517952
366.015689
362.517952
365.803507
362.517952
365.992142
362.517952
366.146533
362.517952
366.315171
362.517952
366.582921
362.517952
365.752923
362.517952
366.007752
362.517952
366.185406
362.517952
365.872958
362.517952
365.735034
362.517952
366.159460
362.517952
365.822366
362.517952
365.938287
362.517952
365.904521
362.517952
366.064231
362.517952
365.668674
362.517952
365.790118
362.517952
366.228057
362.517952
365.520833
362.517952
365.819125
362.517952
365.968160
362.517952
365.859568
362.517952
366.008411
362.517952
366.439167
362.517952
365.908390
362.517952
366.289209
362.517952
366.000252
362.517952
366.377148
362.517952
365.972601
362.517952
365.718116
362.517952
365.966249
362.517952
365.878717
362.517952
365.795043
362.517952
366.033623
362.517952
365.943712
362.517952
366.174756
362.517952
366.202616
362.517952
366.064392
362.517952
365.961942
362.517952
366.247918
362.517952
365.819866
362.517952
365.825819
362.517952
365.718126
362.517952
365.858735
362.517952
365.786643
362.517952
365.815623
362.517952
365.948822
362.517952
366.128737
362.517952
365.852204
362.517952
365.850618
362.517952
365.887533
362.517952
365.945092
362.517952
366.073252
362.517952
366.048423
362.517952
365.872290
362.517952
365.774606
362.517952
365.932041
362.517952
366.094819
362.517952
365.847036
362.517952
365.610439
362.517952
365.841909
362.517952
365.819006
362.517952
366.460399
362.517952
365.706180
362.517952
366.143501
362.517952
365.686141
362.517952
366.127472
362.517952
365.949371
362.517952
365.766243
362.517952
365.837643
362.517952
365.552785
362.517952
365.695671
362.517952
365.850065
362.517952
366.083739
362.517952
365.737234
362.517952
365.938355
362.517952
365.993001
362.517952
365.904135
362.517952
366.080853
362.517952
366.186112
362.517952
365.894495
362.517952
366.042364
362.517952
365.823502
362.517952
365.785736
362.517952
365.784086
362.517952
365.725090
362.517952
366.036608
362.517952
366.100461
362.517952
366.152212
362.517952
365.875276
362.517952
365.975713
362.517952
365.831190
362.517952
365.810072
362.517952
366.130385
362.517952
365.513453
362.517952
365.908806
362.517952
365.863998
362.517952
365.934876
362.517952
366.536012
362.517952
365.683349
362.517952
366.128898
362.517952
366.012152
362.517952
365.634947
362.517952
365.904156
362.517952
366.259788
362.517952
366.300473
362.517952
366.074581
362.517952
365.558757
362.517952
365.883209
362.517952
365.706061
362.517952
365.774810
362.517952
366.040406
362.517952
366.413558
362.517952
365.760694
362.517952
366.033907
362.517952
366.007034
362.517952
365.584700
362.517952
366.084238
362.517952
365.983250
362.517952
365.915699
362.517952
366.168443
362.517952
366.252891
362.517952
366.157827
362.517952
366.190567
362.517952
365.955647
362.517952
366.053313
362.517952
365.984390
362.517952
366.327498
362.517952
365.694663
362.517952
365.696087
362.517952
366.095006
362.517952
365.827171
362.517952
365.857901
362.517952
365.967924
362.517952
365.606910
362.517952
366.424038
362.517952
365.683283
362.517952
365.927856
362.517952
365.896417
362.517952
365.548303
362.517952
365.874646
362.517952
365.757209
362.517952
366.152524
362.517952
366.065891
362.517952
365.806651
362.517952
365.999141
362.517952
366.062785
362.517952
365.798359
362.517952
365.788257
362.517952
366.058742
362.517952
365.673627
362.517952
370.590243
368.738679
369.601921
369.328956
369.574120
372.293849
369.854310
369.790969
369.895753
370.058288
370.151322
370.487975
369.496730
368.639209
368.821844
369.771166
370.912741
368.397989
371.024350
371.585101
370.692986
368.938909
370.275111
369.257591
370.443665
369.272249
371.587617
369.971134
370.704726
370.087086
370.060896
369.097302
370.387954
370.862794
370.658527
370.170462
370.217512
369.401557
370.735948
371.954030
370.194014
369.090006
370.971796
367.893526
370.557983
369.686193
370.215868
369.443067
369.331259
369.663185
369.772409
368.587827
370.637572
368.313423
370.093657
371.045475
369.670238
370.067365
369.780886
369.256211
369.348052
373.769114
369.269912
370.708637
369.319868
369.884107
369.971324
369.599025
370.210449
368.714698
370.646810
368.202830
369.394799
372.366851
370.101717
371.281200
370.109882
368.656213
370.032348
370.872548
370.123758
368.352813
371.173962
370.423172
370.042287
370.404585
370.717396
366.859988
369.994005
369.330965
368.975033
369.672856
370.330920
369.746863
370.495718
368.779207
369.737945
369.800967
369.895797
369.377166
370.034955
369.179453
370.682887
369.626545
369.820582
368.552009
369.559564
368.443548
370.452943
372.565589
369.512290
369.132458
370.233946
369.968071
370.240786
370.318766
370.349579
371.545521
372.424578
370.479622
369.657586
369.105271
369.049226
369.977036
369.609623
373.258591
370.025243
370.622613
369.497894
369.243083
369.619478
368.104227
370.198003
370.669028
369.366290
368.902992
370.086818
370.162727
371.502127
369.618874
369.776753
370.301267
369.954175
368.431880
369.917161
371.232393
369.473427
369.747421
369.616535
368.249164
369.156493
373.326341
369.379415
368.922314
370.995903
368.653468
370.557792
368.631894
370.125908
370.671203
369.176828
368.338321
370.361488
369.010195
369.386825
369.814379
369.475855
371.866177
369.798829
368.849209
370.494507
369.269467
370.239112
370.581443
369.887739
369.126922
370.090483
370.256962
369.905974
368.833895
370.543350
369.140158
369.515886
369.610774
370.539802
369.682052
370.077397
368.548321
369.655705
369.426978
369.710023
369.016365
369.234052
373.264048
371.199661
371.275118
370.598665
369.763825
369.649599
368.621688
370.571436
371.288832
369.985787
370.401294
369.775906
369.529177
370.249642
370.076421
369.700806
369.476207
369.621538
370.391553
370.706171
369.998952
370.340903
369.149802
369.862962
370.121850
369.407694
369.934288
370.227515
369.666762
370.480562
369.657579
370.644563
368.330716
370.063030
370.088433
370.900449
371.957905
370.216772
369.034563
370.529786
369.729803
370.283854
368.848073
369.636052
368.461212
370.147806
370.488658
369.957484
369.972269
370.665871
370.226261
370.455382
369.730303
369.886976
371.914337
370.277848
368.218214
370.747515
369.225301
369.945422
369.053513
369.808689
371.829249
370.310733
372.669395
369.969114
369.347218
371.258969
369.903252
369.901243
368.902331
369.393124
369.654225
370.042714
370.669493
371.573601
369.776114
370.187073
369.308523
370.681200
373.885394
370.547397
368.463099
369.660908
367.503479
369.450891
368.489417
370.271795
371.093919
369.650415
368.316561
369.874015
368.494531
370.018230
369.202842
370.329564
369.039735
370.115250
369.017875
369.265443
370.683223
369.818312
368.190558
369.843697
371.248281
370.087737
368.842481
369.981746
370.010529
370.457912
368.092908
370.399082
368.012528
369.863515
368.923118
371.121076
368.901938
369.776502
368.510914
369.846092
369.593565
370.684729
369.907878
370.500204
368.779388
369.974053
368.530224
370.207678
369.799730
370.893446
368.999955
368.946075
368.875968
369.548658
368.281085
370.112814
369.733301
369.437916
368.114629
370.044720
368.814984
370.253562
369.391980
369.674979
368.271575
370.038271
369.718401
369.654009
371.520244
369.818270
372.248011
369.859784
368.806084
370.037678
368.864839
370.153452
374.081830
369.517959
367.234170
370.590129
369.495936
369.820189
369.925346
369.922202
367.982931
369.899870
367.995308
369.843337
369.808919
369.972053
368.693554
370.435907
369.643862
369.016281
369.815629
370.739014
371.753429
370.682725
367.027388
369.450100
368.586148
369.680695
368.555058
370.169062
369.446782
369.112190
371.600272
369.586731
368.576085
369.425279
368.688598
370.254461
368.577437
370.001301
371.067566
369.487986
368.926832
370.321633
369.662929
370.491531
369.485516
369.573693
371.899252
370.310594
368.086373
370.567839
367.908829
385.706410
420.198229
384.071692
409.192520
383.395816
410.260963
384.588040
412.309139
383.182626
408.692999
382.549042
422.489255
384.013747
417.561712
383.833932
426.702279
386.488739
398.578508
386.076031
406.128625
382.414729
407.765818
385.521380
404.919226
384.085149
402.451872
384.336997
403.551791
385.547547
408.280178
383.113177
406.961655
384.482737
401.842269
385.181582
440.621735
382.526855
409.671777
384.516178
402.399935
385.568051
405.710142
384.111393
401.786903
382.834969
411.548252
385.669222
408.918053
384.911967
404.327554
384.212620
401.781980
385.535373
399.938510
383.728896
397.901073
384.421272
399.839403
382.526777
411.313260
382.843819
399.970852
382.964266
412.647589
384.609928
404.367369
386.300232
444.235222
382.231530
415.448311
384.241869
428.950455
382.272585
439.684241
385.448901
398.403532
385.806047
408.985914
386.755395
403.467247
383.758727
413.389066
383.201627
422.650278
382.700944
405.175588
382.450056
414.638649
383.022128
418.685224
384.799687
420.204685
383.376151
431.246362
383.731642
419.113720
383.597603
460.964708
383.331095
416.966814
384.920473
429.067796
384.585178
424.228546
384.124799
432.330648
384.580504
414.262574
387.034044
393.948038
384.629352
408.403150
387.603072
397.944111
383.761191
400.922479
384.929166
433.194935
384.579949
405.123655
386.393550
402.473578
384.388298
426.607344
384.831257
405.009082
384.712924
413.095350
384.908927
410.362849
386.081688
414.140534
386.480334
398.511349
383.039317
436.388023
387.176963
413.549092
383.888194
400.958474
384.526556
412.903450
384.721762
417.507597
386.236964
439.534269
384.980456
399.882873
386.611745
409.859662
387.338581
401.257929
384.798134
400.252247
384.229574
403.910493
387.280318
409.637534
385.861684
433.174984
385.573842
419.462543
384.688910
431.125505
386.056545
405.613550
385.981023
406.363905
384.604965
419.544392
384.829962
409.214116
387.272272
401.874348
383.833393
405.461898
384.986268
415.213379
387.331993
403.244216
384.515929
416.477955
384.818567
401.986329
383.421806
404.876003
385.270112
408.792225
385.489533
402.615735
382.848171
419.380613
383.523894
455.150915
382.000948
402.386723
385.226691
419.538141
386.491826
420.296504
387.553255
397.682225
384.172969
395.286426
384.590461
421.594658
385.752795
423.614819
387.071645
398.135767
384.319908
420.037909
381.937349
411.153029
385.230092
401.902557
385.327008
402.487221
386.533474
400.547716
383.454024
419.637237
382.871376
399.375344
385.532063
407.270973
385.747175
416.916080
385.491137
410.811620
385.389949
433.694449
382.749297
397.144424
386.650405
439.589147
382.154116
408.959277
382.571779
409.913845
389.202712
401.920863
384.354613
402.666687
385.040930
424.065220
385.015314
438.189063
386.819840
405.082634
387.867292
407.816884
383.344958
397.193749
384.982563
399.117308
386.642150
446.796794
385.451508
445.869254
385.808958
410.775440
386.063838
404.815445
386.159276
401.070163
384.025821
396.420468
387.151455
411.749358
384.792251
391.663536
383.617688
415.955672
386.823537
393.474127
388.113977
402.156298
383.199497
395.507615
385.763550
415.805680
386.433947
429.619579
386.495836
395.123070
384.252335
438.559429
385.223625
409.805032
384.279279
405.675030
383.810708
432.376422
385.470306
394.179132
383.793857
392.110050
382.189284
398.285814
385.985931
409.403676
384.093944
448.385412
386.016987
410.440873
386.184018
415.571294
384.439127
398.401542
383.815794
421.317157
385.499455
434.006578
382.204256
401.464942
384.361998
417.378176
382.926498
414.715482
387.124309
409.016875
383.550507
404.672187
384.945374
426.164623
386.738192
415.199958
385.220591
427.779753
384.304511
410.460723
384.677486
409.009822
385.146078
420.921100
384.772603
410.866667
384.264028
405.518325
383.398837
418.769256
385.209175
434.567194
384.532758
425.728182
387.033854
425.740913
384.691286
411.092239
387.452468
393.057932
384.221933
429.889266
384.317171
415.220665
382.839021
423.553026
389.900792
415.427122
384.799636
401.796589
387.063372
421.453587
388.562345
400.625387
386.557723
401.771598
387.110043
442.181182
384.504442
399.580385
385.223004
414.421468
387.802653
402.428267
385.441948
408.043105
384.551450
423.564029
388.783852
432.634422
386.408588
428.879381
386.371277
401.514107
383.764052
413.214191
385.734879
399.838954
387.366410
410.676031
388.811733
396.399325
386.261991
417.914970
384.517088
429.428373
384.034002
403.746992
407.018172
518.668083
409.896123
569.445065
417.364771
505.650934
406.465777
528.289737
410.418245
483.017695
406.084257
597.938985
405.474217
508.377949
409.706532
537.309476
406.441942
499.736711
407.203139
557.683592
410.784343
510.557163
412.885739
516.895667
407.871003
564.627573
413.222321
530.901028
409.152775
471.793285
405.912913
556.201592
417.385171
516.579625
416.545728
546.870107
415.274881
493.355797
415.928413
685.613917
410.190331
552.173518
408.625951
502.613426
417.402063
580.788649
414.483508
538.855734
410.190745
588.817010
409.862798
566.072712
411.922432
575.214145
416.560380
573.906517
416.702229
467.838029
411.644934
541.892840
406.508847
507.178131
408.456892
463.233377
414.915666
522.786855
409.119688
496.850586
413.939351
490.770791
407.724273
545.107561
415.085482
507.662955
414.653314
492.706688
413.841066
543.304589
413.061062
562.892931
420.393600
512.730804
412.419943
516.897542
411.537909
582.621884
407.957165
505.945488
411.559249
558.151187
410.217422
466.579937
407.409369
568.817487
415.646642
529.399548
413.886848
558.919906
407.730586
543.008246
411.187784
611.154477
417.392929
625.425141
410.509297
548.656212
414.665366
473.278816
406.540990
570.628892
424.519319
562.329433
410.981611
529.547557
414.140956
559.896483
410.075037
510.257821
407.258905
592.971034
412.535350
546.513020
412.306111
548.580389
412.550856
547.938421
415.859192
547.400393
416.523244
501.144521
413.374814
599.593094
412.135680
593.595875
413.516163
562.446012
413.322468
549.547285
405.877562
515.423243
405.641079
596.751896
420.138058
504.179246
412.046468
464.522412
418.821143
581.869139
412.077620
591.004045
414.466736
502.422229
411.662236
588.462347
409.840234
559.718969
410.179601
586.960715
412.264738
518.765583
411.742081
539.819726
411.637422
548.675012
408.253261
527.191591
412.311044
580.418067
418.785542
665.662601
409.447267
618.582669
422.458481
588.103841
408.544617
599.798717
410.610982
506.104532
409.217974
556.466385
421.895783
516.706279
413.736669
506.454487
414.526035
666.787556
407.618676
491.627392
407.065463
627.078155
414.961121
540.981692
405.557312
631.603605
414.460457
513.190670
414.183138
535.755847
413.084411
528.017162
416.876575
567.987331
416.533821
537.283157
419.900091
556.759880
417.091148
578.312220
419.622436
533.940067
417.054796
523.830847
409.809799
586.222685
417.784481
555.415503
415.288623
547.526303
409.164251
577.565354
408.413650
578.051741
413.316933
542.787883
413.527161
537.406792
410.695729
531.708975
413.899260
484.956304
408.713336
513.579887
411.024185
566.838213
410.281018
531.447760
413.632644
594.838847
407.941354
605.344746
410.904628
557.292919
409.573469
546.389870
417.112561
572.747408
417.602098
569.423803
419.576661
568.355107
417.435070
557.140178
418.942565
589.897507
410.514963
522.500207
412.908574
604.947741
414.742953
574.604341
420.165780
527.435737
415.432589
613.829954
417.689913
514.774215
408.135126
569.065174
409.764515
528.101587
418.699560
584.545486
409.634655
521.776862
408.782171
658.113565
416.588638
637.223682
415.395878
569.595738
417.764410
522.219180
418.548467
584.600636
412.218483
559.403101
408.900672
537.231288
424.026503
547.428951
415.254277
539.472594
414.648260
534.261460
411.264225
574.421484
412.739073
515.040736
414.376490
529.735414
414.963795
522.164113
419.607486
513.599546
415.051163
562.872323
417.163779
570.495200
417.372021
479.494696
421.529355
493.866309
411.666334
498.826945
411.273973
494.781681
415.435209
614.094023
414.578897
480.737180
416.612975
487.312111
417.283556
548.629465
415.362434
552.326424
415.391616
517.981721
422.690351
497.998937
414.987885
552.301945
409.466325
640.519059
419.314241
507.702293
415.507580
591.578006
416.840391
527.516747
424.624121
558.832733
415.686353
587.222364
416.446498
556.689224
420.616202
509.765749
414.711647
512.823980
417.587243
690.385943
413.598490
594.886436
414.532321
584.799965
418.564108
604.076763
409.998435
591.036244
417.029188
495.856940
412.605198
521.304536
418.201918
526.332692
421.927364
608.364342
410.362389
610.548573
410.537583
562.016700
411.524387
584.302891
408.583124
520.465014
415.026510
526.212853
414.550604
613.618879
413.879892
539.517395
417.693713
545.364461
413.643818
642.035437
415.151339
573.184442
410.558347
500.285264
419.247641
521.485640
410.826338
528.780365
410.594509
540.610278
420.342237
512.428162
420.878321
571.602090
455.548197
702.778836
451.249901
808.095553
439.186845
888.520294
459.819835
898.117631
442.772444
821.645193
444.544484
887.989035
461.107629
748.555538
450.380229
840.366759
455.616934
918.914959
452.186308
892.050603
443.050776
888.955068
464.461338
976.758297
453.983286
837.311747
456.969116
727.671911
445.889054
773.933552
452.345832
800.038410
447.348700
861.640671
447.946695
766.614371
453.873688
1001.10906
450.323067
747.917523
450.663190
703.097761
444.890380
860.541086
473.014776
921.580929
449.066183
845.593255
467.214933
838.507425
460.898180
800.735233
458.895528
709.841315
472.897396
837.639721
452.989439
894.996378
450.857622
890.009954
457.605211
942.222061
473.602571
846.420060
462.904296
822.695027
444.168220
854.555346
445.543700
711.754881
471.319539
872.080863
442.365572
922.594512
451.810570
913.076993
456.409369
936.728008
451.540211
872.123044
460.291206
864.473486
447.237985
738.945775
457.291852
812.653627
466.018974
837.116668
451.438043
798.593760
448.908347
898.889018
457.899917
801.528370
447.557975
752.063326
451.805038
897.728417
445.017661
873.785377
449.460751
829.466375
468.126067
809.193986
457.529685
1084.54674
470.431276
957.546219
448.924262
785.762597
444.461643
793.951118
468.896512
831.974226
456.239698
728.649916
468.770718
938.871062
446.352601
910.445839
449.509944
959.686582
436.746529
803.936030
449.764562
890.080615
450.363774
838.108687
461.764700
759.759493
453.877765
743.821755
448.683339
847.041828
450.038183
883.624529
452.117147
715.035829
459.741693
902.759293
455.477186
904.605228
473.904120
894.975418
463.940027
859.090721
451.002576
820.375480
453.502227
941.670318
448.251573
853.746909
447.595251
782.036529
451.565361
683.181309
455.008042
872.370792
456.886336
900.617877
448.991107
971.170723
448.527860
791.548137
460.593491
912.806575
452.771101
894.248530
450.086185
692.585160
454.313884
799.374109
463.195455
828.494971
475.606593
998.737044
470.298011
819.283364
452.155406
869.028731
458.641340
930.455122
446.212536
845.431157
454.970621
873.836305
448.815872
1084.93450
449.600429
847.877237
464.950728
906.978705
472.688210
857.399245
469.512104
845.029882
456.133070
836.159726
454.307122
676.970940
456.334047
764.384171
457.132679
860.426198
468.437850
670.396559
452.316599
799.819992
457.475850
706.813647
473.390475
715.677176
450.413577
752.928094
458.400014
843.032070
447.555406
856.173819
454.130489
803.547451
454.031917
830.994059
455.267073
810.456115
456.092847
980.629635
462.698431
900.948284
460.502296
838.697794
477.310381
937.172777
455.341716
773.627763
449.539143
831.084880
471.460822
914.039148
448.357045
830.881153
448.570854
753.812242
476.994318
759.085741
474.230534
772.102201
449.143905
769.202174
473.418417
861.697957
458.886762
858.653361
454.307833
836.113515
469.145705
753.018160
455.019899
839.002359
461.212814
924.739600
461.866003
755.287357
461.262521
823.218847
454.253781
934.404706
482.288827
806.252122
449.741597
867.486039
460.371123
965.835412
449.874878
828.565610
483.392433
840.044395
466.985897
964.281673
469.095234
854.835565
466.198556
833.566365
446.879618
877.214617
457.392049
793.882352
457.574253
640.829202
454.888370
819.774177
449.213788
851.441491
467.286981
828.253953
476.176374
937.340087
470.420189
707.904156
453.724880
734.606842
458.570462
803.493028
453.785306
819.385807
459.154453
778.478882
456.232553
751.781235
471.553687
907.548169
442.396911
765.644374
449.662775
863.291496
456.135841
966.343813
447.926998
788.258119
479.642379
944.864159
449.389417
801.496899
456.436392
783.481859
447.691306
771.821021
468.318538
970.339272
468.082923
792.098543
462.012491
821.249928
450.393750
849.340102
449.263583
654.125523
455.877448
981.122032
456.598975
687.343798
478.973189
740.982233
461.393442
842.896072
463.700433
623.717956
468.165066
909.648255
465.048900
709.253785
457.989245
909.142647
456.690045
800.395799
469.525842
1068.40621
467.078789
841.774840
462.690241
881.417310
471.861484
976.940662
467.631632
815.387229
453.185856
734.775726
453.808113
881.863574
480.678976
853.519672
459.814252
891.544207
448.694302
740.933341
480.384450
787.599565
455.935487
842.986955
454.957401
871.329620
452.350032
879.002653
454.224410
821.942112
501.103030
812.948058
479.515866
866.051557
465.110411
716.042019
470.427947
850.818260
462.507409
723.628230
454.887629
772.109657
499.794430
816.350782
452.638780
784.259233
501.454426
1416.90336
522.851353
1449.54003
497.495331
1278.82903
549.236034
1320.45929
503.773486
1302.14055
534.875579
1480.94697
523.699281
1311.62215
496.021988
1747.69245
510.460832
1611.29173
510.229385
1379.30550
512.753171
1189.53396
501.181214
1213.94307
516.038691
1245.86442
533.365836
1510.95835
521.275274
1127.53862
536.887792
1562.46583
523.461323
1478.31868
521.968361
1373.21864
480.542877
971.772807
505.560603
1422.62944
503.189117
1352.56141
539.673842
1076.78996
501.682678
1203.08691
508.394312
1452.68186
563.072056
1226.64685
507.608000
1401.41476
505.696177
1523.72364
648.761128
1196.86465
508.864186
1060.78332
552.318463
1139.74555
575.370802
1326.50080
538.519045
1523.48843
518.802178
1157.05304
508.118617
1503.53493
525.509205
1707.07637
494.422097
1155.04107
522.649405
1655.58332
520.670800
1099.65633
517.580487
1039.39626
509.427145
1371.47810
525.960332
1275.89074
521.867653
1235.72728
481.977473
1547.03806
503.624980
1386.40455
562.139499
1501.39368
500.435039
1291.96449
644.167621
1422.91701
542.505285
1020.35215
586.859297
1367.29593
549.233652
1288.57538
515.021708
1332.20256
503.955508
1222.02940
509.130715
1218.07111
525.934177
1262.13149
494.877291
1134.22485
497.155658
1470.74489
521.360848
1572.33581
539.315594
1416.49576
580.771812
1168.24044
503.363501
1036.70356
510.850088
1044.14867
551.219573
1140.27058
508.592852
1490.31553
544.598340
988.141378
503.107379
1266.93751
524.745070
1342.38646
509.654315
1552.07939
509.273147
1390.34379
525.842217
1308.70360
597.680519
1261.14651
522.036089
1207.91971
562.769681
1561.05202
522.377720
1517.46422
616.304573
1042.47613
503.210467
1439.31645
529.734652
1365.21620
541.430227
1163.83236
530.931739
1348.68949
531.397828
1269.76029
564.485756
1474.02647
527.336150
1867.72449
563.253154
1329.15213
524.381230
1436.49319
521.831508
1083.70474
523.802295
1317.32895
529.065653
1650.27612
515.958732
1266.39146
514.451757
1209.57529
536.557166
1338.06243
492.409776
1084.64435
518.496012
1565.59787
529.578797
1174.54528
519.948196
1433.19977
477.082078
1234.89439
518.887994
1276.07895
558.769651
1338.37412
544.150402
1362.05724
517.640151
1125.59540
510.440970
1321.07281
565.065177
1606.88090
537.329368
1378.25055
524.486523
1211.46316
527.064254
1137.06655
495.409887
1352.86737
549.683737
1249.78950
527.793654
1282.35243
530.477554
1443.72464
520.397245
1187.42812
495.578920
1415.11468
497.633677
1419.96118
519.503859
1164.08414
526.395223
1491.02503
713.494303
1501.23244
533.645841
1176.80579
516.256286
1617.47015
571.031120
1521.84959
558.693375
1331.51762
561.894203
1466.77502
520.677161
1296.08453
505.652559
1444.16198
513.847749
1416.68572
517.351349
1465.37691
567.708604
1756.67020
516.223317
1149.71883
522.588543
1555.24193
520.744285
1348.91994
520.944324
1115.38465
508.372859
1139.07716
512.512287
1267.57159
501.683158
1247.49417
521.534855
1617.69629
504.439897
1313.35810
530.052155
1462.93326
523.578741
1275.25065
519.189207
1478.09642
581.477992
1480.42519
514.340307
1497.67906
535.059893
1020.84751
571.299041
1258.71922
510.572599
1091.12244
535.291298
1282.65330
546.636963
1669.76944
525.071238
1353.66642
505.427558
1634.51311
502.148591
1251.08784
578.953127
1444.24536
536.205221
1465.18047
550.563831
1488.75990
516.193293
1302.76288
558.050014
1495.47735
505.165951
1215.09921
513.001859
1266.36854
517.832035
1093.85033
551.564147
1220.16394
505.436854
1479.98290
516.628532
1249.58797
571.472591
1175.04710
602.782325
1459.13238
532.848515
1634.88816
572.701900
1065.18164
541.181493
1407.72605
515.056132
1326.15016
517.856904
1164.14902
506.958895
1186.52857
560.177062
1284.87087
548.473319
1411.47352
522.388223
1242.72238
516.076057
1220.82550
537.438659
1298.55632
544.852458
1554.78894
504.262055
1222.45678
522.351728
1296.97149
547.569809
1179.85363
509.471109
1212.12610
603.758520
1445.88246
535.176369
1162.59995
515.655174
1360.74213
567.182617
1284.44162
561.620293
1270.75657
523.845270
1233.96773
530.170150
1581.58704
517.541282
1219.46384
524.026056
1166.48402
508.861982
1248.95552
537.006684
1151.85716
562.486803
1283.06742
602.188289
1362.46717
595.968215
1273.31833
530.318710
1407.36052
533.287547
1417.52947
533.942660
1415.73649
529.813517
1448.61517
541.415436
1299.12002
507.833636
1451.50974
529.210182
1182.93845
555.837440
1486.36319
540.174481
1022.07408
530.765830
1359.20870
505.341290
1130.63609
558.032316
1411.45223
664.725461
2201.71899
637.746092
1936.77390
590.276774
1911.42896
578.669504
2060.92086
660.137078
2404.18563
625.584305
2352.63668
753.316489
1733.93688
594.965783
1421.03091
558.878345
1790.89982
607.125985
2341.01803
656.065373
1815.86683
613.272756
2446.45746
683.376880
1952.13805
795.556714
2441.50122
670.822790
1839.95703
669.606263
1730.95993
610.827889
1730.05977
621.387540
1741.22881
582.212251
1773.00350
833.421801
1675.67553
631.322841
2054.30895
1059.45427
1922.95480
728.846855
1902.61562
650.238600
1792.69103
609.948209
1582.98319
701.042977
2021.89719
579.471288
1696.62885
675.076587
2631.45849
598.968006
1702.28273
568.385278
2577.07261
963.445896
1798.81683
730.984486
2187.89152
621.095989
2313.01282
597.024004
1796.02534
649.176273
2435.68333
652.115242
2846.58638
598.973075
2362.56075
609.441425
1589.81238
615.313837
1904.95052
622.915585
2065.70184
642.028768
2227.91721
792.657378
2053.94073
611.036563
2026.72014
812.730518
1908.55434
555.596450
2653.48114
702.146079
2208.56485
582.629799
2724.84135
584.126569
2145.09537
625.814482
2348.98637
608.973731
1810.95349
557.287838
1666.79203
610.340865
2124.15956
1497.34672
2155.38303
569.043837
1569.07020
583.031512
1706.37429
571.912147
1882.13512
593.614562
1872.20120
749.574681
2105.72021
925.738593
2556.29424
650.336190
2237.49417
768.883909
1991.87284
716.660492
2382.94038
638.791712
1759.44119
646.915925
2171.85491
664.822563
2082.12917
659.107234
2316.06989
645.908091
2100.32526
678.782071
1939.34614
1524.10338
2121.99028
713.732601
1978.83168
650.761986
2238.38705
746.728880
2081.08941
689.205251
2289.69682
632.314656
2655.38117
622.639096
1946.01320
579.074565
2318.44581
613.076618
2260.13869
762.508725
1850.72941
596.144091
1591.82042
693.228726
1852.77349
605.583162
2124.48167
1106.99860
1841.93182
799.491231
2373.68861
671.709996
2469.08585
669.783270
2141.87435
569.865674
2398.62070
653.137843
2365.90093
885.639348
1792.46218
970.732780
1717.36607
636.655491
1958.81436
742.388489
2201.24440
595.517279
1932.09240
671.150436
2354.13444
853.865414
1703.06190
598.201456
1955.90944
609.382021
2250.10802
710.014753
2267.64343
741.809171
2034.34166
766.171806
1916.44831
575.905164
1907.26016
622.641454
1549.85990
680.325126
1897.72790
626.306707
1914.24632
619.772898
2145.22656
671.721780
1795.46104
584.797523
2186.84814
610.788722
2262.59541
599.713184
1911.28087
675.114956
2267.67937
569.042134
1950.21949
584.811981
2186.22064
648.777728
1637.44520
726.838938
2159.93960
597.633644
2399.47566
647.164556
1975.42583
2139.85372
1914.03522
623.136337
1823.05664
681.946191
2073.66132
748.871427
1930.56983
605.692839
1319.76948
1352.64945
1858.73264
590.177140
2152.07301
971.594079
1838.23929
723.928834
2506.73194
555.708343
1950.61743
20030.4341
2233.40449
1272.11702
2259.63427
100648.991
2150.61579
743.663022
1921.82019
606.217311
1825.33637
579.399783
1578.00340
611.901898
2277.16849
623.911984
1744.15932
695.863918
2153.48666
540.726347
2072.57718
792.105370
1960.12628
605.661817
2169.09775
5640.05651
2194.94618
683.120697
2026.63979
563.701230
1756.15468
584.990466
2525.98357
802.403732
1883.12411
5554.53013
2458.95603
734.021109
1634.24427
655.660515
2447.87982
624.922210
1775.16258
655.859477
1541.50901
943.966983
1901.84624
605.933513
1827.39442
627.887432
2241.69021
644.097447
1754.29455
613.425320
1884.41031
717.321226
2465.82238
742.153708
2311.44514
672.037359
2377.19615
681.004209
1977.68170
599.300235
2084.80408
641.596517
2045.80558
965.130526
2006.48677
618.000869
2185.40196
630.100314
2335.07415
802.543199
2001.69262
585.891091
2034.99314
606.477041
2495.38676
707.594827
2267.95541
625.429830
1814.88952
618.563040
2113.95478
650.261569
2009.31960
908.658619
2173.61258
702.533865
2441.48861
1726.06678
1976.55101
630.956390
2176.27822
737.480332
1744.61424
922.313341
2058.19449
612.012456
1788.43698
786.701609
1959.49985
607.072769
2271.27834
561.891346
1554.29939
909.924501
1860.51977
603.309958
2017.73098
747.795799
1736.03419
648.978551
2001.05243
786.914710
2002.32491
634.166230
2083.45889
647.192310
1758.93181
600.735758
2075.53564
1146.63698
2546.94627
1044.65745
2184.00022
662.291362
1895.04184
579.844810
1600.09814
697.047102
2012.62964
691.620195
2330.09396
551.228705
1814.10001
687.230887
1986.40381
4135.25384
1490.89598
673.935927
1875.60968
677.411323
1939.36200
646.024791
2137.66145
837.637782
1832.75001
650.588940
1922.23774
744.590530
2857.28084
917.935928
3076.52629
2074.45774
3076.94258
5724.35879
2624.74656
878.404367
3315.01095
2246.47163
3127.98797
776.623889
2747.31213
1379.01619
2634.19601
837.596244
3552.16339
903.830636
3158.43448
1658.20910
2782.54314
862.659463
3323.78325
822.897383
3111.42472
1140.42261
3028.94906
1019.15323
2444.38428
2242.63280
2809.70795
3442.04503
3174.33857
915.455717
2349.48024
117761.761
2861.31446
828.174482
2579.51814
4634.73439
3398.17895
1986.97549
2931.55151
1051.65644
2956.97108
1238.95680
3526.31099
1572.80888
2216.50503
994.812261
3315.52099
20711.0971
3146.26278
1450.82192
2926.04727
1471.57473
3389.69683
1120.46895
2490.63595
1110.96886
3035.30355
12569.8356
2883.43844
38328.6453
3327.31518
76469.4314
2887.27674
1274.74477
2747.98085
731.988619
3116.95981
7344.06024
2873.39144
657.570083
2610.87111
1030.55061
3029.34785
1418.56815
2733.45942
1085.17046
2597.74887
867.434938
2826.17082
1021.27986
2695.75695
834.989154
3816.42336
3256.23950
2895.85563
44511.9063
3179.45650
688.357108
2604.92186
963.257744
2786.56988
999.352610
2920.62653
743.827898
2760.46220
881.945899
3686.74052
789.907587
2742.36291
2772.64421
3164.58372
1104.51217
3036.28933
1060.69940
3845.55418
1240.82113
2613.61365
6829.11502
2860.96247
812.053650
3351.36718
780.999445
2845.88462
1539.90396
3180.49994
72017.0578
3971.32560
2355.62424
2701.38846
2454.95281
2454.76486
1894.67007
2766.11261
1656.88511
3406.89768
69624.4681
2630.17561
707.808530
1982.02101
51482.4498
2986.96658
1014.80626
3773.86277
1156.36483
3717.79070
73450.2526
2685.97757
874.969132
3064.25513
61841.6084
2367.91691
775.907131
2596.10515
889.950844
2666.39906
14451.2568
3104.70827
974.506159
2854.17937
639.491741
2608.34538
723.055059
2480.06868
708.167116
2207.29243
1253.29482
2652.43840
864.186700
3056.30667
2068.20265
3701.37055
5719.74728
3083.31789
31192.3095
3771.15668
50945.8682
3419.88116
765.411875
3330.42064
3866.85524
2607.36559
2960.53236
2739.12977
9241.67806
2953.41303
14372.3083
3192.77576
9609.47683
3050.28772
4509.57874
2684.64795
179082.792
3354.38116
1195.06465
2146.71595
885.381567
2486.98705
21788.7693
2433.94330
905.044413
3266.25191
915.661811
2313.64386
776.016573
2788.41968
816.004602
2742.68733
914.386807
2782.53654
1125.87229
3072.58484
823.169519
2916.66077
8745.87838
2493.77805
862.363656
2426.58914
760.333812
2374.17236
1223.07396
2542.42330
925.589081
3410.47430
1003.15018
3055.07824
92948.2247
2751.96665
97714.6226
3456.73443
65415.7230
3645.79974
1228.30611
2621.51540
947.121763
2542.00970
159976.916
2769.58584
50548.8161
3542.47371
787.594729
2338.10759
80036.7336
3178.46571
84111.2149
3250.89794
887.501551
3207.69114
5316.96997
2752.48722
1339.25245
2407.41670
888.628255
3182.89973
102641.579
2303.50872
958.845706
3069.55984
2613.18744
3450.16551
1508.48445
2060.94677
902.566062
2561.47664
9730.30538
3573.53302
68455.7839
2986.20303
66097.0636
3471.44260
2468.72771
3687.99036
8579.29354
3539.39377
1450.86896
2528.53412
1393.34696
3640.75243
954.064880
3131.28559
1451.00879
3468.96732
772.345249
3092.05410
840.854785
2353.83828
27731.8687
2537.88323
8630.80435
3206.71505
1943.19746
3114.35957
20966.8913
2707.49872
1091.61260
2516.46317
877.550831
2628.23020
86032.9333
3062.57793
766.336788
2837.32423
708.525095
3423.35771
1463.09593
2496.44784
1255.74804
2643.19454
21336.4315
2936.33539
33956.4487
3240.86183
837.794944
2916.39673
873.904286
2359.98532
3040.21530
2703.32577
8060.63850
3457.34056
1264.95959
2571.62410
1512.47910
3041.98712
6651.42794
3463.31452
12043.9703
2936.05043
825.567625
2353.15526
10513.2364
3240.89385
1000.91186
2989.91411
874.548914
2072.74698
932.522250
3437.53552
3428.58358
3490.30440
2589.05330
3434.95863
5801.40518
2816.63207
35170.8982
2760.46031
874.366305
2463.14109
673.860469
3641.19111
165780.648
2858.32195
55875.6897
2895.63409
911.009959
2674.26059
11680.4600
2564.79086
940.757625
2953.51475
2598.67758
2491.07662
2120.60840
3214.20628
2708.53367
2768.93440
971.059258
3420.70840
924.959020
3042.83838
41779.8335
3154.97888
88857.0159
2437.64856
1270.54175
2722.27007
802.260536
3088.96209
733.686228
2387.37330
21461.4141
3076.34905
2867.17497
2761.53524
65263.9607
2959.99335
31718.2408
2216.06725
23179.0259
3560.93737
2459.93244
3051.38765
6973.45418
3005.87082
180034.685
3330.35803
715.635356
2435.41653
900.775092
3457.90464
85555.0846
2686.48452
24758.0687
3073.26446
7106.76028
3704.08768
1076.16021
4292.79035
1074.92024
4172.06129
1066.25925
3788.93186
1103.96016
3645.14408
32153.9625
4149.00049
143230.686
4513.02598
1056.81123
4698.95377
1906.01404
4751.45766
14331.1603
3965.09688
51731.5591
3847.52148
1562.19799
4541.48732
127065.488
4341.20947
89553.3072
4118.13041
14037.3382
4410.40220
9473.50362
5546.61158
3605.73741
4926.18801
42269.6624
4019.32227
83379.8336
3587.69863
24588.4935
3862.55526
62411.1100
4864.33357
11061.2159
3576.67900
29817.1538
4042.70355
13086.5142
4304.97384
2467.37833
4941.31915
26117.9152
4985.76530
73909.9663
4510.37658
4560.09538
4232.38930
863.816379
4904.96972
42988.0867
4245.85548
3319.00125
3461.38587
46997.8070
3481.36373
1045.66266
3611.07570
10490.0744
3855.98802
1062.59330
3590.26196
1620.97896
3538.06390
1793.21107
3689.12613
2765.31527
3853.49507
81787.6017
4788.16347
23548.7012
3338.78474
901.056379
4065.00738
8585.97289
4668.13576
1044.37313
4176.29423
2571.33858
4885.84478
5814.33697
4023.89767
118963.317
3747.34890
79333.2267
4397.39556
19101.2836
3511.43131
2917.51151
4670.19372
968.035289
3863.67674
1741.12603
4000.70573
95248.6754
3728.05275
175691.853
4768.27968
1160.06668
4341.75434
2319.00809
4082.39423
809.667302
3653.43078
25501.7809
4827.21647
2365.94727
4075.65443
3619.05231
3877.48408
1257.93238
3977.40746
1176.13695
3315.43926
5382.18144
4212.22019
112813.450
3796.38243
125725.753
4157.71498
1546.21560
4370.95594
57637.4515
4071.97358
5537.69466
4206.06547
36443.3132
4285.99465
165742.101
4473.01762
54816.8834
5000.99263
28075.9127
3350.15662
1013.53391
4068.27061
1098.82450
4175.67724
1797.50053
4367.38164
6753.50326
4215.86550
110456.845
4049.31364
129951.770
4509.38184
33546.4919
3985.65127
16192.9060
3962.82257
51244.8157
4363.30223
60390.1567
4402.42487
59420.6975
4378.80318
6731.37589
4204.36505
16122.2076
3926.10263
55206.4813
5258.72699
92252.6152
3439.19383
53571.1579
4180.67491
5086.96422
4190.98430
3376.18536
4282.37025
1948.71516
4215.86735
5450.95089
3605.74353
30343.6094
4427.24623
75946.7143
4280.49685
113856.553
3875.54823
125561.943
4434.31434
13284.7550
4409.20007
11141.7782
3219.03681
154816.457
4107.32804
7011.64312
3993.23239
1488.76802
4215.46601
15546.8132
4367.04257
117083.804
4851.19343
144777.105
5690.11394
104117.628
4715.67939
66576.8049
5465.83248
9304.41600
3833.32737
17601.2537
4580.16783
7239.36773
3738.78635
56732.5108
4361.77014
139625.868
3719.14333
964.452279
5087.86234
2639.41346
4696.46120
161131.343
4294.71002
17496.8546
3793.42647
43312.9107
4385.73009
1716.71167
3429.38410
1917.92588
3929.32349
37258.1619
4411.21889
54762.4755
3953.53721
922.133168
4134.38593
57004.3795
3623.61259
55840.9363
4917.20844
67468.3329
4045.25384
71787.9631
4040.35229
81904.2978
3969.98660
7570.00591
3935.28702
2390.84762
3590.50163
1217.98710
3421.19036
81143.6941
4555.99580
166432.228
4090.06788
84430.0165
4486.33980
11200.8218
3975.40038
54061.2941
5034.48155
12288.2660
4265.13324
69678.8599
4616.07371
26815.1748
3441.75522
33560.0494
4048.20631
93723.9793
3895.61937
2757.06076
3830.45263
8380.73685
3941.69435
83464.7979
4775.65307
124501.194
4855.69011
21598.4474
3898.75997
5968.66538
4259.23453
92948.2285
4314.94446
67019.8434
3872.43363
2097.67289
4372.34805
4339.59750
4514.15901
75766.6167
4620.62901
97431.8006
4674.06624
1467.33928
3313.91526
55040.3296
4410.53170
25610.8690
4211.09053
5386.29268
4425.52594
1289.73466
4075.57235
1750.33460
4679.34442
62770.6932
4289.26946
138182.225
3773.01219
71128.4240
4217.42288
122855.365
3995.82219
37924.6396
5220.65971
55200.3913
3557.88970
6378.15951
4573.70036
48762.8830
3497.93134
63778.2893
4183.04883
1048.23546
3710.64648
2433.31240
3930.75781
91058.4377
4643.43180
68142.6455
4254.19298
41058.4297
4269.81562
880.796140
4023.64304
60543.9892
4351.52232
1704.92753
3812.88701
1897.51940
3769.79000
3409.69867
4273.74634
152434.465
3478.51922
43020.4795
3649.51828
23510.4236
4407.84343
23450.2624
3930.79494
897.280051
3580.51311
57709.9861
3298.44249
149604.348
4660.76234
1177.98308
4637.18679
1138.10746
4545.96330
78807.3745
3875.41252
23411.5163
4468.29730
5053.38632
4141.48190
45524.1391
3736.29916
1417.73689
3981.20785
72480.6279
4346.92215
39125.6062
4045.76616
6277.54526
3855.64834
2503.86954
4552.95664
2284.51904
4526.88678
81618.8665
5085.09835
9854.00661
3921.51752
104432.138
4117.06147
10234.9307
3966.78363
23717.0479
4080.65084
24447.0404
4379.95381
3109.53683
3800.88043
31279.4308
4997.51917
182058.977
6387.64955
45006.3974
5297.01206
64268.0153
5443.18458
1337.12736
5513.23991
177444.461
5548.71154
8863.53655
5763.81469
52361.2695
5182.33442
174358.556
5128.04656
79842.4341
5677.38337
1255.76834
6006.85500
2389.01802
5330.71409
102414.518
5563.85291
48957.5598
6092.97116
83766.0324
5179.14082
122183.118
5651.05549
205351.997
5725.69341
175653.565
5404.27462
51379.2760
5037.37299
47461.2628
7169.86999
7862.74400
5651.26032
199132.372
6699.87197
8075.66086
5090.05682
13465.9061
5553.42181
8491.80295
4893.40064
33222.8289
5517.76456
1649.37049
4960.08304
125999.615
5565.08028
200156.914
6403.72113
246703.541
5445.01914
203554.646
5563.43330
94295.2495
7465.39102
98009.4219
6085.04326
58790.4414
6067.40132
202705.440
6247.41001
6085.26914
4669.38155
3158.49530
6026.48406
139222.407
5416.47839
110519.524
4607.73443
56212.6436
4942.18705
188379.393
5766.74367
81845.6398
6010.68322
103699.449
5340.30138
6357.05765
4628.78554
189300.185
5983.76876
9717.29346
5441.15730
126208.226
6676.95784
149939.899
6596.82695
139312.890
7197.02495
6203.14711
5452.75885
2768.99121
5583.24584
95591.8691
5661.02882
40435.3488
6081.69180
99510.3610
4723.22860
119406.388
5377.79136
122738.048
5868.61058
160458.350
6386.21139
108715.900
5929.51692
253628.632
5651.04758
1817.26442
4012.02181
3772.36961
5321.33054
75656.3915
5837.24516
274545.529
5449.06332
55906.4845
4104.48399
1340.20580
5273.70175
50622.3634
5799.69365
19749.5985
4620.49328
71852.6478
6936.27699
184691.272
6825.08278
69056.8030
4847.28721
18444.3340
5032.90838
69224.0003
6223.85514
153040.869
5202.36641
3953.60758
4802.66226
116986.371
6492.66741
179872.890
4813.72734
173394.467
5604.26624
143368.062
5584.00994
46961.4982
4368.73105
143963.124
5837.74635
28041.6220
5873.49185
1910.10249
5868.49747
123967.293
6937.91937
131284.573
5142.90391
76589.6817
5888.69649
6483.62692
6098.84456
170950.823
5131.11443
96414.7891
5596.67615
3018.38884
4908.47559
144549.841
5361.20665
150340.075
5164.19694
3694.42493
5961.09841
1985.48241
6454.25005
2485.49976
5022.97881
128875.447
4755.80867
28595.9936
5459.87375
147366.613
5038.13639
82389.7386
5738.47957
182200.129
5445.08653
120432.296
5450.64410
103499.165
6051.51487
147503.905
4565.13954
6824.39421
4748.15673
204515.722
5539.60964
63789.2777
6033.31964
212202.333
5575.69640
123655.205
7384.43565
1936.69534
4640.55111
181057.660
5478.93982
32922.5175
4643.87299
62721.8016
6963.45907
16682.4787
5800.71421
65632.6331
5534.76807
148637.912
5660.70819
207814.301
5233.79761
81836.1961
6638.01333
161909.842
5542.59447
991.006902
4833.87589
7858.76342
5969.88255
107723.182
5671.13205
96234.7145
5810.85290
30314.3546
5893.75973
152607.652
4937.89796
7155.58732
4947.77426
104403.399
4715.05059
144478.133
5510.46202
104841.020
5238.96746
67655.5605
5770.44334
4096.21099
5306.12265
138535.679
5726.41084
179786.951
4675.49638
1660.25666
5465.94035
19150.6030
5521.74460
65771.3806
5726.18926
163206.462
6088.33805
159937.727
5202.65722
175887.479
5748.78128
119787.531
5636.04455
128879.454
4533.27910
157016.371
5760.36448
202373.037
5039.13201
231477.257
4459.07828
195939.087
5243.31642
97494.4290
5884.49752
3522.78501
5491.77939
24919.8458
5235.90523
7829.44007
5158.30318
99591.4733
6288.75404
4055.25468
5355.55667
71113.7525
4886.69585
51171.8824
5264.97295
124185.313
4906.51394
83253.1068
5243.80361
75140.7548
6568.79326
4648.17834
4570.58422
60234.7220
4072.28124
25165.8917
5382.38163
102245.458
6698.40358
154063.766
6402.95987
180242.126
5027.58132
139061.370
6591.35333
363642.988
5410.15131
168403.121
4935.25517
178903.365
6284.08197
158887.447
6005.49533
1599.35005
4304.56701
182342.994
5113.04355
208079.822
5627.88499
148416.635
5173.34060
140466.847
5318.61816
177591.853
5627.06889
58431.7762
5941.84627
21963.9577
5157.74184
5379.39994
4984.44471
266364.566
5910.97031
31604.1294
5953.58084
143606.385
6088.83173
3733.31122
5408.67156
190908.620
5116.05177
87618.7700
6089.90365
170373.181
5540.99464
73452.6646
5953.21859
15436.9760
6936.70856
7600.58642
5559.76394
1935.00021
6407.75942
158673.905
5837.11884
29448.9777
6500.98251
170980.442
6340.56938
207684.056
5492.22385
219935.947
5517.46868
164891.737
5932.95277
81386.4612
5474.88368
138771.387
5883.68377
111020.279
6376.01174
18761.4770
4210.74059
110635.482
5263.14069
227635.591
4665.73291
109881.998
5624.53958
3314.46888
5338.65090
134547.040
4933.53171
170699.546
6216.60494
139484.998
9004.78474
77675.3657
6758.46438
144968.649
7457.20852
183834.227
7292.88648
171319.194
7672.30425
210212.173
8934.28971
209834.207
7555.29625
44783.1195
8707.91022
147700.395
6461.67135
155033.539
6227.10595
177278.794
6330.33559
9441.70818
5745.53094
9505.32816
6771.70390
226375.073
8065.72329
82759.4147
7182.73657
193619.967
7169.84115
105304.727
7465.84813
189895.973
8441.51478
130219.670
8013.79236
3576.00663
6929.68074
171545.410
8019.64727
73542.7622
6079.46585
27174.3260
7010.65152
63231.5627
7403.49654
47408.2506
6588.11314
143543.724
6827.82720
222799.531
7916.78206
149611.653
6562.59010
155657.685
8656.24829
98636.0247
7351.91128
3302.34168
5707.47976
170492.551
6245.08273
162996.776
6312.62311
89634.1830
7057.33572
222400.485
6811.56261
124842.848
7268.64856
152178.000
7189.93749
199932.717
8577.78322
71017.6947
6654.17757
179523.305
8408.74396
184875.541
5971.06522
67458.7165
6711.60675
171928.738
6730.48498
99128.5491
6490.87379
192483.823
7239.14967
188641.625
6879.72532
162657.417
7434.43532
208090.015
7104.01133
228571.292
6735.14360
187640.675
7851.06672
259715.018
7591.62588
2450.34762
7968.86163
141835.740
6684.76876
15691.7498
6230.64227
125512.314
7903.39163
148896.948
7290.33619
156876.556
6768.98765
124680.163
6342.72704
7808.26662
7146.19229
113395.579
7077.23799
3137.31222
6756.17851
339703.162
7864.46542
76495.6748
7037.81920
158168.485
8124.93730
4513.76849
7182.92114
176506.774
7036.37173
292248.398
7866.04815
290369.873
7572.39141
87494.0385
5900.50106
35778.8238
7389.61663
176135.279
8214.79107
105567.321
7437.60741
71255.7407
7192.29127
263342.729
7832.55207
504524.330
6588.24011
149127.979
7502.84384
66172.5513
6704.72617
191358.293
5664.15467
141505.756
7778.10946
1665.67036
6579.29621
100916.313
6828.94406
119444.083
7055.73820
19648.5665
8147.56878
24054.7265
7345.43082
212187.024
7338.49633
183129.435
7503.45888
58752.1544
7918.34344
46590.6085
6941.67325
181935.083
6129.60101
11186.2973
6603.83820
202236.898
7265.86546
108538.746
7306.37928
143036.957
8183.39053
155024.602
7559.76364
341525.178
7978.80056
125988.597
7159.07060
162727.368
8570.59701
12251.1272
6676.27248
141159.988
7754.60354
181503.210
6960.65774
200234.572
6729.31876
5632.15535
6402.49771
199260.621
8197.29480
210703.492
6425.23752
161226.404
6398.10128
218221.578
7118.77859
41257.3912
7942.45864
146488.979
6440.48027
147739.898
7334.47951
94651.7062
5769.61829
162058.232
8301.42380
266568.164
6984.45035
197136.757
6094.90277
239670.983
6869.38126
308234.332
6473.33273
175591.186
7225.43441
70355.2746
7258.95589
282423.885
7253.29056
197489.739
6320.38124
201707.960
6637.74071
1805.99746
5931.01760
124582.982
6609.08610
215608.143
7198.70991
213119.257
7137.56827
151053.488
6547.40594
165497.817
7641.73454
133600.350
7448.32758
1092.83276
5757.58702
197837.535
6254.32276
189838.972
6095.70362
138590.976
7135.10368
35162.4846
8281.59860
463993.169
7302.99071
77084.9250
6635.83600
231194.133
7215.12872
194657.186
8489.58319
193904.747
7534.44141
151108.866
6647.07295
3575.26306
7429.89721
194610.228
8572.18933
245113.420
7124.98184
18349.9932
6499.90804
243389.988
7357.35819
206122.442
7601.67893
306119.483
6546.06533
171888.139
7504.09557
4951.96690
5867.17810
224720.826
7306.75374
186592.213
7995.79455
223808.480
8569.21503
31848.5363
6319.54559
38628.2798
5279.19841
205535.808
6070.09342
186941.881
5574.53865
4782.49368
6548.64976
187357.695
8295.65474
250492.926
7845.02643
341193.620
7558.18823
133648.936
7210.02858
66576.1569
5111.49281
216993.286
6658.84022
178339.244
7347.13231
266195.954
7575.92323
5990.50988
6062.44519
204213.981
7635.15813
263643.145
8225.62228
4053.12606
7770.18833
188221.140
7135.50880
125265.537
5951.51041
145165.875
8098.40981
200650.328
7844.31510
90167.4870
5562.18225
96891.0455
5810.32135
273502.979
7812.54740
142795.768
6708.91410
208653.192
7335.55681
219094.391
7115.25633
104194.534
6200.85828
19213.2836
7223.50288
1111.21609
6674.72105
119507.627
6794.06016
194395.150
7191.08711
227457.297
6805.20925
158306.205
6572.25184
18868.8447
6747.61377
190416.447
7043.84636
44307.5154
7595.96844
323164.228
7094.93516
225555.804
8534.90755
88208.9559
7600.41885
191942.864
5878.45288
183450.876
7049.34878
52506.6923
7225.40673
163358.331
6719.63410
190767.676
7872.36505
167228.151
6991.76010
325869.425
7200.21176
204519.488
7791.83667
315731.472
8200.62999
