81125.2614
81125.2614
81125.2614
81125.2614
81125.2614
81125.2614
81125.2614
81125.2614
81125.2614
81125.2614
81125.2614
81125.2614
81125.2614
81125.2614
81125.2614
81125.2614
81125.2614
81125.2614
81125.2614
81125.2614
81125.2614
81125.2614
81125.2614
81125.2614
81125.2614
81125.2614
81125.2614
81125.2614
81125.2614
81125.2614
81125.2614
81125.2614
81125.2614
81125.2614
81125.2614
81125.2614
81125.2614
81125.2614
81125.2614
81125.2614
81125.2614
81125.2614
81125.2614
81125.2614
81125.2614
81125.2614
81125.2614
81125.2614
81125.2614
81125.2614
81125.2614
81125.2614
81125.2614
81125.2614
81125.2614
81125.2614
81125.2614
81125.2614
81125.2614
81125.2614
81125.2614
81125.2614
81125.2614
81125.2614
81125.2614
81125.2614
81125.2614
81125.2614
81125.2614
81125.2614
81125.2614
81125.2614
81125.2614
81125.2614
81125.2614
81125.2614
81125.2614
81125.2614
81125.2614
81125.2614
81125.2614
81125.2614
81125.2614
81125.2614
81125.2614
81125.2614
81125.2614
81125.2614
81125.2614
81125.2614
81125.2614
81125.2614
81125.2614
81125.2614
81125.2614
81125.2614
81125.2614
81125.2614
81125.2614
81125.2614
81125.2614
81125.2614
81125.2614
81125.2614
81125.2614
81125.2614
81125.2614
81125.2614
81125.2614
81125.2614
81125.2614
81125.2614
81125.2614
81125.2614
81125.2614
81125.2614
81125.2614
81125.2614
81125.2614
81125.2614
81125.2614
81125.2614
81125.2614
81125.2614
81125.2614
81125.2614
81125.2614
81125.2614
81125.2614
81125.2614
81125.2614
81125.2614
81125.2614
81125.2614
81125.2614
81125.2614
81125.2614
81125.2614
81125.2614
81125.2614
81125.2614
81125.2614
81125.2614
81125.2614
81125.2614
81125.2614
81125.2614
81125.2614
81125.2614
81125.2614
81125.2614
81125.2614
81125.2614
81125.2614
81125.2614
81125.2614
81125.2614
81125.2614
81125.2614
81125.2614
81125.2614
81125.2614
81125.2614
81125.2614
81125.2614
81125.2614
81125.2614
81125.2614
81125.2614
81125.2614
81125.2614
81125.2614
81125.2614
81125.2614
81125.2614
81125.2614
81125.2614
81125.2614
81125.2614
81125.2614
81125.2614
81125.2614
81125.2614
81125.2614
81125.2614
81125.2614
81125.2614
81125.2614
81125.2614
81125.2614
81125.2614
81125.2614
81125.2614
81125.2614
81125.2614
81125.2614
81125.2614
81125.2614
81125.2614
81125.2614
81125.2614
81125.2614
81125.2614
81125.2614
81125.2614
81125.2614
81125.2614
81125.2614
81125.2614
81125.2614
81125.2614
81125.2614
81125.2614
81125.2614
81125.2614
81125.2614
81125.2614
81125.2614
81125.2614
81125.2614
81125.2614
81125.2614
81125.2614
81125.2614
81125.2614
81125.2614
81125.2614
81125.2614
81125.2614
81125.2614
81125.2614
81125.2614
81125.2614
81125.2614
81125.2614
81125.2614
81125.2614
81125.2614
81125.2614
81125.2614
81125.2614
81125.2614
81125.2614
81125.2614
81125.2614
81125.2614
81125.2614
81125.2614
81125.2614
81125.2614
81125.2614
81125.2614
81125.2614
81125.2614
81125.2614
81125.2614
81125.2614
81125.2614
81125.2614
81125.2614
81125.2614
81125.2614
81125.2614
81125.2614
81125.2614
81125.2614
81125.2614
81125.2614
81125.2614
81125.2614
81125.2614
81125.2614
81125.2614
81125.2614
81125.2614
81125.2614
81125.2614
81125.2614
81125.2614
81125.2614
81125.2614
81125.2614
81125.2614
81125.2614
81125.2614
81125.2614
81125.2614
81125.2614
81125.2614
81125.2614
81125.2614
81125.2614
81125.2614
81125.2614
81125.2614
81125.2614
81125.2614
81125.2614
81125.2614
81125.2614
81125.2614
81125.2614
81125.2614
81125.2614
81125.2614
81125.2614
81125.2614
81125.2614
81125.2614
81125.2614
81125.2614
81125.2614
81125.2614
81125.2614
81125.2614
81125.2614
81125.2614
81125.2614
81125.2614
81125.2614
81125.2614
81125.2614
81125.2614
81125.2614
81125.2614
81125.2614
81125.2614
81125.2614
81125.2614
81125.2614
81125.2614
81125.2614
81125.2614
81125.2614
81125.2614
81125.2614
81125.2614
81125.2614
81125.2614
81125.2614
81125.2614
81125.2614
81125.2614
81125.2614
81125.2614
81125.2614
81125.2614
81125.2614
81125.2614
81125.2614
81125.2614
81125.2614
81125.2614
81125.2614
81125.2614
81125.2614
81125.2614
81125.2614
81125.2614
81125.2614
81125.2614
81125.2614
81125.2614
81125.2614
81125.2614
81125.2614
81125.2614
81125.2614
81125.2614
81125.2614
81125.2614
81125.2614
81125.2614
81125.2614
81125.2614
81125.2614
81125.2614
81125.2614
81125.2614
81125.2614
81125.2614
81125.2614
81125.2614
81125.2614
81125.2614
81125.2614
81125.2614
81125.2614
81125.2614
81125.2614
81125.2614
81125.2614
81125.2614
81125.2614
81125.2614
81125.2614
81125.2614
81125.2614
81125.2614
81125.2614
81225.2584
81029.1734
81126.6176
81140.5892
81268.4761
80729.4495
81130.0778
81115.0900
81130.0095
80700.9967
81129.8426
81341.4609
81139.1177
81033.3438
81120.6041
81760.1625
81134.9504
80952.2737
81129.7346
81146.4048
81117.5760
81615.1466
81128.8941
80827.7849
81251.1371
80903.4648
81123.2678
80998.1623
81261.1904
80876.7715
81268.8761
81555.3836
81118.3601
81464.5316
81244.4411
81284.0737
81136.4419
81336.8984
81234.6078
81022.8674
81241.7395
80878.9302
81255.7234
80937.4377
81146.3240
80630.0999
81267.1103
81374.9658
81263.4149
81219.2136
81243.5340
80711.1710
81109.2231
81493.0180
81141.4421
80777.5293
81249.7396
81367.4531
81142.9951
80738.5542
81248.0108
81225.9775
81248.6299
81027.8390
81265.0126
81637.9622
81121.8297
81595.7037
81125.9118
80883.9175
81238.2226
81172.5869
81132.8991
81067.6555
81123.2808
81026.3556
81120.5116
81003.4965
81123.3141
81011.6610
81130.2894
81113.3520
81247.9698
80787.4872
81237.1384
81267.8347
81124.6163
80822.7282
81125.6342
81426.9472
81241.4145
81337.2962
81129.8799
81142.9215
81130.7867
81245.4071
81130.8999
81434.7967
81121.0716
81524.1373
81123.4716
81031.3261
81132.2833
81532.5331
81137.2522
81370.9883
81124.7596
80988.8556
81130.7159
81332.5277
81114.3412
81018.1577
81239.1815
81283.6953
81131.9691
81308.0987
81263.8837
81127.7627
81138.8635
81347.1337
81258.5794
81386.3358
81123.9996
81017.8307
81247.9248
80838.0097
81128.7672
81372.2214
81134.5201
81388.4468
81131.8962
81345.2784
81122.0891
81369.0498
81257.6665
80899.8160
81129.0364
80577.0738
81139.1351
81013.2543
81136.0328
80874.3922
81121.9606
81235.8023
81111.9771
81052.3119
81129.6452
81266.9010
81250.7743
81184.0638
81257.1905
81402.5914
81257.1287
81001.7219
81129.0258
80892.7914
81134.3775
81311.8454
81130.5172
81545.3788
81126.9764
81229.5514
81125.4875
81184.9402
81226.2674
80871.7751
81139.4059
80714.2028
81242.5707
81023.6729
81122.8544
81242.2073
81119.7556
81507.8391
81138.2374
81239.7164
81122.4711
80871.4550
81132.5676
80837.5020
81253.9808
81129.7991
81148.5700
81081.8712
81129.8100
81370.5612
81129.8687
80797.6364
81122.6174
81182.2104
81258.8805
81125.7850
81123.0397
81354.2487
81262.4777
81334.8121
81118.8616
81279.8048
81112.3007
81463.2832
81129.4846
81017.7308
81138.6112
80717.6254
81130.4238
81275.4586
81112.3803
81365.0935
81253.9736
81520.7139
81126.4308
81395.4147
81146.8345
81247.7778
81227.9139
81025.4169
81121.1925
81720.2076
81250.3391
81453.6230
81144.9102
80670.9484
81127.7938
81022.5954
81247.1368
81400.0430
81265.4116
81380.3378
81134.9056
80995.5177
81119.9020
81478.3271
81231.4593
80995.7351
81269.4025
81658.9528
81240.7043
81589.5884
81128.5080
80696.3021
81263.7042
80807.8008
81125.7923
81432.3402
81134.5593
80886.0133
81242.7665
80665.1212
81115.9179
81533.8011
81141.1178
81461.6465
81129.5330
81209.1571
81148.4052
81372.0757
81126.8455
81093.6411
81125.0176
80981.6480
81123.3113
80571.8701
81127.8487
80825.9387
81244.1993
81211.8286
81120.7423
81382.7770
81127.9449
81145.6000
81137.1793
81670.3870
81269.9092
81114.2580
81133.8833
81070.3248
81249.0912
81613.2455
81129.1260
81418.0351
81231.0245
81167.9611
81125.4112
81579.3646
81263.9819
80757.6039
81128.4821
81326.5633
81239.9477
81318.7153
81135.2176
81220.1801
81118.7660
81191.5801
81244.5065
80562.6024
81104.6137
81082.4062
81255.2581
81098.4828
81114.1212
81319.5245
81258.5128
81254.5890
81144.8536
81791.6427
81116.7981
80680.3681
81253.7776
81688.7117
81259.8593
81479.4249
81126.3593
80483.3806
81133.0000
81720.8165
81125.0110
81187.7596
81127.0635
81298.6072
81117.3402
81113.8394
81124.1811
81598.7448
81126.7806
81037.8920
81136.8486
80388.0612
81246.4369
81340.4305
81236.5279
81307.9927
81125.1485
80664.0051
81128.2246
81069.4402
81131.1250
81189.0810
81133.2007
81322.6980
81129.6838
81178.9800
81120.5984
81045.2167
81256.0849
81070.6416
81124.3956
81129.8307
81134.5419
81150.2630
81230.5977
81347.0365
81238.1852
80924.2783
81133.0213
81172.8846
81128.3222
80646.2932
81119.9280
81231.7171
81272.0033
80833.1891
81247.0621
81337.7023
81225.5294
81353.9862
81108.3672
80816.3756
81230.5965
80775.7448
81267.0008
81577.2270
81118.6631
81117.1115
81116.6023
81657.2837
81125.1919
81101.1299
81139.8486
81015.5004
81246.4791
81096.3637
81277.6395
80904.2230
81269.9379
81522.7979
81270.3322
81245.9496
81246.3302
80904.7665
81258.7712
81147.2838
81138.6101
81087.7364
81251.5065
81325.8670
81138.1917
81077.2746
81135.2969
81032.2928
81258.1978
81308.3201
81260.7320
81447.6790
81307.3234
81121.1419
81123.4803
81237.9514
81150.2265
82101.4406
81283.4759
81274.7370
81197.9283
82250.1509
81167.7609
80789.6720
81224.9787
81765.1195
81253.1052
81927.9789
81288.5371
81073.9509
81176.5153
81494.7186
81132.2987
80912.6493
81119.8375
81033.4538
81284.4351
80995.1017
81138.9881
80930.7314
81160.5037
81599.7610
81166.0563
81378.7221
81265.5508
80963.3527
81201.8213
80811.8340
81275.0832
81668.1723
81169.0814
81363.6299
81270.6255
81319.3828
81164.9873
80555.9013
81291.6502
82604.2451
81248.4070
80847.6709
81291.5951
80676.0060
81216.8992
82100.3009
81253.5006
80608.4554
81305.2798
80919.8668
81297.7889
81169.8303
81320.1062
82332.1685
81355.2246
81322.9108
81241.3625
81569.7693
81291.0845
80955.1248
81150.7616
80665.1563
81152.1491
80824.4110
81152.4464
80872.6512
81291.0973
80662.2370
81272.9803
81459.1506
81159.4666
81809.9777
81282.4928
81355.0134
81157.7519
82293.9962
81272.4998
81677.1948
81358.1763
80693.6757
81268.8544
81714.2087
81250.3695
81399.3503
81292.9632
81594.6092
81128.2256
81592.1685
81139.7793
81473.8728
81290.0624
82034.7880
81124.5215
81335.7044
81270.8511
81555.9748
81166.0711
80974.5858
81260.9985
80305.3733
81269.0540
81763.0194
81268.6680
81460.0740
81232.1750
81796.4739
81279.2094
81126.5494
81240.0053
81463.7296
81291.9069
81675.5564
81247.0345
81716.0229
81348.2406
80824.5625
81241.2670
80419.5619
81241.5702
80515.2244
81277.8736
81675.8472
81385.7103
81585.8031
81409.9099
81625.6686
81384.0219
81596.2989
81269.9809
80739.9688
81265.6982
81409.5135
81121.9902
81459.0053
81263.1618
81800.7369
81162.3780
81662.7350
81119.8764
80951.0263
81236.4202
81643.3742
81183.5805
81447.1083
81241.7138
81539.2668
81128.5731
80643.6022
81276.3223
81765.4555
81148.7763
81565.6244
81249.8449
81587.8506
81308.5511
81015.3421
81120.5048
80691.3671
81155.8116
80717.2853
81166.0385
81254.7197
81151.4508
81912.4280
81294.2886
81954.3991
81122.6438
80975.4616
81176.4300
81713.6838
81300.2520
81142.3278
81169.2592
81327.6304
81247.0881
81519.3661
81283.2099
81033.3944
81238.7142
80949.3562
81127.5348
81376.2721
81250.7958
81102.2138
81161.5452
81067.8475
81155.8740
81302.1153
81175.4901
81565.7624
81242.0714
80202.8231
81237.9925
81983.5886
81189.0908
79944.4690
81148.0726
81577.0251
81252.8111
80982.1513
81270.3722
81798.6460
81164.1032
81335.5685
81278.8741
80590.6972
81219.4011
80817.7112
81375.1368
81514.4415
81267.4489
81101.9665
81266.2448
81727.2188
81277.6805
80258.7793
81288.5004
81908.8202
81137.5304
81556.4771
81145.2698
81413.9476
81263.8006
81629.5426
81174.1518
81301.0958
81166.3254
80999.8278
81164.4823
81100.9412
81305.0900
80853.1451
81375.9062
82075.9191
81260.9559
80349.8675
81139.7758
81084.5904
81178.1737
81838.1154
81144.4993
79692.3235
81167.8045
81797.6146
81122.2234
81362.8250
81131.2196
80896.7337
81271.4313
81743.8583
81188.5931
80696.2241
81118.0643
80224.5106
81112.2332
80896.2589
81156.1829
82668.9012
81302.1735
81874.0463
81161.4577
80561.2819
81267.1820
81828.4816
81258.2784
81604.1225
81278.9214
81211.1402
81347.7529
80584.6372
81137.4397
81446.9185
81249.7647
81460.0528
81286.3869
80852.9511
81245.2409
81422.1324
81116.3445
81547.0665
81271.5694
81204.8504
81272.7366
80380.5632
81166.1172
81122.9883
81271.2270
81218.5678
81128.5475
81013.1079
81276.4857
81361.4467
81402.5135
81735.0284
81311.3924
82421.6349
81276.6717
80584.6991
81266.2162
80841.7738
81285.0734
80882.7344
81285.4854
81121.1686
81149.1436
80786.3608
81272.8949
81279.5678
81315.4458
81693.5446
81257.8692
81083.4127
81275.9353
80906.9355
81139.5975
80877.3186
81146.0276
81785.0425
81168.3175
81389.0032
81260.8544
81250.4098
81308.2025
80935.1742
81316.2961
80770.1684
81121.7946
80807.3129
81182.0691
81533.3276
81150.3687
81641.8066
81305.4630
81751.4664
81292.9980
81151.3395
81292.7679
80894.7566
81197.6575
81344.3557
81176.4266
81588.9072
81269.9541
81155.6173
81243.9882
81123.8603
81173.2789
80970.8107
81253.3309
81332.8240
81340.3332
81957.1779
81389.4001
80591.1754
81326.8379
81152.1216
81275.1065
81703.9421
81261.9836
80885.7656
81247.0489
81274.9202
81242.1060
81083.2501
81272.1729
80159.7893
81138.0461
81058.8130
81181.3730
80502.4729
81254.3037
81044.4590
81242.5321
80859.7114
81280.3093
82184.9469
81271.9787
80640.7742
81148.2491
81301.3652
81317.2976
80878.4847
81259.9594
81606.3047
81230.8069
80078.4982
81296.7408
79991.7879
81400.5722
81664.1869
81329.9160
82587.6504
81382.5891
81012.5471
81304.4846
82101.0096
81279.7721
80422.8951
81188.5892
80348.5104
81264.0162
80983.9746
81328.4259
83992.4276
81404.1353
81570.8571
81290.7796
82172.5979
81295.2651
81469.5219
81261.7276
81698.5801
81392.6006
79077.6040
81296.1533
81631.0455
81379.1921
82114.6136
81258.4440
81689.3000
81212.1115
79634.0669
81409.5639
81679.6914
81390.2701
81187.1931
81447.6843
82721.2559
81387.4387
82267.4873
81300.1140
81538.7948
81168.5052
81708.8304
81416.4438
80525.4801
81264.8271
81483.1273
81300.6940
81673.1587
81208.9195
81736.6795
81288.1244
81040.1035
81384.3767
82108.1018
81382.2720
81329.3978
81306.2601
79747.2690
81223.3792
80501.4701
81281.6121
79276.0329
81368.0367
79595.2633
81307.9578
80702.8257
81218.4022
81224.7945
81426.4203
80800.2913
81271.5266
80913.3761
81303.6955
79560.1501
81290.7889
80977.0535
81287.6434
81125.5672
81204.7089
81751.2462
81390.6592
82452.2084
81360.8289
81078.8995
81317.0665
81150.2634
81332.3409
80143.3659
81364.5291
80153.3271
81254.5308
82564.4245
81302.2653
81398.8716
81365.5764
81484.0753
81280.6444
80109.3149
81294.1302
78831.9945
81374.6299
80024.4776
81381.0553
81941.7856
81303.8276
82175.3086
81176.6698
81050.4895
81325.2400
83165.8271
81403.3502
81732.4623
81350.7996
83178.4223
81334.1717
80296.5322
81480.1817
80709.0321
81352.7304
82338.7475
81483.5440
81711.9287
81296.0835
80652.5989
81409.2884
80466.1563
81433.4582
80802.8027
81415.2788
79930.8950
81263.8354
80865.4027
81201.1310
81497.3076
81316.3320
80167.8922
81384.4023
81543.5203
81235.6038
81541.7175
81391.7921
80805.9175
81279.1821
81358.6173
81370.5947
81898.5551
81210.2694
82962.8055
81411.0510
81973.6442
81177.9833
80318.9870
81329.5248
82663.1196
81297.1007
80919.0107
81290.6884
82353.4112
81409.6486
79993.3222
81243.5858
81177.0792
81368.9406
80363.6212
81388.4056
80201.0052
81364.3489
82198.7284
81406.6085
81473.6927
81318.4005
80969.1245
81309.5927
82756.3614
81481.2947
82125.2284
81436.6345
81169.3749
81267.0600
82498.3702
81405.9051
81065.7807
81288.8290
81720.5125
81457.5868
81256.7892
81188.4621
80953.4657
81378.3675
82212.0552
81168.3610
81720.2331
81187.3668
81264.2152
81237.0324
81145.0840
81424.1265
81564.4051
81273.1626
81984.9142
81393.0638
79345.9868
81409.5490
81835.7400
81201.7241
83136.3072
81313.1402
80407.8798
81348.8704
80009.1257
81359.0860
82771.4830
81379.4911
83701.3705
81146.9150
81839.8815
81373.7681
82320.9815
81413.2516
81417.0068
81252.4753
81568.5135
81356.9995
80022.3944
81278.9470
81184.5193
81369.7647
81717.0770
81289.1077
81831.2832
81389.6520
82019.9764
81325.2667
81210.3997
81406.0919
81713.3891
81410.1907
81090.3672
81452.5293
81288.6585
81309.6417
81552.8546
81168.2395
83420.7449
81306.5819
81439.8197
81326.5445
81743.5953
81186.4986
81250.6492
81283.7711
82623.7602
81410.2692
79951.5814
81311.9584
81828.0638
81356.8788
83171.3314
81308.5276
83236.1801
81294.9807
80981.0337
81420.0109
82133.3555
81299.3640
81881.6737
81378.6572
80793.7080
81450.4448
80271.7615
81224.3396
80355.9705
81390.9440
81738.2682
81232.6079
82568.7994
81373.6351
81730.9203
81278.3146
81444.6089
81299.6661
80561.1436
81363.2074
80693.0874
81190.3660
81305.1358
81268.8242
80942.9150
81338.2970
82151.9294
81198.3477
82233.8899
81405.2044
82563.9648
81339.9638
81669.4344
81188.6564
81758.9972
81304.7340
80871.8341
81290.6857
82992.5830
81281.7534
81738.5599
81213.3658
81152.1214
81380.4556
82029.4321
81291.6521
81021.9922
81400.4300
79920.5909
81357.8166
81200.7761
81285.1390
81914.5153
81384.9261
80223.5976
81273.5527
81277.1507
81172.1553
82126.4021
81292.6460
81404.2663
81326.6515
81850.1088
81372.9705
81280.4720
81150.1498
80594.7486
81328.5860
81839.5142
81281.1168
82506.8421
81289.4788
79924.1289
81335.6684
81357.6571
81235.4583
80821.1754
81201.2314
80782.2792
81291.4256
80559.1175
81389.7479
80213.6265
81437.9772
81637.4035
81303.8892
80454.5909
81361.0032
81874.1109
81331.4757
81225.9314
81427.6348
80370.5381
81289.4038
80262.3455
81303.1072
79801.7579
81304.2496
80300.8557
81288.8616
79653.0177
81170.1738
81040.2259
81270.3401
81763.4752
81242.2943
80386.6670
81328.3562
81955.0326
81347.0621
81508.1849
81378.5433
80408.5758
81398.6280
83428.1201
81446.7796
81252.2280
81349.4978
81537.9044
81373.4531
81676.7214
81209.4718
82404.9957
81350.5643
82152.8251
81209.8147
81028.1562
81416.3393
80872.2557
81413.2288
81116.1082
81157.3618
80701.2263
81156.9222
80371.0486
81333.7953
79436.7461
81507.5199
81967.2801
81415.1567
81666.9483
81583.0242
81465.7554
81465.4490
82883.7407
81504.4610
81675.7903
81465.4541
82773.2195
81352.4905
81885.0673
81397.4594
83478.5689
81492.2542
83962.8222
81467.8276
81781.8318
81555.7247
80915.6438
81325.2573
81460.2505
81509.6496
81063.1148
81439.7738
80150.9001
81420.7888
81228.8285
81390.5488
81888.2926
81381.7108
81280.9868
81481.6906
82286.6072
81347.9386
80577.6325
81313.0129
80049.8135
81425.6773
79188.4880
81309.7240
81544.9639
81390.5052
81785.5683
81396.0724
78541.6104
81368.5987
81880.0464
81375.9674
81635.1199
81412.8580
83656.5638
81514.9045
80986.0825
81416.5575
83848.0668
81380.4464
81666.2016
81429.8032
81152.3519
81372.5204
81390.2939
81374.9253
83003.7401
81344.3775
80764.5014
81596.3883
80765.5345
81309.7023
81249.2872
81296.4148
82229.6991
81489.3210
84087.1876
81479.1416
80861.2836
81473.6202
81016.9726
81461.8486
81249.4235
81413.9139
81807.0129
81518.5947
81261.5411
81293.7699
82575.3384
81496.3999
82433.7429
81382.4884
80335.3034
81287.6026
82657.3069
81193.4224
81655.2258
81351.2931
83599.3234
81425.1019
80944.0204
81493.0894
81382.3904
81466.3393
81249.2413
81450.8455
81464.3753
81444.8543
83309.4551
81413.5733
80716.9576
81459.8813
81410.4623
81230.1340
83582.1023
81382.1471
81945.7605
81332.4611
80482.8436
81443.3266
81261.1345
81513.5962
79202.9198
81325.7448
82691.6208
81423.2384
83601.4949
81432.2523
83074.4281
81435.8708
83618.0344
81344.6631
83642.1765
81453.0454
84216.7868
81366.6171
80863.4856
81292.2395
79569.3531
81365.7191
81901.6620
81660.3123
81316.5138
81543.1184
81055.1305
81372.5416
80258.8275
81325.1493
81617.9370
81425.5084
80169.4709
81403.0273
79717.3772
81425.4024
80972.1134
81384.2305
78927.3415
81479.5028
80787.2343
81313.1380
82902.9149
81484.6906
83766.5803
81339.9198
81369.1987
81403.6288
81487.4373
81393.4309
80318.2432
81467.6696
81370.3964
81146.7901
80654.4285
81416.8480
82562.1813
81404.1359
82920.4907
81502.3588
82877.2358
81383.6958
81670.4550
81472.6054
81110.3741
81475.4343
80924.7574
81398.4302
82098.2108
81418.8578
79779.6086
81439.8904
80705.2380
81491.7046
81282.0114
81412.2122
80808.8553
81327.0075
80104.7565
81384.1568
81337.7229
81423.3328
80619.2336
81410.4240
81569.5116
81454.6253
80094.0293
81373.1091
82884.3152
81241.3246
81733.3302
81354.0033
81996.4801
81396.8159
81120.9993
81466.9874
80972.8435
81346.2830
81944.2435
81362.9237
79805.3001
81464.9975
80555.4552
81403.9796
81145.0950
81571.5977
81178.8535
81360.7260
82749.0285
81496.0117
80969.9332
81526.5130
80560.1187
81398.9613
83385.7446
81434.6710
81982.0772
81358.6428
81197.9211
81498.6927
80839.7138
81426.7615
83035.1809
81438.9468
82627.9933
81429.4584
81890.8714
81325.8698
82509.0780
81451.9241
80825.5937
81303.7609
82711.9454
81465.0223
83171.5682
81408.1989
82655.5129
81400.7946
81496.0311
81537.8206
80853.7494
81231.4959
81040.2479
81433.4401
81660.4702
81313.7375
81717.3642
81410.9422
81049.8659
81371.3339
79769.6913
81402.5901
79722.2914
81323.0109
81529.6157
81427.2285
82038.4089
81431.1171
81413.0595
81457.0951
82178.0136
81426.5546
81527.1761
81390.5158
81690.7864
81345.1916
84470.5572
81377.4943
80633.2013
81503.8700
82536.9733
81421.6057
82732.2442
81413.2579
82773.6749
81379.2489
81982.1585
81409.2317
81818.3878
81439.4613
81151.5937
81323.2023
81274.2485
81444.5883
82365.3362
81402.9528
82976.0156
81455.4136
82732.8227
81475.5882
80658.0868
81502.1765
82079.5628
81319.6953
82069.8304
81401.1014
81413.7640
81538.5438
80614.4177
81424.4271
80874.0183
81454.4706
81097.8161
81461.5948
80785.9689
81574.9456
80774.0193
81455.6217
84013.2117
81513.6459
82577.9800
81410.8837
80562.9991
81394.8747
82214.7216
81416.9195
81234.9156
81448.2697
82537.2753
81441.5643
79852.0805
81348.7846
83634.2870
81402.4903
82700.4915
81257.0423
82318.3482
81395.7001
81724.3747
81318.2499
81324.2082
81430.5158
82792.1910
81443.4674
82182.9532
81301.6121
80562.1060
81349.9667
79833.1345
81395.7054
81010.8490
81317.2623
82092.1571
81458.6787
81001.2238
81323.7125
80496.2213
81429.6122
81204.6947
81447.5448
81826.5475
81386.7192
81023.2571
81600.3857
81773.9841
81379.1516
80873.3576
81478.9047
80568.8979
81321.4533
80326.0598
81335.0993
80432.0995
81434.1062
80882.0104
81419.4121
80871.6441
81444.4596
81064.3033
81429.8998
82989.4551
81550.4293
82038.9888
81341.2459
82802.4935
81439.8629
81698.0765
81572.1517
81258.4902
81406.6752
81226.8201
81436.6533
79578.0399
81489.6510
80792.1650
81588.9199
80699.8846
81587.2552
80021.5364
81512.0985
82609.3949
81534.7263
83340.6235
81559.2524
80650.2993
81625.5007
82413.3893
81360.6886
82362.9556
81661.5302
80402.8354
81580.5155
80264.8947
81345.1618
79376.1504
81427.8136
81988.7035
81621.1536
81202.8645
81599.3988
83196.4061
81474.5834
81154.4451
81612.6462
81180.9196
81510.1600
80268.1955
81453.8559
83006.7305
81556.9286
80238.6759
81514.2416
82346.2889
81450.5158
83208.5853
81546.7589
81957.5712
81633.6129
82600.5541
81422.4036
82355.6152
81409.3881
82518.5064
81587.1470
82473.5585
81580.9908
80252.4772
81481.0636
79881.0188
81402.9781
79796.4972
81461.7876
80925.8428
81490.1766
79360.4374
81597.0928
81351.6141
81408.0938
81846.2809
81449.1636
79885.0936
81455.8887
81230.7228
81477.1075
79877.7839
81420.5510
81167.5670
81589.7923
78909.7831
81559.5206
84846.8615
81646.8332
80394.4477
81473.1457
81471.8235
81498.9988
80895.3063
81515.2043
80904.8020
81615.0623
83725.0403
81501.6403
84715.5475
81481.8505
81403.6658
81497.9853
82075.2899
81565.4040
80384.0739
81557.6986
79849.6689
81399.5654
81321.7606
81376.8282
82758.6812
81516.3672
82410.8614
81466.0625
81860.0317
81525.6620
81594.8781
81499.8643
78906.7784
81529.3955
82980.5620
81478.6905
80673.0299
81568.8998
81484.9937
81588.3506
82446.2310
81513.7366
84152.4420
81450.4258
80479.9942
81519.9483
83032.3237
81577.5934
83417.1077
81444.2341
77906.3719
81338.0155
82592.4178
81500.0028
81780.6800
81395.7809
81640.9784
81586.6091
81820.9738
81493.1258
81385.9952
81415.2992
80667.5820
81544.3195
81359.8999
81507.0976
81121.6085
81512.8147
81146.1488
81497.7598
82547.8605
81440.5399
81720.9151
81558.8011
83982.6123
81564.8875
81664.7174
81660.5522
81275.1458
81515.1239
82156.0857
81519.6696
81998.1662
81425.7588
80794.8766
81466.2834
83070.4965
81408.7031
80747.7459
81595.4912
80796.0923
81400.7922
82615.9977
81405.7989
82377.6464
81494.6646
83210.2602
81481.0618
84282.9454
81397.2709
84818.9292
81488.3857
81452.1596
81492.5853
81223.1896
81506.4098
82426.1157
81559.5192
81687.2121
81417.1575
81104.5720
81497.2451
85076.4150
81392.1685
81021.8513
81564.1462
81655.4835
81492.6978
83133.0222
81573.6266
80924.7150
81486.2794
84450.6321
81561.6325
81453.7651
81374.4705
82977.5473
81477.7665
82852.0175
81478.7501
83331.0851
81525.4803
82697.4230
81519.7127
79887.2160
81463.3731
80182.5869
81536.2965
82256.5572
81578.7453
79324.9466
81427.0213
83350.3220
81439.7153
83017.5312
81496.3462
82850.1912
81536.9608
80870.0241
81415.8480
81748.7735
81497.5559
83073.9746
81376.8676
82711.0532
81469.8640
82589.7358
81547.9719
81559.9238
81520.7335
83837.7617
81479.4656
80826.6360
81302.3026
83035.3741
81546.2366
81170.9072
81474.6548
81224.9608
81423.6718
81476.7083
81565.1785
82705.6908
81556.3203
80725.7580
81405.1277
82321.9687
81485.8311
83515.4492
81444.1079
80630.1813
81480.8613
82708.8841
81547.8737
81145.3988
81467.2437
82041.2487
81619.7901
80730.3033
81403.1672
82770.3153
81649.6395
80611.6419
81520.0214
81965.6128
81402.1437
81830.6262
81866.3408
82598.2458
81477.5424
81798.7427
81330.9361
83671.3533
81360.7513
83816.2485
81529.1845
80340.3079
81482.9039
81687.4163
81784.0894
81396.4253
81370.6088
82380.5115
81598.2139
80788.8706
81483.4579
83454.8076
81542.0684
81075.8839
81541.5049
83707.4590
81552.6527
83144.4690
81404.6002
78706.5545
81425.1898
81330.1090
81539.7597
80423.0680
81469.5917
82299.0265
81456.0560
80214.8725
81512.0044
81934.3406
81538.9552
80802.5692
81383.0547
82327.1800
81486.9439
81885.1868
81512.5379
82258.2781
81423.0219
79892.7483
81409.3970
83602.2092
81434.0197
82696.3440
81422.1775
80786.1543
81612.7499
84462.0514
81472.3967
82672.6058
81545.2232
82156.7725
81346.0526
79665.9999
81466.9286
80447.8414
81645.1015
82514.1410
81582.4459
80693.4185
81420.6047
81590.1611
81493.3877
82222.6766
81474.0133
81607.5298
81624.5182
81791.7660
81366.9863
83077.9122
81721.8636
82689.2413
81459.6301
81983.0510
81490.9505
82936.3402
81515.4720
81406.8621
81630.2359
81549.5323
81466.9984
82554.0950
81540.4662
82687.4561
81536.3498
81331.0160
81531.2905
80724.2924
81506.1909
79786.5171
81534.9820
79623.9299
81471.3711
81130.2224
81802.3140
83009.5641
81460.7447
80781.6439
81446.6290
82706.8403
81626.3013
83582.6789
81321.4659
81853.4878
81437.6610
80301.6052
81342.3083
82085.6564
81572.1186
80556.3081
81570.2334
81428.7389
81664.7811
81671.9208
81459.0942
83944.7660
81748.8818
81518.4663
81486.7486
80999.0988
81702.8163
83183.0801
81693.8866
84995.6846
81565.6263
83462.9473
81569.3949
80475.7734
81603.7652
82312.3203
81679.3500
82535.7687
81761.9791
80884.7326
81624.9598
81094.6159
81694.9800
80820.9354
81552.5319
83120.3048
81514.3134
82821.0673
81599.5121
84754.7870
81620.5140
83046.6842
81534.5342
81801.0963
81837.5580
82832.4846
81650.4478
82506.5173
81475.0138
86085.6259
81601.4803
85077.2084
81752.9825
79572.7580
81500.9813
82735.1818
81569.9258
81820.1949
81733.1370
81000.8449
81559.8602
82653.4676
81716.8958
81744.7326
81593.2740
80288.1198
81762.8058
80605.2609
81574.4842
78136.3876
81533.2480
85792.0061
81569.6515
82380.4877
81528.5941
79471.3535
81623.8944
82742.2631
81605.5726
79330.5239
81722.5266
83420.7933
81633.5712
84620.4661
81645.4444
85515.9270
81716.4601
85014.9262
81647.9194
82850.0348
81764.1367
84801.6515
81673.3638
79658.1812
81522.8723
81961.7970
81513.6326
83235.3846
81525.3774
80292.5004
81785.5493
82943.6651
81610.8092
80784.3436
81626.5010
82798.1737
81535.0177
81616.3219
81567.1669
77913.1598
81610.6503
81379.2276
81635.2420
82919.3172
81656.7687
80886.1089
81697.4548
83068.6423
81451.7578
80923.6035
81493.9530
80582.9478
81507.1508
80152.0737
81694.8925
81653.3874
81453.1078
82516.6045
81455.5390
84779.6407
81585.4392
81919.0045
81663.3930
83048.1131
81551.2898
85491.2024
81521.6592
83036.2076
81736.5348
82737.3668
81554.9910
82059.5437
81520.4101
82138.4881
81734.1906
80979.3985
81468.5267
81311.7019
81606.0133
84070.6757
81438.6196
80587.0379
81641.6278
83552.1928
81530.3026
79350.9025
81479.5566
79681.9178
81766.1248
80255.6673
81575.7106
81974.9791
81605.3244
80809.6405
81677.5672
81180.7085
81691.8839
81157.4528
81582.6818
80307.6274
81602.7438
80740.2004
81622.1037
81400.2457
81568.9783
81327.7826
81466.5114
83486.9531
81655.7788
82499.2022
81718.4203
80499.6429
81790.6995
79687.8691
81634.2827
80208.6316
81573.6280
81807.2229
81486.3261
81749.2571
81665.8738
84782.8046
81668.4029
83164.4750
81708.1796
81057.0657
81598.7583
80707.9855
81583.4046
83855.5097
81548.7958
82869.6634
81553.4772
83000.5721
81755.9765
81243.8015
81788.8958
80473.6097
81480.9593
81619.5659
81647.1497
82464.9326
81557.1383
80387.5618
81458.2987
83396.0312
81753.6933
80411.7564
81699.0184
82122.9069
81654.1283
82900.9512
81505.4389
82072.9336
81616.8993
81891.7828
81492.0982
81895.4918
81641.8371
82107.3767
81502.8771
83191.3942
81760.3986
82733.3194
81636.8099
84015.9546
81702.2217
80758.6150
81427.7159
82013.5629
81774.8155
80582.3595
81569.4638
82824.5544
81478.8252
77208.0872
81499.9230
83886.5913
81666.6198
82922.2799
81596.2784
84304.1586
81648.7050
82142.6775
81569.5317
80635.8689
81660.7069
83102.9110
81890.7137
82036.5360
81716.1624
79911.6823
81491.3792
83856.3884
81499.5317
82186.0640
81581.1320
82594.7458
81425.5493
82171.8367
81679.1571
82089.6024
81391.7515
81989.9804
81451.0169
81055.3584
81755.8141
79936.6738
81478.7467
80689.1415
81715.7038
81597.0773
81658.2674
79773.4055
81663.1972
85192.2700
81682.8289
83857.7780
81610.5644
81159.8926
81504.4644
83544.2024
81522.7212
80780.0298
81576.3708
84180.8745
81649.5940
82762.6664
81579.2559
82983.6755
81562.1086
81312.5464
81633.3975
84468.2289
81766.0305
79895.1738
81660.3613
81997.6351
81587.2240
81798.3189
81670.5937
82570.4499
81645.6847
81032.4881
81660.7865
84157.3409
81560.1375
77369.2624
81740.1728
81969.9197
81566.3209
84253.6183
81594.6392
82040.3247
81658.7123
80245.5628
81642.4821
80844.7318
81775.8251
83620.3826
81672.1255
81543.8130
81644.1630
84445.3249
81534.8453
81203.2491
81675.7676
82164.2113
81578.8918
80625.0777
81625.7688
83533.8976
81715.1394
83733.8354
81611.2124
80933.0829
81584.8584
81731.7411
81629.2944
83789.9055
81770.5714
82292.2291
81664.6306
82965.0831
81612.5508
81925.5169
81659.2038
82704.9156
81763.6079
80633.7548
81525.0836
84151.9296
81743.5366
79387.8014
81533.1921
79609.6659
81471.8376
81898.9901
81523.3694
84472.9167
81709.1652
82787.4771
81667.2411
83528.5464
81476.9913
82209.5462
81764.2969
81779.5848
81534.4663
82246.1642
81466.1681
84007.2936
81544.9994
81728.4537
81604.8066
81562.5983
81561.5889
84676.5755
81611.2842
80383.0159
81614.1171
84297.8229
81647.8653
82355.2705
81556.2496
80762.7871
81512.3996
82272.5617
81525.4934
84153.0309
81589.4985
82387.2144
81644.5250
81910.0890
81644.8945
84251.6131
81767.3961
83806.4374
81595.4991
82171.7545
81808.1361
81288.1334
81790.2830
81435.3249
81753.2172
83445.9594
81746.2448
83404.8977
81625.0369
91062.3061
81786.6491
82935.4587
81772.4852
83391.5809
81740.1282
81204.8476
81645.7090
81205.1035
81614.7181
80640.3821
81861.3540
81437.8651
81736.8104
79641.6828
81847.7986
83844.7096
81857.9613
81289.3407
81732.3294
83871.1339
81696.9721
86026.2990
81845.2361
80176.1108
81502.9199
82191.0276
81701.6924
81561.6859
81645.4109
81033.6152
81637.8689
82977.0861
81855.3330
80352.8646
81544.1274
82937.6342
81684.2153
83285.6253
81733.6300
81758.8466
81766.2897
80758.7517
81720.8755
84611.0942
81716.6709
80786.1131
81931.1956
81281.3919
81922.4463
81577.2926
81592.2540
86533.3892
81633.4552
81295.6210
81727.2710
83541.5013
81731.7748
81671.0406
81846.1301
84077.2883
81775.9602
81457.2605
81700.5794
79305.9311
81697.7230
82098.0804
81617.5934
86144.9257
81768.0376
81781.6745
81552.3215
80592.0733
81624.5917
83680.5387
81734.0716
83350.2560
81727.3813
78021.5293
81635.7554
82485.2017
81708.8825
84665.3105
81555.9873
84532.3600
82103.6862
84767.0125
81587.3379
82423.2449
81700.2675
84865.4812
81679.9387
81193.2184
81658.1488
85559.1636
81788.7103
83915.5650
81797.8058
81613.9996
81674.6337
81977.4340
81819.9616
77955.3383
81723.2302
80324.0860
81789.5548
83753.7668
81564.7052
81759.3179
81798.4155
83970.1843
81718.2871
80275.0806
81522.6492
81104.7407
81658.0921
79469.0860
81982.9604
80755.5216
81654.2373
81124.9649
81726.4466
82493.1187
81815.2268
81249.4540
81653.5524
84725.3277
81625.0676
79404.1642
81714.3533
84220.0105
81694.8889
84192.3944
81817.9811
83418.6910
81783.6461
82905.5942
81873.1417
82852.9388
81738.0291
82415.3679
81770.1175
79771.5140
81736.4774
81523.7829
81554.3119
86045.3749
81682.1148
80400.5029
81647.8749
85478.4766
81715.8852
81202.3114
81632.1337
83641.1420
81952.5774
80273.5173
81600.7834
79099.8450
82011.5275
80667.9846
81626.2296
81828.4546
81851.0358
77745.3747
81950.0755
80159.0029
81709.0334
81341.4092
81643.2094
82019.3332
81781.3720
82554.9187
81632.9239
84687.8149
81770.9317
82756.5867
81817.0662
80220.4518
81706.2405
81010.2978
81852.9536
82910.6916
81766.0440
85414.9574
81769.8340
87755.4831
81845.2215
85000.6081
81764.4561
80989.3086
81874.2987
82853.1518
81735.0050
82625.7747
81865.3702
83062.0225
81681.5071
80258.4470
81698.6205
84027.5975
81626.5419
79314.7868
81654.5290
80827.5830
81806.9245
82074.1047
81598.2718
83803.8698
81685.1464
82242.4308
81830.8271
84529.2185
81736.0621
82291.4823
81783.5833
82908.8109
81902.7747
83767.1755
81705.5147
84953.7247
81857.9441
80249.5883
81869.3206
83019.7692
81704.9111
86616.9636
81654.4778
82746.2534
81788.6189
82382.4721
81930.0027
81609.1257
81709.1017
82097.6261
81644.2407
84057.7941
81772.0528
79824.5310
81822.5388
83178.0788
81697.7997
82322.6894
81784.6005
82862.0016
81856.9548
78657.7772
81663.7449
82202.5474
81979.2399
82441.6330
81652.7224
83367.8589
81923.3847
85132.1653
81695.8308
82501.5213
81680.2013
80679.9830
81533.3246
82458.4413
81865.9427
87270.3338
81882.7166
81531.5262
81905.0000
83614.4737
81949.2813
81405.5068
81691.6788
80820.3541
81712.0672
79237.3360
81689.3888
82566.5444
81736.1104
80654.9761
81744.8753
80072.4941
81656.8486
81214.6112
81616.9714
83749.5139
81680.1728
78293.6841
81730.3247
84427.4119
81616.5923
78566.3276
81764.3655
83399.3979
81589.8409
80215.2703
81914.3523
81715.0483
81782.8184
79337.7099
81666.5250
82600.6542
81699.2106
85641.7387
81601.4776
80159.1931
81663.5213
81087.0268
81624.0773
79785.3332
81669.4965
82721.1228
81643.5673
81861.4294
81653.6933
80105.5665
81635.7830
80582.1728
81603.8853
80501.7208
81735.4396
84893.1866
81609.0390
82627.0356
81626.4920
83779.3642
81634.9568
78684.2541
81685.0266
80303.7709
81830.6367
85522.8320
81575.8174
82588.3880
81688.5874
83845.4547
81603.4403
79593.4941
81823.2938
80793.4923
81673.6610
83722.8060
81645.7339
83335.3988
81603.8744
82334.1485
81772.3163
82080.4437
81826.2082
80098.1103
81877.4097
84724.7586
81810.5318
81635.7489
81634.2482
83889.9191
81766.9761
80689.8089
81712.2377
83380.1759
82090.7275
84472.3199
81593.4852
82941.1238
81862.8307
82891.4066
81828.7817
80530.9824
81666.5670
83859.0772
81661.2456
82819.1724
81772.9174
84123.6894
81800.3278
83056.8553
81762.1631
82620.4076
81784.0851
80416.2480
81956.7745
81764.7054
81560.8610
83180.2158
81743.3692
80433.3674
81705.4683
82730.6525
81806.6954
81428.7222
81657.0618
83820.0846
81718.4617
82273.9192
81730.5498
80751.9391
81917.7582
76322.1145
81936.4328
81937.2253
82001.8322
81641.5071
81919.4591
84590.0056
81669.5502
98712.4957
82083.8161
83018.6889
81814.4298
85271.4869
81731.6639
81061.4655
81982.5199
78104.8866
81898.6254
81469.0708
81758.3343
84894.9503
81813.1891
84160.8004
81929.8551
80341.9379
81852.0057
87163.5206
81992.5136
80995.6278
82052.5286
79250.1279
81737.1118
81330.6490
81754.4989
85552.4808
81673.2154
82072.5679
81819.4477
82573.4349
81926.7099
82863.1385
81683.6724
82468.2848
82224.9577
84496.3821
81908.5120
84516.5188
81810.3435
82235.3338
81651.5599
82187.0874
81919.9360
83875.8608
81774.1133
85973.0058
81621.3227
80410.4171
81767.2464
81656.3623
81889.6272
82715.8986
82022.9223
80647.9875
81953.5506
85635.2035
81855.4566
82084.3816
81820.0364
83087.4471
81861.5521
84450.8933
81828.7940
82842.2976
81932.4221
125636.663
81819.2573
82757.1956
82185.5596
84032.2498
81801.9786
83148.4929
81859.8492
84863.3644
81824.9049
79050.4422
81765.3220
84690.7921
81898.9107
81160.5490
82261.7734
79245.7052
81832.7442
81586.3653
81590.0612
82195.3535
81791.4539
83215.8314
81961.9359
86101.0909
82116.9718
80683.0941
82155.1549
81148.7098
82015.6060
81543.8983
81452.0785
82990.7879
82002.7642
84729.0995
81932.1571
82122.2013
81820.1607
84285.0604
81792.2415
80550.6214
81706.1336
81602.3066
82319.6814
82895.7482
82105.9366
80564.4852
82156.1401
84186.2214
81722.1949
82143.8549
81846.3376
79352.9541
82038.3352
83494.5532
81904.7333
84380.6823
81808.3268
85647.9642
81706.0559
82966.9235
81991.2639
80744.2388
81984.3016
84536.4772
81860.4134
83491.9062
81979.4196
81610.6620
81830.3568
80484.1380
81803.9390
78962.7338
81779.2051
79549.5027
81833.7086
85733.5158
81845.5759
83874.2518
82008.6024
82143.7248
81869.4686
80708.5134
81750.5532
80640.6397
81633.6494
85026.5586
81776.1585
82168.9767
81837.1618
81996.0358
81828.0927
84845.0305
81722.2055
82905.7755
81942.5869
81597.9104
81961.5505
79953.4328
81740.7775
82066.4464
82219.2478
85339.9550
81771.9224
82011.1061
81909.0795
82917.5187
81838.4249
83721.7540
81853.6071
81911.5297
81701.1077
85368.8149
81755.1125
78439.5427
81783.5505
80160.1412
81937.3495
80028.3877
81895.3062
81747.4631
81873.8567
83183.4650
81970.4045
80887.4912
81672.2768
80907.6591
82146.3152
85465.3231
81768.7136
79463.8896
81645.3994
1121710.99
81974.2612
84539.1599
81584.1217
82658.1351
81828.1837
82166.8289
81750.8513
85050.7190
81683.5361
84535.7106
82109.1399
84560.1020
82224.8635
80935.7381
81844.4164
84568.4598
82260.2294
78584.2329
81918.0587
81342.0639
81752.3758
81419.3503
81690.2382
81527.5265
81761.2262
85911.5512
81647.6357
84748.3768
81830.4192
81833.5966
81740.6117
83655.9841
82295.0727
81838.1847
81870.9106
83409.6672
81781.2569
83271.2455
81649.6845
85078.8154
81797.4246
83420.3412
81889.9041
82722.5151
81711.2722
84208.3039
81866.2972
84172.8225
81887.4980
82319.7970
81803.3627
79693.4779
81592.1630
79604.1569
82022.6773
81625.7790
81588.3694
85882.3013
82005.5058
87013.9696
81789.3218
84518.1422
81933.6820
84257.0489
81719.0413
84829.8515
81884.4000
82975.3210
81824.3668
79901.8100
81894.0886
83417.9981
81801.7999
82466.8758
81921.7646
80915.8689
81677.9371
85455.6236
81773.4861
83208.3977
81910.4643
87836.0698
81843.0130
80574.6990
81884.8985
81429.6452
82105.1548
82528.0047
81787.0754
83500.6838
81758.4951
79433.7609
82026.3346
84403.5097
81778.2121
83478.6346
81848.3127
79776.7853
81779.6785
78784.9760
81855.8992
84408.7517
81799.7341
83908.8726
81980.3011
86357.1572
82323.8256
84165.2902
81892.7136
84292.0055
82167.7984
81743.3084
81785.4715
83608.9908
81814.2188
82409.1128
81852.1650
84573.2041
81997.9452
83152.5896
81706.7137
85346.9712
81920.0935
83459.3825
81602.1529
83576.7194
81779.5023
93391.2314
81907.0774
82110.6427
81688.8734
80031.0044
81610.7551
81160.1706
81970.1020
80564.7865
81597.6275
79058.3847
81930.9060
80885.6648
81861.6685
83390.7702
81734.3740
84489.8750
81883.1856
81106.8648
81954.3613
78336.6109
81716.5036
82574.9387
81659.2194
83717.0508
81777.3900
82749.3874
81721.7628
82635.9785
81735.2175
80278.0657
81950.4401
83808.3442
81860.7150
82621.5510
81960.3388
82433.5865
81564.0605
80873.2242
81644.0934
79620.1100
81889.4288
82561.3722
82057.1197
81792.4446
81977.2232
84673.3189
81909.2777
83670.5624
81957.7578
85267.9778
81675.1872
81448.0173
81752.1520
83635.6273
81805.0073
80047.9600
81871.1566
80627.4853
82057.4250
83548.5877
81797.7665
81058.3972
81812.3146
80959.5656
82093.2719
79635.5957
82014.8100
82065.7349
82085.1106
12178.9961
81885.7331
84109.8735
82111.4380
82748.9206
81930.2908
81037.8845
82016.7266
81934.0300
81805.6739
84155.1936
82351.4502
85753.9795
81996.8030
83819.7729
81634.3287
83372.4809
82159.1363
80897.0358
82016.7193
76512.8508
81694.9167
77993.2485
81826.2163
82411.7318
81860.7700
79803.2963
81929.6019
85094.0979
81882.6371
81939.5167
82218.1966
80949.0247
81963.5468
79717.7167
81918.2619
80984.2934
82127.1381
80745.5039
81994.3222
80958.0564
81885.7984
80398.9223
82061.8545
85851.8049
81884.0597
80122.4584
82009.5799
81116.4650
81891.0935
81329.2586
81805.1811
79954.4870
82019.2925
82759.3960
81752.8086
79331.6152
81900.6288
80213.2181
82098.8981
76701.9417
82284.9938
2768584695
82014.4322
84080.6004
81987.1394
84427.1052
81969.6275
83838.5582
81935.0109
85608.2029
82019.4646
84123.2943
81916.7742
80580.4381
81998.0639
80914.2253
82155.4677
80340.6300
82291.3848
83794.9822
81966.9536
126808.271
81995.0363
81507.9361
81863.9159
81944.0635
81952.7587
84135.5822
81761.7306
85058.5832
81801.3483
82524.8996
81785.4085
82297.7171
82049.6128
82254.1978
81826.1454
83355.6975
81971.2155
84050.8730
81983.7367
80850.7333
82183.7914
80650.1389
82082.4764
79385.8411
82202.3214
80448.3548
82038.0961
80708.7063
81669.3589
84713.4120
81936.6104
83828.4935
81856.5330
80939.4264
82062.8076
79749.0819
82171.3749
83446.8972
81790.3037
82782.0134
81929.8312
82104.0589
82055.0604
83198.6260
82205.2125
83573.6743
81697.8849
79770.2963
81925.2040
73240.7314
81842.3647
81296.8659
82243.6142
83419.0469
81886.2727
82237.4556
82105.5077
81287.6187
81923.5880
79306.4518
81934.3488
82217.9638
82065.2728
81502.0261
82205.8986
77661.6906
81979.8438
82085.8365
82265.5871
78585.0440
82082.1006
82091.7920
82057.9056
76418.7740
81851.5207
83144.6967
82072.3565
81646.8142
81968.2853
82176.2025
82158.8591
80621.5982
82297.1984
407691.610
82179.6571
83069.2362
81997.2405
79463.4977
82029.1924
82819.4967
81955.6886
10496.0585
81997.2330
83566.0425
82197.9452
79775.2371
82011.6238
80075.9458
81926.1223
76693.0601
82169.0005
83652.8125
82432.2288
81463.1279
81774.5619
81358.6470
82047.6029
83421.3713
82065.2813
81071.8919
81969.1142
83380.0173
81894.4754
79719.7042
82134.0754
80483.4820
81944.3073
83619.5169
81940.3482
84883.0165
82032.3863
80995.1649
81813.9718
82096.7364
82171.3426
82815.6526
81840.7197
78678.2778
81970.5215
83611.0955
81926.8296
82092.5858
81997.6390
79330.4498
81833.2227
82048.5675
81963.3051
82124.5682
81900.5511
11363.9718
82084.0848
84115.1138
82119.6398
79833.9426
81926.2342
85240.4553
81845.6789
83298.2071
81967.6656
82038.6651
81830.2416
76347.9528
81955.2290
9305.48715
82031.2467
79660.5137
81928.5030
84501.0632
81968.0564
83856.3254
81828.7939
187901.126
81980.7613
79046.7490
82197.6415
80642.1107
82107.6897
85804.5453
81804.8575
81248.2912
81999.4625
78287.6302
82228.4766
82889.1120
81983.9798
80684.0933
81969.4869
81761.3789
81999.0333
79346.9655
82180.7043
82727.7290
82370.0951
82624.2539
82280.2582
80190.4485
82521.4470
84779.4065
81937.1730
82261.3601
82049.8995
83035.5462
82137.1353
78672.4093
82258.4131
81620.1855
81958.2838
86218.3770
82071.1695
78060.9572
82461.0694
82748.2546
81581.9430
82142.7328
81987.6562
84153.6923
81915.1647
11216.9188
81954.6842
85357.5508
81812.9710
78424.6543
82098.9619
80704.4901
81929.1035
81929.6340
81946.1797
81185.4553
82489.0307
83707.0653
82225.0935
81938.3908
81932.8156
80646.9048
82004.6262
81090.1586
81747.8398
81362.1677
81814.6028
82080.2639
81903.9299
84898.3523
82088.1182
83847.1212
82094.2377
79367.6285
81942.4503
83642.4669
82273.6418
77732.9347
81940.8782
80621.6814
82023.5960
78616.4808
81904.3170
77843.4654
81873.2072
85453.1033
82220.4367
78805.6145
81935.0650
79232.0454
82042.4136
83356.1053
81884.1878
83470.0951
81876.2541
78124.8759
82092.3338
82765.4603
81982.1258
78089.5821
81803.5474
78466.6731
82543.1202
83416.1694
81976.4524
81446.6769
81602.9944
81022.2637
81989.9229
83723.2875
82105.2515
82045.8536
82171.8659
81020.3029
82286.4755
83574.5715
82086.5811
82508.3492
82020.9017
81947.5709
81892.0753
78762.1190
81841.1680
79829.3278
81945.3335
79348.6383
81722.1629
79243.6846
81957.3180
81081.5912
82031.0231
10969.4535
82084.0124
82049.5315
82039.1186
80479.2846
81786.0382
78327.1873
81985.5381
87160.0169
81913.2913
81707.9245
82038.7022
81090.2562
81882.7595
82757.8332
81726.1368
82874.8751
82247.0607
79313.0898
82342.2408
734389.295
82149.7893
82309.9912
82010.9722
79184.8000
82353.2372
79927.9545
82217.4486
88836.9529
81865.6746
80048.9586
82258.1699
79343.2774
82473.1282
82408.2712
82493.1241
81195.7109
81740.2414
79033.7423
82276.9917
81780.9183
82064.9290
83119.1215
82123.6517
82773.1097
82280.1643
78889.5363
82180.6694
76395.7672
81897.5853
81631.7606
82304.2601
84268.0580
81920.6232
85373.4824
82315.9811
80151.3930
82370.0304
76269.9969
81929.9454
79372.4158
82243.0872
78834.0212
82275.3997
81725.1847
82348.8157
84655.2155
82127.6456
78368.0710
82284.5180
79647.6682
81958.5547
11214.6681
82076.5503
77932.9260
82603.7659
80124.8264
81988.4065
78280.1336
82426.8313
82778.4865
82155.4539
81190.4662
82205.8574
73395.3889
82008.7230
10159.7291
81988.9205
88829.4454
82127.5021
79717.5267
81944.1073
75427.8065
82032.8687
81858.6936
82107.0160
77403.6075
82180.3769
78443.7198
82040.2374
80275.4195
82091.6487
74994.5388
82092.8474
80805.7068
82014.1565
80774.4250
82325.7913
77490.7969
82161.6440
84820.4518
82042.9376
83610.2907
82629.9061
79928.9030
82070.2655
76659.3234
82202.5296
81088.4374
82349.8322
83843.9934
82482.8968
75130.5121
82372.3016
11618.0476
82461.5365
80644.1242
82513.9472
81422.1603
82383.3633
83154.4703
82011.0772
80861.6315
81793.8687
77320.9113
82327.8960
80846.3588
82225.8478
79242.0983
82302.1369
79282.9641
82293.3301
81439.5626
82085.3091
80359.6529
81942.7248
80212.7153
81995.4439
86644.5765
81843.1434
77273.0220
82283.4964
77037.4721
82211.6399
77477.6706
82150.4803
80498.4574
82099.2900
78960.5162
82116.2874
81076.9822
81647.9952
79820.6734
82044.7469
83074.6380
82149.9775
80546.6985
82221.3326
81111.1807
82183.9392
76816.2671
82182.1518
81908.2347
82089.8494
78061.5263
82070.8085
80234.4094
81936.0082
80180.4214
82099.7317
82537.5743
81959.0372
75471.9789
81766.4985
78790.7340
82348.7952
80448.2140
82375.0452
79526.6346
82193.9722
78979.6482
82043.6187
81271.9390
82032.8703
79174.8831
82053.0526
79752.2021
82313.3353
81344.9826
82156.9544
79187.9336
82390.8764
83259.1207
81894.2893
77127.1287
82015.3348
78808.2542
82309.4736
67483254.6
82071.2254
77544.0763
82149.6180
78407.6755
82094.5971
82532.5416
81790.4366
78028.8662
82059.2769
87458.6056
81812.2396
76844.4151
82343.6309
81465.7001
82360.1369
82267.6894
82106.6842
81750.3887
82450.5241
80794.2109
81761.1324
77798.4165
82429.9901
77580.7475
82166.7964
82954.0668
82130.3189
82385.7140
82211.2508
80573.2867
81852.9733
79578.5342
82281.6855
84438.8531
82245.5505
77862.5513
82584.5184
76772.8206
82257.9794
82297.2393
82165.3509
78513.7742
82121.8992
82553.0487
82287.2664
79814.9165
82071.2862
77293.9438
82122.6917
87659.2685
82152.9036
75337.4190
82105.4503
110173.021
82104.5434
81420.8175
82448.6067
80426.7344
82379.1403
77733.7999
82071.0448
82045.5381
82208.4061
75822.0887
82579.4059
88566.7518
82396.2771
78613.1272
82348.6733
83983.1983
82375.3463
101088.279
82149.9146
79965.7804
82257.1596
79881.7827
82558.8265
83012.2571
82016.6714
76283.5870
82181.9696
84781.2468
82216.0660
79664.3965
82103.4940
80323.5671
82417.6290
81003.7347
82029.9639
85302.8108
82117.7818
82410.0544
82371.1667
75911.4133
82303.3995
335247.186
82245.1024
82371.7221
82452.4247
82921.4175
82191.7578
81822.8148
81838.9865
82887.6938
82368.3101
76903.5502
82139.2797
80548.9665
81978.9089
79428.9779
82112.9605
6497246651
82350.6799
81002.8234
82192.7346
80448.2476
82066.0430
81278.9511
82178.8932
79787.0695
81904.3128
78202.0851
82386.3450
80119.2345
82378.5650
79080.1151
82036.8216
81898.9525
82154.3856
77275.6096
82348.8498
79745.0010
81907.9467
172170.941
82097.7177
79878.0936
82252.0426
81427.0225
82108.6370
82408.0346
82200.3153
78936.3572
82483.5493
78666.3696
82314.8690
80891.0072
82249.3887
81004.9210
82176.6922
81464.5477
82399.4119
84023.1437
82422.2750
78330.6955
82548.3147
93727.2654
82278.2444
78927.3755
82184.6041
82311.9658
82345.5981
77423.3481
82163.4961
82821.9413
82058.2984
82620.2519
81940.7475
80009.9065
82465.8980
76908.1159
82047.8033
78524.3571
82181.0637
82975.8832
82165.4420
81960.1343
81795.1260
112383.068
81984.8299
79428.8279
81965.2007
80372.4738
81836.5120
75874.4154
82179.5653
81467.2126
82158.8544
84062.7350
82084.9975
82027.2031
81930.5745
81067.4751
82168.8808
81652.7686
82147.4757
79027.3351
82653.9552
78802.6593
82072.7426
82348.4626
81866.2653
83025.5213
81883.9790
80567.5471
81949.3540
81226.0208
82323.6703
86007.8044
82105.3041
79179.4490
