81125.26139999999 1.4551915228366852e-11 81125.26139999999 1.4551915228366852e-11 0
81171.75165100001 59.57716658283017 81160.20936200001 281.2341604929972 3
81233.50862850001 70.90006105022267 81248.4396235 512.2369237602278 6
81319.13408799999 77.681537499967 81335.64319999999 926.957960818715 9
81413.8018555 76.02822912029019 81587.3586075 1101.659502476864 12
81501.99417949999 86.2496333339602 81763.8887735 1296.9572141840758 15
81614.2511735 94.99294596020519 82104.68194349999 1601.9386978413363 18
81733.67820349999 107.97635145884679 82291.34193149999 1987.8269818858678 21
81858.895336 154.2063592076808 88120.07421749999 73371.73411222988 24
82001.9961235 164.61440198976732 13924373.063731752 195272694.76821575 27
82171.49335599999 191.957322847419 32907723.275009014 458269496.7301811 30
