32.971093 0.0 32.971093 0.0 0
44.02338698 24.527022074389638 323.98762929925 346.83204580623607 5
82.21649558875 73.36194539338113 1179.477741627 1187.9165633262785 10
142.09251827925 151.90931764518476 2926.2594404355004 3800.480035808729 15
226.25041831952498 258.64375627626026 4714.134781463501 6239.026803548971 20
371.04885795124994 539.147534396369 9791.39911521225 19604.414766155674 25
456.82462713875 549.759552901491 13864.62708840575 27033.957689471885 30
610.6734915922501 935.8674786228848 18428.245849895004 30739.5707103067 35
889.00074234825 1112.7792462354598 24424.20554161 34887.112832402665 40
1121.06709708225 1479.3973714890656 24992.8998199375 35504.84090150917 45
3960.6237826007505 26509.30430545042 26647.86559973025 37528.91965672911 50
4178.289950515 29371.164285023493 31162.531046369997 40012.524988818885 55
33792.49567769774 493021.2052451069 36969.0091946475 48572.038375077056 60
17530.06701723275 133580.46551587066 38148.001482045 49733.9720993551 65
50013.51044133525 311687.0878652767 47313.881408302506 72621.67954470385 70
30567.31985952125 135968.91559572626 46386.14986256 71301.2209887533 75
68600.23428852524 392396.48262325436 55440.7780963275 74694.17367820523 80
73223.94259131099 348814.95428204664 53343.4851393725 71448.08072201718 85
147708.06207863698 1186627.1726820492 53509.689932667505 70910.80640750764 90
227110.81888775754 2162031.3070114385 59068.340002234996 76788.79052399893 95
110332.50223216774 328169.1610555835 65421.535672795 82037.30888920614 100
