89.48 
-494. 
1211. 
161.9 
-112. 
-19.5 
-413. 
-83.7 
816.4 
18.78 
-225. 
-98.3 
-82.4 
-199. 
-245. 
828.7 
377.2 
-457. 
2.295 
-1060 
12.19 
-606. 
165.0 
-64.9 
-1.31 
542.4 
121.0 
-133. 
-10.1 
239.8 
-559. 
282.8 
-260. 
-21.0 
1013. 
-17.3 
1314. 
-314. 
55.53 
96.30 
-253. 
20.07 
412.7 
-383. 
-20.5 
338.0 
-721. 
33.97 
240.2 
-346. 
155.5 
35.49 
-30.0 
2.483 
-181. 
-773. 
407.6 
319.1 
-263. 
46.93 
545.0 
506.1 
-13.4 
1421. 
-844. 
310.0 
42.36 
774.2 
-17.3 
522.9 
136.9 
278.8 
71.17 
-72.3 
-604. 
209.9 
-203. 
66.77 
119.1 
34.58 
4.918 
151.5 
-162. 
-419. 
496.3 
-97.4 
1537. 
136.8 
-185. 
-34.2 
23.55 
113.3 
-62.6 
-46.6 
273.5 
4.740 
108.8 
689.8 
1371. 
75.34 
-237. 
410.6 
114.1 
-11.0 
119.5 
6.715 
-88.9 
-15.9 
8.464 
639.7 
-404. 
798.2 
38.58 
-21.8 
-335. 
559.2 
-1279 
97.46 
335.0 
177.5 
121.9 
154.2 
718.2 
-174. 
12.17 
-52.8 
-649. 
-49.9 
-204. 
206.9 
-30.1 
-309. 
-3.17 
1436. 
1150. 
53.63 
13.08 
15.38 
52.04 
37.68 
94.23 
-10.5 
83.76 
-655. 
-842. 
-109. 
-64.1 
5.537 
15.13 
-48.3 
-8.77 
-5.43 
5.094 
64.16 
164.5 
-203. 
380.7 
23.44 
287.9 
126.0 
157.3 
-454. 
91.67 
-204. 
-702. 
-181. 
-319. 
7.878 
4.531 
8.198 
-13.0 
-311. 
-195. 
-137. 
6.008 
-36.2 
-155. 
126.7 
-300. 
-405. 
82.16 
-58.9 
17.84 
228.4 
-1.80 
70.46 
-103. 
13.74 
-383. 
277.4 
87.85 
118.1 
-5.74 
-63.1 
161.2 
38.05 
-152. 
74.37 
-63.6 
476.3 
-119. 
331.7 
291.6 
19.16 
17.42 
288.2 
90.85 
-124. 
-389. 
-180. 
-25.2 
192.5 
-9.52 
106.5 
165.8 
58.79 
9.409 
223.3 
13.99 
599.8 
-27.7 
61.68 
292.7 
145.8 
73.30 
-13.0 
-83.2 
-52.6 
-193. 
-110. 
4.669 
94.44 
71.65 
-490. 
-197. 
-124. 
-1.58 
-27.6 
-8.91 
-60.2 
-25.0 
1.875 
-7.96 
281.7 
-154. 
1.383 
-53.1 
-43.8 
-19.5 
-315. 
-107. 
113.8 
-13.8 
-10.3 
653.9 
44.87 
32.23 
64.02 
29.99 
-87.4 
677.4 
26.88 
83.93 
-359. 
-151. 
-625. 
-114. 
79.95 
27.31 
80.04 
-60.1 
-74.6 
-17.1 
-116. 
-142. 
-0.10 
-201. 
-53.2 
291.0 
-37.8 
89.71 
-20.1 
-104. 
298.6 
213.1 
-123. 
-371. 
-173. 
-22.0 
-49.3 
-5.80 
252.7 
78.35 
-187. 
-172. 
-70.8 
-80.5 
52.35 
-43.8 
-10.5 
-61.4 
11.31 
-344. 
-11.4 
-9.95 
25.77 
-0.47 
74.17 
113.0 
52.76 
21.38 
-139. 
-168. 
-160. 
-4.62 
274.7 
36.25 
-171. 
-85.0 
1.226 
-26.2 
208.0 
165.2 
0.683 
26.67 
-344. 
-194. 
-3.32 
-20.1 
24.91 
19.08 
-114. 
60.41 
-21.7 
28.57 
-173. 
7.067 
-9.57 
12.28 
52.20 
-47.2 
-13.2 
-4.42 
40.94 
56.59 
68.10 
0.465 
-26.3 
118.1 
53.62 
31.63 
-28.5 
1.317 
3.168 
-92.2 
193.4 
-13.1 
59.17 
76.98 
-100. 
-192. 
-91.4 
-70.1 
112.8 
-22.1 
-0.58 
-76.0 
16.13 
65.79 
-35.5 
16.78 
-75.6 
-1.35 
79.03 
-61.5 
-61.2 
5.395 
-85.8 
43.68 
-215. 
-41.9 
77.78 
-21.7 
14.97 
96.59 
-24.8 
105.8 
137.0 
78.93 
-0.88 
-103. 
-49.3 
22.76 
84.29 
-209. 
-0.23 
44.57 
-64.5 
-214. 
114.0 
19.81 
136.1 
59.79 
-153. 
26.19 
90.15 
-196. 
4.192 
-191. 
18.29 
-122. 
-43.1 
-98.6 
-160. 
84.09 
-36.8 
-24.1 
132.6 
4.977 
-28.6 
20.98 
-17.4 
2.064 
-16.1 
27.75 
76.84 
-0.82 
-40.9 
-99.2 
-211. 
2.222 
-14.3 
-13.7 
24.42 
89.97 
-6.33 
12.34 
32.03 
-106. 
4.346 
-178. 
30.31 
-49.4 
31.47 
11.31 
22.45 
8.032 
-28.3 
-11.5 
-67.4 
7.010 
6.579 
-333. 
16.54 
-92.3 
202.1 
-8.52 
-50.3 
-39.6 
42.25 
-10.5 
11.69 
-7.48 
-12.8 
155.9 
24.86 
-134. 
61.32 
-2.27 
57.18 
20.66 
-29.2 
-27.8 
7.777 
32.87 
2.174 
13.36 
-59.2 
-106. 
-8.46 
2.020 
55.35 
244.2 
-163. 
359.3 
-5.69 
49.99 
-7.01 
84.64 
-81.1 
13.04 
297.1 
7.735 
27.76 
4.478 
-122. 
5.723 
69.71 
10.60 
-61.2 
-23.3 
16.44 
55.82 
-11.6 
66.89 
-7.56 
-14.7 
-14.0 
-91.7 
-27.6 
-30.0 
-100. 
6.280 
-6.89 
-1.33 
12.95 
40.08 
0.549 
-89.1 
188.8 
-20.3 
-2.30 
-124. 
75.47 
-16.5 
-121. 
2.702 
-4.04 
0.518 
-30.4 
324.5 
14.09 
-20.9 
56.77 
48.90 
-19.7 
-8.25 
261.1 
6.794 
49.88 
-2.39 
546.5 
126.3 
32.56 
-439. 
152.5 
-73.5 
27.01 
94.45 
0.297 
-41.9 
-33.7 
104.6 
248.7 
-44.4 
238.6 
-125. 
-5.31 
8.430 
43.26 
49.18 
-48.5 
7.389 
25.99 
5.618 
-171. 
-30.0 
-14.7 
-7.42 
-13.0 
-113. 
6.531 
3.011 
-116. 
-12.7 
-113. 
7.913 
22.18 
29.52 
36.79 
-3.77 
0.126 
-44.1 
72.50 
32.64 
-34.4 
47.57 
-393. 
0.631 
1.384 
10.08 
-1.72 
39.56 
0.403 
-134. 
-7.59 
-47.8 
40.63 
-4.78 
-177. 
22.95 
65.84 
4.806 
-7.35 
-0.18 
13.64 
-3.31 
-14.8 
22.65 
-8.85 
-149. 
-218. 
128.3 
-47.4 
-27.8 
82.19 
9.601 
262.1 
-20.2 
5.485 
-84.1 
-9.81 
24.18 
1.784 
-376. 
-4.21 
-9.08 
0.149 
-6.12 
7.855 
96.17 
-3.75 
17.87 
59.84 
-20.8 
-9.65 
-79.0 
1.828 
-8.48 
-8.78 
-26.2 
2.990 
-6.93 
-70.5 
-46.7 
-24.9 
22.18 
-0.38 
-10.8 
-99.2 
45.29 
-51.1 
-51.9 
272.2 
-32.3 
-17.9 
32.58 
-11.0 
-64.7 
66.03 
-16.6 
-81.1 
12.87 
30.98 
2.612 
-8.23 
-38.2 
9.753 
2.612 
30.67 
-134. 
-3.69 
36.60 
-28.0 
-58.4 
-2.49 
-0.80 
-4.96 
-11.6 
220.1 
-10.8 
-144. 
62.94 
-4.58 
-317. 
-96.6 
-124. 
-18.3 
4.143 
-30.0 
-68.6 
27.89 
0.579 
87.73 
6.769 
-228. 
-20.7 
24.89 
-8.33 
-118. 
45.98 
6.330 
-10.9 
-443. 
29.44 
-45.8 
-6.36 
0.699 
-50.8 
40.68 
-81.4 
-154. 
-6.79 
92.37 
-65.3 
73.40 
-0.13 
-137. 
36.95 
163.8 
302.8 
71.51 
-71.7 
-43.5 
269.0 
-11.1 
2.956 
19.57 
-46.5 
-22.6 
-224. 
-47.1 
-63.7 
-49.4 
3.580 
-30.3 
-70.9 
-9.56 
172.7 
-70.6 
-25.8 
-93.2 
6.171 
1.112 
113.6 
-0.84 
-1.95 
64.00 
10.13 
-69.9 
30.75 
-66.0 
31.49 
-4.00 
0.538 
0.248 
-17.6 
17.50 
-155. 
2.904 
24.97 
38.15 
-21.1 
-41.1 
-50.7 
90.97 
-22.0 
64.33 
-10.8 
11.46 
-48.8 
24.58 
20.58 
-7.83 
-8.02 
56.01 
-12.3 
-14.9 
-102. 
-7.29 
-44.8 
-85.7 
12.38 
20.25 
-0.20 
233.9 
98.78 
3.623 
27.39 
-73.0 
2.130 
251.5 
-17.3 
-51.6 
97.49 
10.41 
4.459 
-22.8 
12.60 
-3.05 
8.451 
3.166 
10.80 
23.86 
-13.0 
-213. 
-11.2 
17.95 
-28.0 
-0.94 
1.882 
-8.95 
5.930 
19.35 
103.8 
36.25 
0.192 
-64.2 
-23.3 
-1.09 
-10.6 
-7.84 
1.891 
-3.31 
-19.7 
192.1 
-137. 
15.81 
-4.20 
-23.8 
-11.5 
3.761 
-0.20 
-7.79 
24.54 
-66.3 
51.39 
6.836 
1.274 
8.282 
140.9 
4.815 
15.94 
43.19 
-29.2 
15.58 
-151. 
25.10 
-7.28 
-12.4 
-39.4 
194.1 
37.32 
-13.7 
-7.49 
-4.67 
33.26 
49.12 
-65.8 
-26.6 
-13.5 
-48.1 
45.31 
-74.5 
31.87 
0.739 
-28.5 
16.55 
36.58 
65.54 
2.554 
62.29 
-125. 
9.741 
46.06 
-1.96 
31.46 
-27.5 
39.38 
-6.01 
-2.60 
123.3 
6.757 
-7.18 
50.82 
38.13 
-128. 
-5.37 
149.5 
-40.1 
-50.9 
-9.60 
-58.5 
-17.9 
13.09 
-8.07 
2.293 
-31.8 
52.99 
3.559 
-49.0 
124.3 
30.42 
-166. 
-1.69 
-1.54 
16.36 
-47.3 
-1.10 
56.35 
-14.4 
-73.5 
8.374 
-0.73 
37.50 
35.58 
-43.1 
-143. 
-101. 
37.56 
99.15 
53.67 
-12.1 
42.58 
19.81 
-150. 
-246. 
114.3 
-36.6 
-43.0 
5.572 
25.96 
186.8 
-80.5 
-56.9 
-74.5 
-172. 
-12.1 
-3.27 
-46.4 
1.788 
-2.76 
-23.7 
-16.2 
-3.76 
-13.0 
97.89 
29.92 
120.5 
4.823 
7.998 
8.186 
-17.5 
-30.2 
-35.6 
19.65 
4.158 
-14.9 
-0.68 
-185. 
4.364 
-125. 
-1.67 
-48.7 
205.9 
9.931 
14.30 
40.70 
-26.4 
4.632 
338.4 
-14.2 
-137. 
-24.9 
93.77 
161.7 
-12.4 
284.1 
17.55 
-47.2 
12.54 
6.924 
-39.3 
116.4 
39.75 
-107. 
-9.42 
-3.68 
367.7 
-7.21 
-22.7 
-56.9 
-33.7 
26.14 
-2.33 
-2.52 
-2.33 
9.345 
5.802 
-31.6 
