0.99999643 -0.0068841 0.09999727 0.00000345 0.00973214 
-0.0000193 0.84693784 0.00000917 0.10002891 0.01418834 
-0.0000357 -0.0688419 0.99997274 0.00003455 0.09732140 
-0.0001938 -1.5306216 0.00009165 1.00028909 0.14188338 

1.00000399 -0.0069303 0.09998427 -0.0000001 0.00973536 
0.00002782 0.84635951 -0.0000830 0.10001452 0.01420733 
0.00003993 -0.0693029 0.99984271 -0.0000014 0.09735363 
0.00027820 -1.5364049 -0.0008305 1.00014523 0.14207330 

0.99999934 -0.0074404 0.09999417 -0.0000385 0.00973764 
-0.0000048 0.84166271 -0.0000121 0.09995127 0.01420461 
-0.0000066 -0.0744040 0.99994165 -0.0003857 0.09737643 
-0.0000485 -1.5833728 -0.0001218 0.99951272 0.14204609 

0.99998901 -0.0082640 0.09999429 -0.0002207 0.00970732 
-0.0000740 0.83418075 -0.0000118 0.09960429 0.01389412 
-0.0001099 -0.0826409 0.99994290 -0.0022070 0.09707324 
-0.0007404 -1.6581925 -0.0001180 0.99604290 0.13894118 

0.99998753 -0.0086921 0.10000039 -0.0005277 0.00965076 
-0.0000866 0.82809725 0.00002812 0.09926674 0.01320492 
-0.0001247 -0.0869214 1.00000394 -0.0052776 0.09650763 
-0.0008665 -1.7190275 0.00028125 0.99266743 0.13204922 

0.99999675 -0.0069645 0.09999105 -0.0008790 0.00955811 
-0.0000272 0.83976050 -0.0000394 0.09890519 0.01200380 
-0.0000325 -0.0696457 0.99991053 -0.0087904 0.09558111 
-0.0002720 -1.6023950 -0.0003948 0.98905187 0.12003801 

0.99999836 -0.0045998 0.09999712 -0.0009469 0.00946927 
-0.0000171 0.85112824 0.00001237 0.09892836 0.01070447 
-0.0000164 -0.0459982 0.99997117 -0.0094694 0.09469272 
-0.0001716 -1.4887176 0.00012375 0.98928365 0.10704474 

1.00000026 -0.0015553 0.09999581 -0.0007136 0.00939790 
0.00000058 0.87815140 0.00001660 0.09928708 0.00959161 
0.00000258 -0.0155536 0.99995813 -0.0071364 0.09397905 
0.00000575 -1.2184859 0.00016599 0.99287078 0.09591615 

1.00000000 -0.0004985 0.09999555 -0.0001653 0.00938194 
0.00000521 0.88718908 -0.0000029 0.09985023 0.00935577 
0.00000002 -0.0049852 0.99995547 -0.0016534 0.09381941 
0.00005207 -1.1281092 -0.0000291 0.99850232 0.09355766 

0.99999904 0.00026049 0.09999535 0.00042985 0.00942330 
0.00000998 0.90843365 -0.0000057 0.10045087 0.01004385 
-0.0000096 0.00260488 0.99995353 0.00429853 0.09423305 
0.00009980 -0.9156634 -0.0000572 1.00450865 0.10043847 

0.99999919 -0.0020045 0.09999450 0.00092190 0.00953615 
-0.0000055 0.90319454 -0.0000185 0.10111739 0.01168491 
-0.0000080 -0.0200458 0.99994501 0.00921904 0.09536153 
-0.0000553 -0.9680546 -0.0001850 1.01117386 0.11684908 

1.00000476 -0.0078500 0.09999854 0.00078669 0.00968205 
0.00003869 0.87388381 0.00001783 0.10112927 0.01357412 
0.00004760 -0.0785003 0.99998536 0.00786687 0.09682051 
0.00038686 -1.2611619 0.00017828 1.01129274 0.13574123 

0.99999464 -0.0165411 0.09999769 -0.0005384 0.00972820 
-0.0000324 0.81709707 0.00000710 0.09932119 0.01409050 
-0.0000536 -0.1654117 0.99997686 -0.0053840 0.09728197 
-0.0003247 -1.8290292 0.00007104 0.99321190 0.14090505 

1.00001848 -0.0153491 0.09999551 -0.0030206 0.00947514 
0.00011776 0.82135976 0.00000058 0.09658750 0.01087592 
0.00018477 -0.1534917 0.99995511 -0.0302060 0.09475145 
0.00117760 -1.7864023 0.00000575 0.96587504 0.10875921 

0.99999622 -0.0025538 0.09999523 -0.0041555 0.00919150 
-0.0000055 0.87450729 -0.0000024 0.09757988 0.00539159 
-0.0000378 -0.0255386 0.99995231 -0.0415559 0.09191499 
-0.0000555 -1.2549271 -0.0000240 0.97579876 0.05391594 

1.00000369 0.00611585 0.09999271 -0.0035619 0.00910339 
-0.0000035 0.90336996 0.00000418 0.09989480 0.00025373 
0.00003695 0.06115852 0.99992708 -0.0356199 0.09103387 
-0.0000355 -0.9663004 0.00004175 0.99894796 0.00253728 

1.00000014 0.00859306 0.09999279 -0.0022293 0.00913246 
-0.0000031 0.92664023 0.00000837 0.10074313 -0.0030767 
0.00000144 0.08593063 0.99992790 -0.0222935 0.09132463 
-0.0000319 -0.7335976 0.00008368 1.00743128 -0.0307671 

0.99999994 0.00812094 0.09999316 -0.0007690 0.00915049 
0.00000174 0.94264529 0.00000915 0.10036981 -0.0041926 
-0.0000006 0.08120943 0.99993159 -0.0076906 0.09150493 
0.00001741 -0.5735470 0.00009149 1.00369812 -0.0419267 

0.99999400 0.00769968 0.09999783 0.00072297 0.00912931 
0.00001460 0.94197934 -0.0000043 0.09974411 -0.0031464 
-0.0000599 0.07699684 0.99997834 0.00722972 0.09129311 
0.00014604 -0.5802066 -0.0000429 0.99744105 -0.0314643 

1.00000380 0.00641846 0.09999705 0.00219763 0.00909233 
-0.0000027 0.94668946 -0.0000019 0.10001613 0.00006337 
0.00003805 0.06418458 0.99997050 0.02197625 0.09092333 
-0.0000277 -0.5331054 -0.0000199 1.00016131 0.00063368 

1.00000447 0.00204899 0.09999352 0.00326146 0.00918532 
0.00000440 0.94787609 -0.0000051 0.10179031 0.00511145 
0.00004470 0.02048992 0.99993523 0.03261462 0.09185319 
0.00004402 -0.5212391 -0.0000511 1.01790314 0.05111454 

1.00000024 -0.0092808 0.09999542 0.00300383 0.00948394 
-0.0000029 0.90944769 -0.0000018 0.10340865 0.01093542 
0.00000241 -0.0928086 0.99995421 0.03003835 0.09483935 
-0.0000297 -0.9055231 -0.0000189 1.03408652 0.10935421 

0.99998649 -0.0272814 0.10000742 0.00006154 0.00974061 
-0.0000764 0.81834426 0.00005924 0.10008159 0.01423822 
-0.0001350 -0.2728142 1.00007423 0.00061541 0.09740607 
-0.0007639 -1.8165573 0.00059242 1.00081588 0.14238217 

1.00000328 -0.0226579 0.10000189 -0.0046176 0.00944602 
0.00001387 0.82852701 0.00002589 0.09498471 0.01031401 
0.00003277 -0.2265793 1.00001894 -0.0461765 0.09446024 
0.00013874 -1.7147298 0.00025889 0.94984711 0.10314014 

0.99999787 0.00229892 0.09999117 -0.0061566 0.00910942 
-0.0000122 0.94355724 -0.0000083 0.09859541 0.00206114 
-0.0000213 0.02298915 0.99991171 -0.0615659 0.09109421 
-0.0001223 -0.5644276 -0.0000829 0.98595407 0.02061136 

1.00000224 0.01097115 0.10000042 -0.0046471 0.00918285 
-0.0000034 1.01817081 0.00000964 0.10257977 -0.0051495 
0.00002244 0.10971151 1.00000421 -0.0464713 0.09182851 
-0.0000345 0.18170810 0.00009642 1.02579769 -0.0514952 

0.99999945 0.00610337 0.09999399 -0.0026467 0.00941197 
-0.0000012 1.08458983 0.00000500 0.10275205 -0.0098429 
-0.0000055 0.06103366 0.99993987 -0.0264679 0.09411969 
-0.0000127 0.84589833 0.00004999 1.02752053 -0.0984293 

0.99999958 0.00000278 0.09999565 -0.0012876 0.00959269 
0.00000445 1.12380195 -0.0000007 0.10164387 -0.0124441 
-0.0000042 0.00002778 0.99995652 -0.0128760 0.09592692 
0.00004454 1.23801948 -0.0000072 1.01643870 -0.1244414 

0.99999889 -0.0025070 0.09999387 -0.0005503 0.00968904 
0.00000758 1.12916012 0.00001881 0.10082460 -0.0136647 
-0.0000111 -0.0250705 0.99993873 -0.0055032 0.09689041 
0.00007575 1.29160118 0.00018809 1.00824602 -0.1366479 

0.99999906 -0.0046483 0.09999196 -0.0001536 0.00973250 
0.00000766 1.13693258 0.00003178 0.10017582 -0.0141449 
-0.0000093 -0.0464837 0.99991963 -0.0015364 0.09732505 
0.00007663 1.36932577 0.00031781 1.00175824 -0.1414496 

sysiderr: 0.0891
ptb_coef: 0.0100