4.29942 13.7147 6.01307 2.77025 

4.32456 15.0644 6.12565 2.68948 

4.41494 16.3076 6.32368 2.55358 

4.63201 16.8553 6.62001 2.39076 

4.7347 15.0577 6.62146 2.49237 

4.8413 12.219 6.47334 2.83489 

4.88827 9.01789 6.20174 3.42158 

5.66484 10.1335 6.99765 3.07509 

6.17666 11.0964 7.55469 2.66507 

6.34671 13.0946 7.71764 2.40655 

5.87567 13.4546 6.9989 2.69242 

4.99611 10.969 5.69604 3.20268 

3.43374 2.52097 3.63994 4.34888 

2.2879 -7.63473 2.37367 6.51074 

3.94936 -14.422 4.69321 9.33376 

8.8274 -12.5561 10.0817 8.45488 

9.74654 -5.27086 10.2994 0.319901 

7.59313 -1.52721 7.62313 -5.55322 

7.32015 2.78327 7.54194 -7.77151 

9.65155 8.32841 10.4697 -6.6296 

10.9448 11.2585 11.831 -2.17337 

7.27492 5.31821 7.66363 2.49022 

1.85785 -5.73738 2.27873 5.27711 

-0.764409 -5.43354 0.969841 8.14423 

2.16201 20.5586 7.65036 13.5294 

9.47244 44.0936 18.6022 14.0851 

4.69302 -14.8665 3.18818 -6.93496 

3.0189 -19.8983 0.269316 -7.69623 

2.9422 -14.3805 1.37938 -6.18118 

0.325378 -7.17463 3.28854 -4.79553 

