422.45161600000006 5.684341886080802e-14 422.45161600000006 5.684341886080802e-14 0
449.282563436 17.16496348059316 483.47257080400004 34.80973810861275 5
532.2161258799999 63.00211704544045 720.228315172 264.139471527419 10
681.50443338 150.9798373764307 1193.027278576 691.2071612952514 15
846.421849054 249.78601383365594 1875.645480094 1328.1834402877748 20
1110.196311958 397.734039296019 2907.198079972 2084.751774724465 25
1379.638855916 557.7691846591395 3763.855242458 2567.90688526597 30
1731.4892974759998 771.6156226004291 4757.9033277 3137.7168951099434 35
2160.02171473 1042.7290947669767 5705.06335038 3280.2058811397355 40
2492.8182520980004 1117.833457793336 6246.09422742 3331.3738680747647 45
2956.5526141 1431.1515487005063 7044.6599265 3394.3316515945708 50
3623.1043112 2009.8612980391429 8022.468186939999 3769.0420469156466 55
4249.1571030800005 2235.4264063223104 8678.54577656 3921.102299544335 60
4650.50672972 2446.5494028602343 9173.710908800002 4251.974562098933 65
5891.03857142 3521.1935111576295 10240.262203419998 4265.4215299446905 70
6293.685000219999 4022.5659970715974 10955.147538559999 4512.1543704672295 75
7240.960469879999 4648.844230891172 12011.509783939999 4822.366369513113 80
8510.693004560002 16739.07077166175 11931.661973539998 4677.8475426330115 85
8875.1459543 6106.058939049938 12799.11091874 5022.258265723552 90
9654.12836534 7605.145821461917 14254.716674660001 4966.977709443732 95
16825.6614182 82677.28805076829 15083.65950904 5976.516506568699 100
