757.040958 2.27373675443e-13 757.040958 2.27373675443e-13 0
761.936909198 1.11313200672 784.743634152 27.8175052937 5
776.521326754 3.26016558587 856.611284226 71.6408429333 10
801.463728178 7.29708369276 951.89268086 121.184162753 15
836.707585458 13.160491402 1064.21023244 176.603491576 20
881.33246241 20.4331319768 1193.44866901 222.216464336 25
942.438733286 37.8222835753 1326.40164873 267.810119767 30
3473.98858647 48320.0846829 1429.12855432 273.924564705 35
32938.0913676 602197.946299 1555.52192398 286.26652185 40
10663.0889735 141238.465328 1652.16238982 275.17790457 45
45713.0685394 701584.877288 1752.1565386 273.490950396 50
102717.328795 1093608.75686 1862.4805287 271.174799598 55
185453.55371 1714594.57572 1984.60031014 259.635854433 60
323339.981078 3403267.84505 2089.6711851 237.503360875 65
22029.2957917 239107.73712 2224.1297955 247.669877817 70
313202.535874 2510431.84715 2313.8056203 230.138626738 75
328219.426056 1915568.13024 2451.17401544 235.006702341 80
