1111.8069300000002 2.2737367544323206e-13 1111.8069300000002 2.2737367544323206e-13 0
1113.408935175 0.9587907193827332 1138.103361725 56.76033744165365 3
1117.718719275 2.037628983633969 1245.17429015 190.40846782652127 6
1125.3737910250002 3.602048125913884 1399.6257425000001 277.8369577685519 9
1135.6493027499998 5.239173995215558 1553.7042962 358.62926409326633 12
1151.5379515 8.57702235882636 1685.3848912749997 380.08121681796604 15
1172.098538975 20.38098382832971 1767.8914752 375.0511337501824 18
1202.017478375 40.13808007466241 1837.1080296999999 359.9020014593603 21
1250.95435755 66.44072196332108 1897.25027885 330.8709292018257 24
1345.1063196 206.72632446471084 2011.648664525 351.40443755542935 27
