1.22897010 3.85087651 2.60361976 3.90403224 7.44567747 4.24275243 2.21376894 2.51722633 2.36079458 0.88864951 -5.5959807 -6.5911251 -5.0552050 -7.6305541 -7.4033612 -6.7057214 -10.539178 -6.9111893 -4.0746341 -7.2245821 0.47227478 -0.1796055 11.2797747 5.44399625 8.89851844 5.11215453 4.03718282 1.19274802 -0.4149321 3.70151745 

//////////// LOG ////////////
Control Init:
0.00000000 0.00000000 0.00000000 0.00000000 0.00000000 0.00000000 0.00000000 0.00000000 0.00000000 0.00000000 0.00000000 0.00000000 0.00000000 0.00000000 0.00000000 0.00000000 0.00000000 0.00000000 0.00000000 0.00000000 0.00000000 0.00000000 0.00000000 0.00000000 0.00000000 0.00000000 0.00000000 0.00000000 0.00000000 0.00000000 
Q: 0.0100
QT 400.00
R: 0.0000
perturb_coefficient_train: 0.0005
step_coef: 0.0800
ctrl_step: 0.1000
sim_step: 0.1000
step_num:   30
rollout_train:    