213.558005
0.00000000
208.105402
0.00000000
206.218517
0.00000000
210.665251
0.00000000
210.531385
0.00000000
202.320989
0.00000000
204.044400
0.00000000
204.580905
0.00000000
221.523403
0.00000000
211.015803
0.00000000
209.319417
0.00000000
209.651744
0.00000000
208.924084
0.00000000
204.399051
0.00000000
209.445575
0.00000000
210.711016
0.00000000
205.785114
0.00000000
218.324792
0.00000000
211.879527
0.00000000
203.646450
0.00000000
203.458450
0.00000000
208.325395
0.00000000
205.777725
0.00000000
207.586371
0.00000000
210.637578
0.00000000
206.000069
0.00000000
209.061805
0.00000000
206.056509
0.00000000
204.734963
0.00000000
208.286682
0.00000000
204.315320
0.00000000
216.327308
0.00000000
212.020714
0.00000000
209.809384
0.00000000
205.695617
0.00000000
206.787050
0.00000000
204.615341
0.00000000
210.422762
0.00000000
206.212467
0.00000000
203.776297
0.00000000
207.034164
0.00000000
224.473869
0.00000000
210.894466
0.00000000
210.196897
0.00000000
216.080578
0.00000000
206.067720
0.00000000
207.887881
0.00000000
206.457652
0.00000000
216.672637
0.00000000
214.526271
0.00000000
209.893247
0.00000000
206.804856
0.00000000
208.985646
0.00000000
210.697455
0.00000000
204.928775
0.00000000
205.668402
0.00000000
207.013247
0.00000000
210.279832
0.00000000
211.400180
0.00000000
208.802448
0.00000000
207.870961
0.00000000
204.778300
0.00000000
212.359626
0.00000000
214.606823
0.00000000
205.728837
0.00000000
217.169066
0.00000000
208.177096
0.00000000
203.753140
0.00000000
206.488610
0.00000000
229.309667
0.00000000
207.324375
0.00000000
215.982725
0.00000000
209.806025
0.00000000
210.549652
0.00000000
209.932475
0.00000000
212.576112
0.00000000
212.323527
0.00000000
204.386427
0.00000000
206.028358
0.00000000
235.674645
0.00000000
213.688648
0.00000000
219.552984
0.00000000
206.448823
0.00000000
208.610226
0.00000000
210.606220
0.00000000
221.158502
0.00000000
206.510496
0.00000000
225.990273
0.00000000
205.834705
0.00000000
206.465408
0.00000000
220.291128
0.00000000
210.884024
0.00000000
210.783152
0.00000000
216.365802
0.00000000
216.383904
0.00000000
209.500495
0.00000000
213.028544
0.00000000
207.397928
0.00000000
213.919558
0.00000000
209.597096
0.00000000
206.945882
0.00000000
209.820571
0.00000000
212.330843
0.00000000
205.898826
0.00000000
213.907321
0.00000000
205.337156
0.00000000
206.679732
0.00000000
211.317070
0.00000000
209.850361
0.00000000
208.574540
0.00000000
210.829675
0.00000000
209.778288
0.00000000
213.460702
0.00000000
216.119512
0.00000000
207.678182
0.00000000
205.464346
0.00000000
208.839050
0.00000000
206.079010
0.00000000
210.807621
0.00000000
206.032720
0.00000000
206.815594
0.00000000
238.913851
0.00000000
211.164824
0.00000000
209.018648
0.00000000
229.077802
0.00000000
213.898665
0.00000000
220.877360
0.00000000
214.905203
0.00000000
208.232060
0.00000000
217.415323
0.00000000
205.626286
0.00000000
207.999228
0.00000000
206.940651
0.00000000
209.064971
0.00000000
206.008398
0.00000000
224.177028
0.00000000
234.044061
0.00000000
208.862898
0.00000000
206.159301
0.00000000
206.783120
0.00000000
221.635353
0.00000000
209.837656
0.00000000
207.215172
0.00000000
209.483763
0.00000000
213.151337
0.00000000
212.829072
0.00000000
215.781715
0.00000000
205.631264
0.00000000
211.449307
0.00000000
205.901805
0.00000000
217.246023
0.00000000
208.455044
0.00000000
212.178256
0.00000000
207.660797
0.00000000
204.721745
0.00000000
206.257383
0.00000000
210.293613
0.00000000
210.869832
0.00000000
210.164299
0.00000000
208.344534
0.00000000
206.936037
0.00000000
209.761041
0.00000000
209.554014
0.00000000
208.352148
0.00000000
203.326582
0.00000000
218.426143
0.00000000
209.606908
0.00000000
222.373911
0.00000000
209.106865
0.00000000
202.904090
0.00000000
205.333252
0.00000000
213.483149
0.00000000
208.093016
0.00000000
206.613684
0.00000000
207.833001
0.00000000
211.632248
0.00000000
205.858904
0.00000000
204.670891
0.00000000
206.336892
0.00000000
203.705853
0.00000000
213.052686
0.00000000
211.765297
0.00000000
210.424854
0.00000000
208.519602
0.00000000
210.971920
0.00000000
229.545977
0.00000000
211.011371
0.00000000
207.777818
0.00000000
207.872798
0.00000000
207.923523
0.00000000
208.692364
0.00000000
205.142289
0.00000000
209.777931
0.00000000
218.182804
0.00000000
211.158734
0.00000000
213.618232
0.00000000
207.608241
0.00000000
213.095116
0.00000000
208.422579
0.00000000
207.448460
0.00000000
221.842085
0.00000000
210.242225
0.00000000
206.242942
0.00000000
211.815887
0.00000000
202.232697
0.00000000
204.932420
0.00000000
209.588123
0.00000000
210.771064
0.00000000
205.981414
0.00000000
209.713712
0.00000000
215.521041
0.00000000
217.374115
0.00000000
214.116595
0.00000000
216.558654
0.00000000
207.890872
0.00000000
207.990439
0.00000000
211.185523
0.00000000
207.487681
0.00000000
205.064041
0.00000000
209.048298
0.00000000
215.811537
0.00000000
211.399413
0.00000000
208.844626
0.00000000
218.220513
0.00000000
205.066037
0.00000000
212.291461
0.00000000
210.834044
0.00000000
211.236826
0.00000000
203.945776
0.00000000
210.896315
0.00000000
220.061041
0.00000000
204.969896
0.00000000
239.661179
0.00000000
205.373396
0.00000000
206.261034
0.00000000
211.004036
0.00000000
213.451917
0.00000000
211.194888
0.00000000
210.888603
0.00000000
212.073835
0.00000000
213.206033
0.00000000
206.002835
0.00000000
206.413618
0.00000000
207.051432
0.00000000
208.549792
0.00000000
204.598704
0.00000000
213.846353
0.00000000
213.964747
0.00000000
219.770627
0.00000000
207.043281
0.00000000
213.262237
0.00000000
205.147521
0.00000000
220.560070
0.00000000
207.266195
0.00000000
208.715604
0.00000000
208.052334
0.00000000
211.439452
0.00000000
212.923013
0.00000000
217.190301
0.00000000
206.451338
0.00000000
207.814908
0.00000000
219.203844
0.00000000
212.873595
0.00000000
208.909659
0.00000000
207.144938
0.00000000
209.053395
0.00000000
219.078126
0.00000000
206.482583
0.00000000
205.623328
0.00000000
215.912704
0.00000000
206.951635
0.00000000
224.158638
0.00000000
206.956936
0.00000000
207.773201
0.00000000
204.648935
0.00000000
209.141181
0.00000000
210.705230
0.00000000
208.780280
0.00000000
210.867156
0.00000000
213.069134
0.00000000
208.883385
0.00000000
203.987237
0.00000000
212.440098
0.00000000
204.665810
0.00000000
207.691004
0.00000000
219.790337
0.00000000
206.400930
0.00000000
212.462043
0.00000000
210.433899
0.00000000
210.702393
0.00000000
211.971803
0.00000000
216.033363
0.00000000
209.286952
0.00000000
215.156387
0.00000000
226.999420
0.00000000
213.348202
0.00000000
208.826516
0.00000000
211.815904
0.00000000
204.220729
0.00000000
205.759284
0.00000000
213.511993
0.00000000
206.457122
0.00000000
203.908817
0.00000000
207.076093
0.00000000
206.779804
0.00000000
203.876795
0.00000000
205.888020
0.00000000
211.299551
0.00000000
216.365233
0.00000000
206.710712
0.00000000
206.236285
0.00000000
205.194605
0.00000000
206.906585
0.00000000
205.691980
0.00000000
214.147440
0.00000000
210.851269
0.00000000
208.096595
0.00000000
207.004549
0.00000000
210.951420
0.00000000
206.660459
0.00000000
211.641765
0.00000000
205.289365
0.00000000
213.060197
0.00000000
211.551220
0.00000000
207.225422
0.00000000
209.683808
0.00000000
207.394808
0.00000000
209.811996
0.00000000
205.774940
0.00000000
208.018279
0.00000000
207.930654
0.00000000
213.392322
0.00000000
205.800551
0.00000000
209.307244
0.00000000
226.490867
0.00000000
210.869144
0.00000000
207.908919
0.00000000
216.705212
0.00000000
206.788205
0.00000000
203.958645
0.00000000
208.290999
0.00000000
222.441770
0.00000000
216.321560
0.00000000
214.486265
0.00000000
210.686575
0.00000000
209.453378
0.00000000
234.703728
0.00000000
205.810161
0.00000000
211.049531
0.00000000
209.020907
0.00000000
211.895278
0.00000000
207.420414
0.00000000
209.000657
0.00000000
217.607258
0.00000000
208.720194
0.00000000
207.752687
0.00000000
223.269062
0.00000000
212.211949
0.00000000
220.915393
0.00000000
209.849512
0.00000000
212.154308
0.00000000
219.574230
0.00000000
206.474716
0.00000000
208.593538
0.00000000
208.477380
0.00000000
211.651497
0.00000000
239.122646
0.00000000
215.180589
0.00000000
218.282386
0.00000000
207.393544
0.00000000
204.582150
0.00000000
214.387739
0.00000000
216.540824
0.00000000
221.102931
0.00000000
203.698672
0.00000000
206.218945
0.00000000
210.316486
0.00000000
208.146265
0.00000000
204.886376
0.00000000
212.911753
0.00000000
207.284534
0.00000000
214.448840
0.00000000
206.791348
0.00000000
204.752145
0.00000000
209.161827
0.00000000
209.304542
0.00000000
221.246664
0.00000000
224.500339
0.00000000
207.833839
0.00000000
204.552479
0.00000000
209.142085
0.00000000
206.333002
0.00000000
214.710415
0.00000000
203.309779
0.00000000
212.764104
0.00000000
209.242317
0.00000000
208.748854
0.00000000
207.177389
0.00000000
204.479012
0.00000000
207.644683
0.00000000
211.364976
0.00000000
214.107044
0.00000000
210.828399
0.00000000
206.419609
0.00000000
217.040259
0.00000000
207.337735
0.00000000
208.126898
0.00000000
214.922259
0.00000000
217.982317
0.00000000
212.483123
0.00000000
204.538268
0.00000000
206.549819
0.00000000
211.294256
0.00000000
208.603076
0.00000000
202.721366
0.00000000
207.606334
0.00000000
207.199680
0.00000000
220.654869
0.00000000
207.718198
0.00000000
215.298511
0.00000000
213.457840
0.00000000
206.151792
0.00000000
209.589949
0.00000000
209.752009
0.00000000
207.007236
0.00000000
204.566712
0.00000000
218.608797
0.00000000
217.628826
0.00000000
206.561417
0.00000000
213.383592
0.00000000
216.483954
0.00000000
217.114096
0.00000000
206.128396
0.00000000
214.140490
0.00000000
218.060427
0.00000000
204.768265
0.00000000
215.448230
0.00000000
208.004716
0.00000000
208.027975
0.00000000
220.283195
0.00000000
212.175900
0.00000000
213.368964
0.00000000
209.474150
0.00000000
204.806124
0.00000000
204.037045
0.00000000
216.010068
0.00000000
210.457051
0.00000000
208.928463
0.00000000
207.433152
0.00000000
205.689449
0.00000000
214.138327
0.00000000
205.184968
0.00000000
215.326305
0.00000000
207.302324
0.00000000
208.328426
0.00000000
210.531635
0.00000000
205.643432
0.00000000
213.470284
0.00000000
211.788043
0.00000000
203.817662
0.00000000
212.867379
0.00000000
216.091688
0.00000000
227.217499
0.00000000
212.346970
0.00000000
213.947915
0.00000000
209.113909
0.00000000
213.391301
0.00000000
210.913339
0.00000000
209.931700
0.00000000
215.479738
0.00000000
209.680405
0.00000000
213.864114
0.00000000
206.613703
0.00000000
224.509030
0.00000000
206.471042
0.00000000
207.726869
0.00000000
208.175612
0.00000000
204.555872
0.00000000
207.715057
0.00000000
210.608028
0.00000000
210.740557
0.00000000
204.802130
0.00000000
207.879232
0.00000000
210.922367
0.00000000
205.912875
0.00000000
212.785820
0.00000000
213.468784
0.00000000
203.682515
0.00000000
214.329740
0.00000000
221.094224
0.00000000
208.827562
0.00000000
216.666215
0.00000000
207.287094
0.00000000
204.625174
0.00000000
267.489410
0.00000000
206.849234
0.00000000
208.157675
0.00000000
208.128207
0.00000000
232.608858
0.00000000
206.135991
0.00000000
216.729838
0.00000000
206.448387
0.00000000
205.689540
0.00000000
224.392178
0.00000000
206.221427
0.00000000
222.213347
0.00000000
204.375931
0.00000000
212.272778
0.00000000
216.474292
0.00000000
211.065610
0.00000000
206.006629
0.00000000
207.458033
0.00000000
206.232541
0.00000000
209.133854
0.00000000
201.941971
0.00000000
211.992826
0.00000000
215.736669
0.00000000
211.522079
0.00000000
202.635638
0.00000000
204.546193
0.00000000
208.745471
0.00000000
212.736964
0.00000000
208.590953
0.00000000
204.887106
0.00000000
208.440987
0.00000000
214.156657
0.00000000
211.472138
0.00000000
209.904908
0.00000000
207.184619
0.00000000
210.294197
0.00000000
215.958943
0.00000000
206.915024
0.00000000
205.665853
0.00000000
205.240336
0.00000000
204.380607
0.00000000
214.004080
0.00000000
206.986636
0.00000000
213.348970
0.00000000
203.605773
0.00000000
221.426129
0.00000000
213.081867
0.00000000
203.089852
0.00000000
221.274154
0.00000000
206.902236
0.00000000
205.109294
0.00000000
204.599657
0.00000000
221.026375
0.00000000
207.983966
0.00000000
205.924618
0.00000000
210.288050
0.00000000
208.313251
0.00000000
206.359496
0.00000000
203.654054
0.00000000
209.475011
0.00000000
215.417816
0.00000000
206.173012
0.00000000
208.261561
0.00000000
213.875291
0.00000000
207.367459
0.00000000
222.556157
0.00000000
210.100820
0.00000000
206.209599
0.00000000
206.188502
0.00000000
215.795393
0.00000000
206.662819
0.00000000
206.492125
0.00000000
207.874899
0.00000000
205.929773
0.00000000
207.589950
0.00000000
206.798586
0.00000000
214.145313
0.00000000
208.010789
0.00000000
203.420891
0.00000000
221.158563
0.00000000
211.464756
0.00000000
212.416538
0.00000000
210.125222
0.00000000
217.261219
0.00000000
220.459990
0.00000000
204.115336
0.00000000
212.531993
0.00000000
207.683710
0.00000000
212.489827
0.00000000
216.556075
0.00000000
206.916993
0.00000000
219.022957
0.00000000
204.819174
0.00000000
213.054937
0.00000000
215.587048
0.00000000
205.128443
0.00000000
207.362942
0.00000000
215.685349
0.00000000
207.638526
0.00000000
204.186890
0.00000000
215.818331
0.00000000
209.707852
0.00000000
206.445786
0.00000000
205.901506
0.00000000
206.446730
0.00000000
219.763353
0.00000000
204.557761
0.00000000
207.532017
0.00000000
215.237556
0.00000000
213.284750
0.00000000
208.515170
0.00000000
211.186517
0.00000000
209.781288
0.00000000
213.097882
0.00000000
212.877252
0.00000000
209.501436
0.00000000
208.333384
0.00000000
206.994549
0.00000000
214.748072
0.00000000
210.531627
0.00000000
217.186209
0.00000000
216.369431
0.00000000
208.270291
0.00000000
206.697658
0.00000000
208.769758
0.00000000
219.146650
0.00000000
210.313774
0.00000000
203.958778
0.00000000
205.543163
0.00000000
209.203472
0.00000000
213.362533
0.00000000
206.447334
0.00000000
207.816854
0.00000000
210.976054
0.00000000
210.014787
0.00000000
210.628858
0.00000000
210.736299
0.00000000
208.669386
0.00000000
214.102266
0.00000000
217.038457
0.00000000
224.928855
0.00000000
209.498962
0.00000000
213.586734
0.00000000
223.074912
0.00000000
202.678685
0.00000000
209.132926
0.00000000
214.156999
0.00000000
211.413182
0.00000000
209.246785
0.00000000
206.900423
0.00000000
207.282695
0.00000000
204.496869
0.00000000
208.140258
0.00000000
219.627084
0.00000000
210.922709
0.00000000
208.195141
0.00000000
211.277877
0.00000000
211.200055
0.00000000
204.257530
0.00000000
208.901937
0.00000000
206.507155
0.00000000
205.243777
0.00000000
206.899800
0.00000000
206.220764
0.00000000
209.891683
0.00000000
207.310697
0.00000000
209.113501
0.00000000
217.736068
0.00000000
217.361243
0.00000000
203.002959
0.00000000
210.571151
0.00000000
230.536417
0.00000000
208.812864
0.00000000
203.662851
0.00000000
211.466002
0.00000000
205.301541
0.00000000
207.527631
0.00000000
207.690924
0.00000000
209.070584
0.00000000
218.553601
0.00000000
204.896048
0.00000000
206.174131
0.00000000
204.508866
0.00000000
209.378008
0.00000000
212.796316
0.00000000
205.287400
0.00000000
213.404004
0.00000000
207.762264
0.00000000
207.072484
0.00000000
209.288344
0.00000000
207.830951
0.00000000
208.704365
0.00000000
207.505817
0.00000000
206.745236
0.00000000
207.034898
0.00000000
207.270180
0.00000000
207.838377
0.00000000
205.178315
0.00000000
220.009158
0.00000000
207.883088
0.00000000
204.895394
0.00000000
210.347590
0.00000000
215.033741
0.00000000
222.713554
0.00000000
216.126891
0.00000000
220.780572
0.00000000
208.146359
0.00000000
222.883680
0.00000000
216.508988
0.00000000
211.058591
0.00000000
213.563046
0.00000000
209.227396
0.00000000
208.379554
0.00000000
205.659733
0.00000000
204.585813
0.00000000
206.652973
0.00000000
217.362319
0.00000000
209.054455
0.00000000
209.577308
0.00000000
210.632823
0.00000000
208.907488
0.00000000
211.789181
0.00000000
226.981578
0.00000000
220.811674
0.00000000
211.700132
0.00000000
206.329605
0.00000000
205.520885
0.00000000
208.043966
0.00000000
209.939857
0.00000000
210.434110
0.00000000
220.107428
0.00000000
207.846729
0.00000000
208.203343
0.00000000
209.470767
0.00000000
213.995639
0.00000000
215.118869
0.00000000
211.841478
0.00000000
205.055770
0.00000000
211.168012
0.00000000
233.198656
0.00000000
213.357796
0.00000000
207.147460
0.00000000
205.526718
0.00000000
206.714116
0.00000000
207.371029
0.00000000
208.438574
0.00000000
209.730168
0.00000000
210.782951
0.00000000
218.446574
0.00000000
208.337475
0.00000000
206.435358
0.00000000
204.687525
0.00000000
206.867700
0.00000000
206.724611
0.00000000
214.515495
0.00000000
205.275352
0.00000000
209.748417
0.00000000
219.649305
0.00000000
213.259875
0.00000000
207.618321
0.00000000
216.537739
0.00000000
210.764512
0.00000000
208.217144
0.00000000
209.501579
0.00000000
209.347122
0.00000000
208.779176
0.00000000
207.508381
0.00000000
203.788217
0.00000000
213.915405
0.00000000
207.219890
0.00000000
206.723662
0.00000000
208.702770
0.00000000
208.198311
0.00000000
204.736710
0.00000000
203.467765
0.00000000
207.952633
0.00000000
212.115824
0.00000000
224.937123
0.00000000
203.873660
0.00000000
212.294409
0.00000000
207.119546
0.00000000
204.605665
0.00000000
217.712837
0.00000000
205.941650
0.00000000
209.986130
0.00000000
205.655770
0.00000000
223.233034
0.00000000
212.618269
0.00000000
208.426773
0.00000000
266.053287
0.00000000
205.130930
0.00000000
207.412688
0.00000000
212.196078
0.00000000
203.878704
0.00000000
212.690177
0.00000000
204.673346
0.00000000
212.384350
0.00000000
204.204010
0.00000000
207.292333
0.00000000
206.780139
0.00000000
205.186357
0.00000000
211.241910
0.00000000
208.269793
0.00000000
208.321646
0.00000000
211.021614
0.00000000
211.915712
0.00000000
211.660465
0.00000000
211.049222
0.00000000
212.353618
0.00000000
203.862364
0.00000000
209.527893
0.00000000
212.639774
0.00000000
210.310944
0.00000000
214.435995
0.00000000
214.515282
0.00000000
206.723855
0.00000000
215.179134
0.00000000
205.778380
0.00000000
207.388335
0.00000000
217.051636
0.00000000
209.555355
0.00000000
207.755274
0.00000000
209.377290
0.00000000
207.531176
0.00000000
203.471114
0.00000000
214.307258
0.00000000
207.156814
0.00000000
207.615634
0.00000000
207.632735
0.00000000
204.614306
0.00000000
207.228738
0.00000000
223.089133
0.00000000
206.348580
0.00000000
215.066940
0.00000000
321.418424
0.00000000
210.341467
0.00000000
211.682650
0.00000000
212.559465
0.00000000
207.055710
0.00000000
222.625571
0.00000000
213.981946
0.00000000
204.899981
0.00000000
218.473902
0.00000000
208.420672
0.00000000
210.823476
0.00000000
210.004967
0.00000000
207.809244
0.00000000
205.400798
0.00000000
208.355652
0.00000000
208.494499
0.00000000
207.527821
0.00000000
210.969763
0.00000000
211.024618
0.00000000
210.312178
0.00000000
215.146433
0.00000000
218.658314
0.00000000
215.807136
0.00000000
209.153091
0.00000000
208.438491
0.00000000
209.867577
0.00000000
207.802629
0.00000000
208.435345
0.00000000
214.844358
0.00000000
208.323783
0.00000000
207.863173
0.00000000
204.975238
0.00000000
214.605198
0.00000000
205.033661
0.00000000
206.127367
0.00000000
208.740471
0.00000000
205.428906
0.00000000
209.701155
0.00000000
208.884961
0.00000000
204.218954
0.00000000
213.105963
0.00000000
216.342523
0.00000000
221.175938
0.00000000
212.155476
0.00000000
206.836891
0.00000000
206.676968
0.00000000
211.610270
0.00000000
209.101562
0.00000000
220.137323
0.00000000
205.597912
0.00000000
209.841653
0.00000000
207.247047
0.00000000
203.604351
0.00000000
208.699060
0.00000000
213.045965
0.00000000
209.727008
0.00000000
212.687052
0.00000000
211.925176
0.00000000
208.922233
0.00000000
215.688207
0.00000000
210.859710
0.00000000
208.041856
0.00000000
216.654313
0.00000000
205.169032
0.00000000
212.261201
0.00000000
207.242139
0.00000000
209.071357
0.00000000
205.440864
0.00000000
222.166691
0.00000000
210.247390
0.00000000
210.368623
0.00000000
207.559629
0.00000000
205.666422
0.00000000
207.161158
0.00000000
208.713862
0.00000000
206.063620
0.00000000
207.403951
0.00000000
214.041137
0.00000000
220.774403
0.00000000
214.120113
0.00000000
211.567984
0.00000000
208.956876
0.00000000
208.066549
0.00000000
216.915407
0.00000000
207.175034
0.00000000
207.916245
0.00000000
211.458887
0.00000000
209.971867
0.00000000
208.126971
0.00000000
212.822491
0.00000000
210.259501
0.00000000
213.707395
0.00000000
206.995909
0.00000000
211.050839
0.00000000
214.991512
0.00000000
220.746225
0.00000000
208.378178
0.00000000
216.285158
0.00000000
206.757138
0.00000000
213.252560
0.00000000
207.440320
0.00000000
208.055548
0.00000000
206.364169
0.00000000
226.319337
0.00000000
208.065314
0.00000000
207.656315
0.00000000
205.648716
0.00000000
205.714503
0.00000000
209.598945
0.00000000
211.036879
0.00000000
204.608753
0.00000000
205.992220
0.00000000
217.064587
0.00000000
206.933534
0.00000000
210.194272
0.00000000
250.560821
0.00000000
209.197239
0.00000000
207.272671
0.00000000
204.007579
0.00000000
205.371938
0.00000000
214.675027
0.00000000
209.341988
0.00000000
207.263741
0.00000000
206.084028
0.00000000
219.766690
0.00000000
210.808245
0.00000000
221.562006
0.00000000
209.328792
0.00000000
210.162234
0.00000000
221.368492
0.00000000
205.817367
0.00000000
225.819513
0.00000000
205.392699
0.00000000
216.191983
0.00000000
207.978124
0.00000000
210.983138
0.00000000
256.793504
0.00000000
213.914011
0.00000000
210.506114
0.00000000
207.700338
0.00000000
208.243649
0.00000000
210.260035
0.00000000
206.438707
0.00000000
204.294684
0.00000000
206.162795
0.00000000
207.478228
0.00000000
211.292398
0.00000000
210.815814
0.00000000
206.334751
0.00000000
206.898216
0.00000000
209.269915
0.00000000
219.317023
0.00000000
206.566076
0.00000000
209.446005
0.00000000
209.334452
0.00000000
227.608732
0.00000000
214.749057
0.00000000
206.708468
0.00000000
211.131796
0.00000000
209.311042
0.00000000
209.258378
0.00000000
209.623131
0.00000000
212.950358
0.00000000
211.814338
0.00000000
208.331934
0.00000000
214.182478
0.00000000
209.400462
0.00000000
206.432463
0.00000000
208.192078
0.00000000
209.361702
0.00000000
207.614447
0.00000000
205.618333
0.00000000
213.252003
0.00000000
207.243319
0.00000000
210.461322
0.00000000
212.321072
0.00000000
216.758653
0.00000000
205.146586
0.00000000
216.673452
0.00000000
212.854039
0.00000000
210.707953
0.00000000
210.417533
0.00000000
213.712851
0.00000000
212.575853
0.00000000
209.975391
0.00000000
216.077893
0.00000000
210.894046
0.00000000
214.129709
0.00000000
213.848536
0.00000000
227.902066
0.00000000
213.065109
0.00000000
211.965284
0.00000000
207.602127
0.00000000
210.421278
0.00000000
213.132812
0.00000000
205.148131
0.00000000
212.780559
0.00000000
208.148031
0.00000000
207.462188
0.00000000
207.228745
0.00000000
207.640208
0.00000000
214.284793
0.00000000
204.682348
0.00000000
213.765815
0.00000000
208.251073
0.00000000
208.860678
0.00000000
212.519286
0.00000000
206.163884
0.00000000
210.558742
0.00000000
214.521892
0.00000000
210.276220
0.00000000
212.323355
0.00000000
206.400845
0.00000000
211.069054
0.00000000
215.385549
0.00000000
209.245810
0.00000000
211.102209
0.00000000
208.566982
0.00000000
206.858319
0.00000000
210.245706
0.00000000
208.593777
0.00000000
214.927879
0.00000000
208.242184
0.00000000
209.192819
0.00000000
205.988225
0.00000000
210.147388
0.00000000
206.167775
0.00000000
211.027214
0.00000000
206.194460
0.00000000
207.926322
0.00000000
208.432854
0.00000000
212.790922
0.00000000
207.912261
0.00000000
207.779087
0.00000000
208.635436
0.00000000
210.577647
0.00000000
218.614089
0.00000000
215.754240
0.00000000
205.128365
0.00000000
205.980764
0.00000000
216.085283
0.00000000
203.974832
0.00000000
210.110797
0.00000000
214.696641
0.00000000
207.966647
0.00000000
205.207312
0.00000000
207.320908
0.00000000
207.584675
0.00000000
204.823613
0.00000000
220.577413
0.00000000
210.490034
0.00000000
214.265080
0.00000000
206.552514
0.00000000
210.104661
0.00000000
206.134902
0.00000000
204.529123
0.00000000
211.523375
0.00000000
216.655494
0.00000000
210.870023
0.00000000
209.320448
0.00000000
206.368124
0.00000000
206.196559
0.00000000
204.590401
0.00000000
207.162390
0.00000000
208.301556
0.00000000
205.571439
0.00000000
208.351955
0.00000000
206.762450
0.00000000
209.547704
0.00000000
206.406388
0.00000000
211.308363
0.00000000
214.656881
0.00000000
206.583121
0.00000000
212.863225
0.00000000
207.465617
0.00000000
209.259657
0.00000000
212.080183
0.00000000
209.053817
0.00000000
207.801810
0.00000000
208.681793
0.00000000
209.248712
0.00000000
219.645276
0.00000000
219.241228
0.00000000
223.406647
0.00000000
220.264874
0.00000000
210.459022
0.00000000
214.542354
0.00000000
223.549827
0.00000000
205.198039
0.00000000
208.991394
0.00000000
213.461802
0.00000000
208.360426
0.00000000
209.174008
0.00000000
208.926667
0.00000000
207.430309
0.00000000
210.538751
0.00000000
210.219448
0.00000000
206.235336
0.00000000
212.721214
0.00000000
210.082326
0.00000000
215.809098
0.00000000
210.192137
0.00000000
209.306555
0.00000000
205.508075
0.00000000
216.754991
0.00000000
211.469196
0.00000000
217.681328
0.00000000
214.905618
0.00000000
209.119616
0.00000000
204.866307
0.00000000
204.900885
0.00000000
225.515012
0.00000000
213.316839
0.00000000
210.707533
0.00000000
232.008709
0.00000000
204.766110
0.00000000
213.676825
0.00000000
209.065714
0.00000000
205.961210
0.00000000
209.629671
0.00000000
210.778336
0.00000000
207.635138
0.00000000
213.223544
0.00000000
205.827832
0.00000000
208.762585
0.00000000
208.017929
0.00000000
209.395284
0.00000000
227.943338
0.00000000
214.625751
0.00000000
202.703752
0.00000000
216.222048
0.00000000
206.412355
0.00000000
207.079898
0.00000000
207.643197
0.00000000
211.319383
0.00000000
209.118975
0.00000000
204.782724
0.00000000
207.589181
0.00000000
205.631447
0.00000000
209.694402
0.00000000
215.686321
0.00000000
208.412228
0.00000000
230.537908
0.00000000
210.634485
0.00000000
212.305761
0.00000000
231.299020
0.00000000
206.283394
0.00000000
204.645918
0.00000000
206.181873
0.00000000
210.798533
0.00000000
206.950940
0.00000000
212.993261
0.00000000
216.377456
0.00000000
209.473501
0.00000000
207.583514
0.00000000
224.595758
0.00000000
219.877722
0.00000000
208.776868
0.00000000
219.004369
0.00000000
212.143989
0.00000000
203.193014
0.00000000
204.004384
0.00000000
212.527683
0.00000000
214.316246
0.00000000
211.864562
0.00000000
227.035408
0.00000000
205.509575
0.00000000
209.802442
0.00000000
209.165911
0.00000000
210.643238
0.00000000
208.930924
0.00000000
203.693085
0.00000000
206.447367
0.00000000
203.240032
0.00000000
216.498689
0.00000000
210.674583
0.00000000
210.318213
0.00000000
209.319318
0.00000000
209.762096
0.00000000
208.248768
0.00000000
207.797849
0.00000000
220.643335
0.00000000
207.230239
0.00000000
205.845593
0.00000000
206.273832
0.00000000
228.843428
0.00000000
219.692437
0.00000000
210.709056
0.00000000
209.618928
0.00000000
212.829272
0.00000000
203.671246
0.00000000
212.885982
0.00000000
206.129506
0.00000000
210.057919
0.00000000
226.411632
0.00000000
217.261047
0.00000000
213.135544
0.00000000
204.638874
0.00000000
217.544092
0.00000000
211.650085
0.00000000
205.376140
0.00000000
215.988804
0.00000000
220.512338
0.00000000
206.315021
0.00000000
211.907634
0.00000000
212.307910
0.00000000
207.496073
0.00000000
209.004992
0.00000000
215.113003
0.00000000
213.174330
0.00000000
211.710619
0.00000000
205.232684
0.00000000
231.512133
0.00000000
207.376234
0.00000000
204.124399
0.00000000
208.535399
0.00000000
217.562372
0.00000000
210.568159
0.00000000
207.765803
0.00000000
206.209380
0.00000000
215.902203
0.00000000
209.751381
0.00000000
205.084891
0.00000000
210.662237
0.00000000
225.037457
0.00000000
207.515069
0.00000000
220.085787
0.00000000
214.440165
0.00000000
209.760790
0.00000000
209.804976
0.00000000
206.367585
0.00000000
208.359396
0.00000000
232.967235
0.00000000
212.136886
0.00000000
204.963707
0.00000000
212.521044
0.00000000
210.751299
0.00000000
212.444523
0.00000000
208.815011
0.00000000
210.083005
0.00000000
239.019958
0.00000000
209.419722
0.00000000
204.632686
0.00000000
225.986908
0.00000000
208.118773
0.00000000
215.635563
0.00000000
208.652242
0.00000000
212.097868
0.00000000
209.991719
0.00000000
208.802388
0.00000000
213.803873
0.00000000
204.777254
0.00000000
206.395013
0.00000000
229.439078
0.00000000
205.191767
0.00000000
220.286716
0.00000000
206.866362
0.00000000
206.344443
0.00000000
212.217180
0.00000000
208.390412
0.00000000
208.658938
0.00000000
204.464911
0.00000000
208.507431
0.00000000
218.994745
0.00000000
214.145526
0.00000000
213.664722
0.00000000
207.623388
0.00000000
206.565118
0.00000000
222.685899
0.00000000
213.301844
0.00000000
209.429085
0.00000000
209.429997
0.00000000
204.884538
0.00000000
236.190620
0.00000000
206.398780
0.00000000
209.112840
0.00000000
204.241055
0.00000000
204.165387
0.00000000
204.950143
0.00000000
210.441090
0.00000000
210.819325
0.00000000
219.262637
0.00000000
205.792605
0.00000000
204.848175
0.00000000
208.521813
0.00000000
215.098739
0.00000000
209.108396
0.00000000
205.844165
0.00000000
211.890295
0.00000000
206.972347
0.00000000
206.706286
0.00000000
215.191035
0.00000000
207.017684
0.00000000
209.609570
0.00000000
206.442370
0.00000000
206.882438
0.00000000
215.929964
0.00000000
228.404322
0.00000000
205.362879
0.00000000
209.767682
0.00000000
209.621979
0.00000000
207.692819
0.00000000
208.292341
0.00000000
214.345952
0.00000000
203.808082
0.00000000
211.661500
0.00000000
207.779940
0.00000000
217.652615
0.00000000
211.694417
0.00000000
220.625523
0.00000000
207.684927
0.00000000
210.109913
0.00000000
209.167949
0.00000000
203.832854
0.00000000
206.365196
0.00000000
206.909108
0.00000000
210.363685
0.00000000
211.379571
0.00000000
213.071160
0.00000000
209.425680
0.00000000
211.739940
0.00000000
208.551171
0.00000000
210.282377
0.00000000
209.763735
0.00000000
209.193188
0.00000000
211.937758
0.00000000
210.159688
0.00000000
207.616979
0.00000000
206.114783
0.00000000
206.515289
0.00000000
217.823029
0.00000000
209.488306
0.00000000
210.154944
0.00000000
210.024358
0.00000000
218.045229
0.00000000
223.647495
0.00000000
205.186062
0.00000000
226.596235
0.00000000
223.538373
0.00000000
214.073001
0.00000000
209.660975
0.00000000
219.965874
0.00000000
203.638526
0.00000000
217.317419
0.00000000
206.232601
0.00000000
209.352188
0.00000000
211.616848
0.00000000
213.317067
0.00000000
206.468549
0.00000000
214.614298
0.00000000
209.344634
0.00000000
206.766013
0.00000000
206.225473
0.00000000
210.562531
0.00000000
226.123891
0.00000000
212.223063
0.00000000
210.386073
0.00000000
211.838864
0.00000000
203.298774
0.00000000
220.719757
0.00000000
215.213905
0.00000000
204.863727
0.00000000
213.171824
0.00000000
208.004215
0.00000000
209.435653
0.00000000
204.314216
0.00000000
210.099052
0.00000000
209.707344
0.00000000
205.184612
0.00000000
207.015352
0.00000000
216.221747
0.00000000
206.558739
0.00000000
206.634944
0.00000000
213.178217
0.00000000
207.267987
0.00000000
211.284569
0.00000000
211.421460
0.00000000
210.221830
0.00000000
213.409917
0.00000000
255.616489
0.00000000
211.234401
0.00000000
221.919171
0.00000000
207.337863
0.00000000
210.766149
0.00000000
204.516077
0.00000000
213.868205
0.00000000
222.839995
0.00000000
209.784138
0.00000000
210.507282
0.00000000
210.396107
0.00000000
206.927379
0.00000000
206.378946
0.00000000
206.461028
0.00000000
230.450535
0.00000000
222.098046
0.00000000
209.762369
0.00000000
204.728473
0.00000000
212.906047
0.00000000
210.604233
0.00000000
212.164740
0.00000000
209.566337
0.00000000
205.939509
0.00000000
209.597107
0.00000000
212.530872
0.00000000
207.731688
0.00000000
220.547359
0.00000000
215.014584
0.00000000
211.739498
0.00000000
208.312099
0.00000000
221.391352
0.00000000
253.317345
0.00000000
209.770874
0.00000000
212.947906
0.00000000
207.353419
0.00000000
205.361388
0.00000000
211.885710
0.00000000
209.242273
0.00000000
206.578469
0.00000000
207.738766
0.00000000
209.620700
0.00000000
219.079262
0.00000000
210.937935
0.00000000
217.949008
0.00000000
205.046654
0.00000000
217.412749
0.00000000
203.106698
0.00000000
210.402404
0.00000000
213.079614
0.00000000
211.561837
0.00000000
204.733877
0.00000000
206.528668
0.00000000
215.403299
0.00000000
217.956057
0.00000000
215.221167
0.00000000
213.021104
0.00000000
206.769884
0.00000000
204.595958
0.00000000
207.212023
0.00000000
207.349157
0.00000000
204.728710
0.00000000
204.849886
0.00000000
212.919598
0.00000000
208.041259
0.00000000
212.349431
0.00000000
206.822885
0.00000000
213.261171
0.00000000
203.416390
0.00000000
210.805466
0.00000000
212.296725
0.00000000
208.865168
0.00000000
216.195112
0.00000000
207.694474
0.00000000
210.485720
0.00000000
214.088457
0.00000000
209.043977
0.00000000
216.250619
0.00000000
205.006915
0.00000000
206.776076
0.00000000
210.264337
0.00000000
211.152482
0.00000000
206.733840
0.00000000
211.695035
0.00000000
211.538912
0.00000000
215.148436
0.00000000
212.976362
0.00000000
210.352590
0.00000000
211.517491
0.00000000
207.706216
0.00000000
206.351984
0.00000000
205.531099
0.00000000
211.210702
0.00000000
259.249638
0.00000000
204.484707
0.00000000
223.513670
0.00000000
211.120263
0.00000000
207.806161
0.00000000
208.143892
0.00000000
208.499997
0.00000000
208.341799
0.00000000
234.244346
0.00000000
206.942067
0.00000000
216.937047
0.00000000
204.898139
0.00000000
207.680459
0.00000000
211.280265
0.00000000
208.025110
0.00000000
207.750537
0.00000000
208.691542
0.00000000
211.847033
0.00000000
207.701039
0.00000000
206.360366
0.00000000
213.535126
0.00000000
208.358381
0.00000000
210.251606
0.00000000
214.580388
0.00000000
214.117608
0.00000000
206.406257
0.00000000
211.092410
0.00000000
218.556925
0.00000000
211.082478
0.00000000
206.821853
0.00000000
208.959763
0.00000000
207.120151
0.00000000
218.649607
0.00000000
224.293136
0.00000000
209.052663
0.00000000
210.423665
0.00000000
208.258716
0.00000000
210.301135
0.00000000
211.277943
0.00000000
233.602079
0.00000000
209.023945
0.00000000
211.596690
0.00000000
208.083866
0.00000000
218.661395
0.00000000
235.558868
0.00000000
206.350942
0.00000000
206.953909
0.00000000
213.118875
0.00000000
207.584309
0.00000000
213.570915
0.00000000
212.562936
0.00000000
216.645995
0.00000000
207.929239
0.00000000
209.260877
0.00000000
206.863897
0.00000000
225.952468
0.00000000
217.031912
0.00000000
208.636434
0.00000000
204.737108
0.00000000
217.768654
0.00000000
217.325321
0.00000000
209.285666
0.00000000
225.791133
0.00000000
210.811709
0.00000000
207.087958
0.00000000
205.993561
0.00000000
212.483597
0.00000000
208.021073
0.00000000
226.581276
0.00000000
206.283464
0.00000000
214.904549
0.00000000
208.855104
0.00000000
206.522962
0.00000000
207.615860
0.00000000
216.164802
0.00000000
212.262953
0.00000000
206.754367
0.00000000
206.301730
0.00000000
206.972217
0.00000000
207.582994
0.00000000
203.324188
0.00000000
212.007703
0.00000000
208.953798
0.00000000
211.880897
0.00000000
208.008366
0.00000000
203.989484
0.00000000
211.431553
0.00000000
220.666972
0.00000000
209.783702
0.00000000
212.268885
0.00000000
214.616803
0.00000000
212.745442
0.00000000
204.190649
0.00000000
206.675344
0.00000000
207.031793
0.00000000
209.186796
0.00000000
206.440896
0.00000000
219.541170
0.00000000
203.698021
0.00000000
207.545558
0.00000000
210.000748
0.00000000
206.536672
0.00000000
207.254303
0.00000000
216.877503
0.00000000
218.822013
0.00000000
206.072363
0.00000000
209.307644
0.00000000
214.009470
0.00000000
218.818653
0.00000000
211.290880
0.00000000
208.570191
0.00000000
207.801650
0.00000000
208.196516
0.00000000
212.988632
0.00000000
206.840839
0.00000000
203.990697
0.00000000
208.443749
0.00000000
223.527704
0.00000000
206.922076
0.00000000
206.200887
0.00000000
208.273908
0.00000000
204.838706
0.00000000
215.864495
0.00000000
211.940325
0.00000000
209.967641
0.00000000
207.655542
0.00000000
205.819747
0.00000000
220.260149
0.00000000
206.457526
0.00000000
212.666641
0.00000000
211.520985
0.00000000
208.172757
0.00000000
205.553223
0.00000000
205.717079
0.00000000
207.183773
0.00000000
205.467297
0.00000000
206.562895
0.00000000
210.043627
0.00000000
210.319723
0.00000000
210.860447
0.00000000
210.493466
0.00000000
217.463341
0.00000000
206.385575
0.00000000
221.717163
0.00000000
206.303843
0.00000000
227.196803
0.00000000
205.352360
0.00000000
221.310981
0.00000000
217.208332
0.00000000
206.447887
0.00000000
209.655270
0.00000000
212.760069
0.00000000
221.930001
0.00000000
207.586153
0.00000000
206.011055
0.00000000
215.795682
0.00000000
203.881992
0.00000000
209.647009
0.00000000
212.967797
0.00000000
214.047192
0.00000000
207.104514
0.00000000
235.164290
0.00000000
210.045496
0.00000000
207.780047
0.00000000
211.114858
0.00000000
207.184523
0.00000000
212.622002
0.00000000
207.622145
0.00000000
208.862191
0.00000000
207.602726
0.00000000
230.977615
0.00000000
211.385320
0.00000000
222.764552
0.00000000
212.000589
0.00000000
207.671750
0.00000000
212.222909
0.00000000
208.106790
0.00000000
209.294048
0.00000000
206.613669
0.00000000
210.286211
0.00000000
207.150454
0.00000000
208.601600
0.00000000
211.225845
0.00000000
206.786648
0.00000000
207.110428
0.00000000
213.813238
0.00000000
210.004981
0.00000000
210.356722
0.00000000
206.987126
0.00000000
207.315738
0.00000000
211.752297
0.00000000
211.570784
0.00000000
207.525522
0.00000000
202.716350
0.00000000
206.537218
0.00000000
213.845303
0.00000000
207.519349
0.00000000
209.472932
0.00000000
211.374441
0.00000000
203.874789
0.00000000
207.964896
0.00000000
209.070898
0.00000000
210.142319
0.00000000
216.117833
0.00000000
209.769095
0.00000000
207.612134
0.00000000
214.594387
0.00000000
202.813885
0.00000000
210.130966
0.00000000
214.560088
0.00000000
205.814216
0.00000000
213.282373
0.00000000
204.483714
0.00000000
203.921220
0.00000000
205.415989
0.00000000
211.414163
0.00000000
211.022522
0.00000000
208.259997
0.00000000
212.193084
0.00000000
212.789933
0.00000000
224.800113
0.00000000
207.419346
0.00000000
206.064487
0.00000000
216.519264
0.00000000
216.066984
0.00000000
209.582624
0.00000000
217.100967
0.00000000
210.732038
0.00000000
225.642249
0.00000000
240.580649
0.00000000
209.682413
0.00000000
207.502885
0.00000000
212.047454
0.00000000
211.393681
0.00000000
232.215770
0.00000000
211.639231
0.00000000
208.780699
0.00000000
208.977333
0.00000000
205.876065
0.00000000
207.481687
0.00000000
210.656264
0.00000000
205.456911
0.00000000
216.365112
0.00000000
205.281779
0.00000000
209.442324
0.00000000
202.952043
0.00000000
211.213376
0.00000000
210.143112
0.00000000
219.147527
0.00000000
208.192209
0.00000000
204.814606
0.00000000
206.182964
0.00000000
217.988684
0.00000000
213.648964
0.00000000
204.653060
0.00000000
215.272159
0.00000000
212.059391
0.00000000
211.557748
0.00000000
214.600204
0.00000000
212.918620
0.00000000
205.856180
0.00000000
206.898135
0.00000000
213.774330
0.00000000
210.722748
0.00000000
210.517091
0.00000000
213.959585
0.00000000
215.331929
0.00000000
205.363654
0.00000000
210.101885
0.00000000
208.444243
0.00000000
204.950862
0.00000000
215.065782
0.00000000
201.049914
0.00000000
204.729518
0.00000000
203.102872
0.00000000
210.712482
0.00000000
213.862801
0.00000000
213.028097
0.00000000
213.034429
0.00000000
213.039667
0.00000000
205.489101
0.00000000
211.555963
0.00000000
250.635912
0.00000000
218.879667
0.00000000
219.285379
0.00000000
209.874204
0.00000000
215.377430
0.00000000
205.407162
0.00000000
218.932796
0.00000000
207.496110
0.00000000
208.094247
0.00000000
207.167408
0.00000000
211.629353
0.00000000
215.672953
0.00000000
221.751469
0.00000000
232.519516
0.00000000
204.405341
0.00000000
205.721887
0.00000000
210.735094
0.00000000
209.556833
0.00000000
221.652799
0.00000000
216.888366
0.00000000
205.752486
0.00000000
219.817078
0.00000000
217.130940
0.00000000
211.292988
0.00000000
203.773202
0.00000000
206.144780
0.00000000
214.070875
0.00000000
209.441598
0.00000000
211.649737
0.00000000
209.244441
0.00000000
208.780893
0.00000000
215.438774
0.00000000
209.071600
0.00000000
210.394538
0.00000000
204.671535
0.00000000
217.031988
0.00000000
211.770934
0.00000000
221.122814
0.00000000
213.069561
0.00000000
209.118699
0.00000000
209.303393
0.00000000
217.822673
0.00000000
216.953732
0.00000000
214.416794
0.00000000
204.171683
0.00000000
210.177450
0.00000000
204.880495
0.00000000
205.592575
0.00000000
215.182442
0.00000000
209.396381
0.00000000
208.211664
0.00000000
209.601087
0.00000000
204.922598
0.00000000
222.883855
0.00000000
211.464341
0.00000000
208.073360
0.00000000
209.649505
0.00000000
214.205030
0.00000000
286.809909
0.00000000
217.769736
0.00000000
204.606342
0.00000000
209.236628
0.00000000
214.841709
0.00000000
208.289082
0.00000000
207.693834
0.00000000
207.490391
0.00000000
210.137852
0.00000000
204.320418
0.00000000
212.402843
0.00000000
204.669013
0.00000000
211.501811
0.00000000
216.950446
0.00000000
206.744054
0.00000000
208.777963
0.00000000
218.366964
0.00000000
209.598886
0.00000000
211.592805
0.00000000
205.959442
0.00000000
207.146199
0.00000000
225.249804
0.00000000
211.277070
0.00000000
218.984102
0.00000000
214.199541
0.00000000
205.980600
0.00000000
209.733402
0.00000000
214.041543
0.00000000
207.123821
0.00000000
212.458195
0.00000000
216.140231
0.00000000
214.062623
0.00000000
208.920980
0.00000000
212.783946
0.00000000
204.093493
0.00000000
216.866442
0.00000000
212.799829
0.00000000
211.132590
0.00000000
206.452170
0.00000000
216.475338
0.00000000
214.092580
0.00000000
209.355889
0.00000000
206.256079
0.00000000
207.110687
0.00000000
206.795563
0.00000000
207.484578
0.00000000
208.597144
0.00000000
216.468824
0.00000000
205.352437
0.00000000
219.466990
0.00000000
213.506906
0.00000000
208.425441
0.00000000
212.283811
0.00000000
209.402975
0.00000000
211.685661
0.00000000
205.316918
0.00000000
206.601661
0.00000000
210.294797
0.00000000
211.704699
0.00000000
204.979301
0.00000000
208.017222
0.00000000
216.329170
0.00000000
208.019661
0.00000000
210.374643
0.00000000
212.254189
0.00000000
211.305608
0.00000000
206.281120
0.00000000
208.518864
0.00000000
206.324377
0.00000000
205.039838
0.00000000
208.145536
0.00000000
207.490197
0.00000000
206.407104
0.00000000
211.409479
0.00000000
208.691004
0.00000000
207.872125
0.00000000
208.866360
0.00000000
215.463123
0.00000000
218.140998
0.00000000
206.762283
0.00000000
208.866276
0.00000000
207.607262
0.00000000
209.185524
0.00000000
208.335826
0.00000000
211.873236
0.00000000
206.822716
0.00000000
210.863577
0.00000000
236.481911
0.00000000
214.877893
0.00000000
208.113225
0.00000000
209.860528
0.00000000
209.357173
0.00000000
206.164347
0.00000000
214.252920
0.00000000
205.415311
0.00000000
206.626716
0.00000000
207.501438
0.00000000
210.299064
0.00000000
208.980624
0.00000000
206.086740
0.00000000
217.105945
0.00000000
207.735756
0.00000000
206.500472
0.00000000
212.819724
0.00000000
213.327300
0.00000000
204.056545
0.00000000
204.349545
0.00000000
208.392299
0.00000000
213.367097
0.00000000
206.940707
0.00000000
208.166276
0.00000000
204.272932
0.00000000
235.272739
0.00000000
206.611038
0.00000000
209.469986
0.00000000
213.456541
0.00000000
210.636593
0.00000000
209.338111
0.00000000
207.646352
0.00000000
205.041410
0.00000000
214.748247
0.00000000
217.968690
0.00000000
206.987997
0.00000000
218.848171
0.00000000
213.924706
0.00000000
205.972777
0.00000000
204.872856
0.00000000
213.976770
0.00000000
219.740578
0.00000000
203.790030
0.00000000
205.723521
0.00000000
207.721602
0.00000000
221.833644
0.00000000
205.111274
0.00000000
242.939967
0.00000000
219.541661
0.00000000
210.423127
0.00000000
207.196054
0.00000000
222.236110
0.00000000
220.270980
0.00000000
206.469157
0.00000000
213.394643
0.00000000
212.516411
0.00000000
207.391201
0.00000000
214.271934
0.00000000
208.945443
0.00000000
211.299394
0.00000000
207.689822
0.00000000
206.380566
0.00000000
227.372822
0.00000000
211.997429
0.00000000
206.027780
0.00000000
208.359588
0.00000000
213.817825
0.00000000
209.827744
0.00000000
227.777616
0.00000000
211.884294
0.00000000
208.550626
0.00000000
223.855603
0.00000000
217.729910
0.00000000
214.760456
0.00000000
211.865997
0.00000000
206.556564
0.00000000
207.740613
0.00000000
208.134205
0.00000000
221.655104
0.00000000
214.118789
0.00000000
207.901093
0.00000000
216.057630
0.00000000
207.389567
0.00000000
205.096579
0.00000000
209.765690
0.00000000
217.839341
0.00000000
207.094005
0.00000000
209.202053
0.00000000
213.886800
0.00000000
219.148565
0.00000000
206.371106
0.00000000
208.850434
0.00000000
208.991749
0.00000000
207.549676
0.00000000
209.889908
0.00000000
205.775676
0.00000000
205.435289
0.00000000
210.906662
0.00000000
220.795294
0.00000000
204.822918
0.00000000
214.641636
0.00000000
210.214009
0.00000000
216.233234
0.00000000
208.553899
0.00000000
206.743924
0.00000000
209.462289
0.00000000
206.539573
0.00000000
212.054674
0.00000000
205.419578
0.00000000
212.003991
0.00000000
214.173851
0.00000000
216.676742
0.00000000
210.458840
0.00000000
207.104999
0.00000000
218.012801
0.00000000
203.064943
0.00000000
221.639067
0.00000000
207.353053
0.00000000
219.763670
0.00000000
206.688587
0.00000000
213.730723
0.00000000
214.815021
0.00000000
210.145611
0.00000000
208.341874
0.00000000
216.757693
0.00000000
208.345610
0.00000000
210.588090
0.00000000
208.583833
0.00000000
205.214391
0.00000000
209.228055
0.00000000
207.460998
0.00000000
205.284482
0.00000000
210.327074
0.00000000
225.433263
0.00000000
204.886284
0.00000000
206.529118
0.00000000
207.285578
0.00000000
209.677114
0.00000000
220.146752
0.00000000
212.762467
0.00000000
203.841472
0.00000000
219.572150
0.00000000
263.608770
0.00000000
210.508533
0.00000000
210.345029
0.00000000
211.677985
0.00000000
218.647859
0.00000000
216.168353
0.00000000
209.597726
0.00000000
213.881433
0.00000000
210.513562
0.00000000
212.359590
0.00000000
204.784394
0.00000000
226.418195
0.00000000
206.602690
0.00000000
215.828886
0.00000000
212.656482
0.00000000
216.948980
0.00000000
221.989803
0.00000000
207.814521
0.00000000
208.638029
0.00000000
206.521983
0.00000000
219.772740
0.00000000
210.405266
0.00000000
214.212953
0.00000000
212.381283
0.00000000
210.643305
0.00000000
208.844942
0.00000000
212.296912
0.00000000
208.467814
0.00000000
220.871472
0.00000000
209.956313
0.00000000
205.950872
0.00000000
217.804684
0.00000000
208.192043
0.00000000
226.836829
0.00000000
209.653757
0.00000000
210.055079
0.00000000
207.902600
0.00000000
238.221369
0.00000000
215.151756
0.00000000
211.869754
0.00000000
220.789387
0.00000000
207.743628
0.00000000
208.595645
0.00000000
250.983465
0.00000000
209.838295
0.00000000
216.913424
0.00000000
210.674622
0.00000000
249.828079
0.00000000
209.526210
0.00000000
215.980116
0.00000000
217.472503
0.00000000
206.564702
0.00000000
209.446554
0.00000000
216.651409
0.00000000
207.711820
0.00000000
206.740321
0.00000000
204.762123
0.00000000
214.042875
0.00000000
211.904309
0.00000000
208.682619
0.00000000
216.388822
0.00000000
212.537243
0.00000000
208.765759
0.00000000
209.846631
0.00000000
206.550288
0.00000000
212.070493
0.00000000
206.756513
0.00000000
212.780041
0.00000000
207.263994
0.00000000
223.349895
0.00000000
211.390672
0.00000000
206.540900
0.00000000
215.520897
0.00000000
208.262296
0.00000000
203.786933
0.00000000
214.978918
0.00000000
212.937089
0.00000000
215.294490
0.00000000
209.935560
0.00000000
212.526923
0.00000000
214.777837
0.00000000
212.513658
0.00000000
209.281211
0.00000000
206.186777
0.00000000
208.344852
0.00000000
210.599447
0.00000000
216.613388
0.00000000
215.278886
0.00000000
211.340510
0.00000000
214.668652
0.00000000
243.104933
0.00000000
210.873495
0.00000000
210.407306
0.00000000
217.641395
0.00000000
206.231681
0.00000000
209.148726
0.00000000
212.611264
0.00000000
215.860760
0.00000000
223.675917
0.00000000
209.645648
0.00000000
207.783215
0.00000000
206.495926
0.00000000
205.840061
0.00000000
206.959729
0.00000000
211.936911
0.00000000
204.913026
0.00000000
212.875644
0.00000000
211.533419
0.00000000
208.982828
0.00000000
213.054579
0.00000000
209.674957
0.00000000
212.831215
0.00000000
206.658701
0.00000000
212.744761
0.00000000
216.623206
0.00000000
233.077368
0.00000000
212.119846
0.00000000
213.740690
0.00000000
208.471796
0.00000000
209.122707
0.00000000
210.728826
0.00000000
208.117979
0.00000000
213.311075
0.00000000
210.803975
0.00000000
208.271992
0.00000000
223.505143
0.00000000
218.624465
0.00000000
208.981738
0.00000000
206.144064
0.00000000
207.469351
0.00000000
219.302426
0.00000000
206.536231
0.00000000
205.372490
0.00000000
210.094580
0.00000000
228.850685
0.00000000
209.004108
0.00000000
216.413868
0.00000000
207.750653
0.00000000
209.294441
0.00000000
213.086018
0.00000000
214.041523
0.00000000
223.356190
0.00000000
207.516282
0.00000000
208.043324
0.00000000
208.458502
0.00000000
205.829571
0.00000000
224.461799
0.00000000
209.084105
0.00000000
214.166453
0.00000000
208.595526
0.00000000
208.030768
0.00000000
220.080376
0.00000000
216.634015
0.00000000
220.723039
0.00000000
207.322673
0.00000000
216.921065
0.00000000
219.321768
0.00000000
217.245315
0.00000000
210.372145
0.00000000
208.203319
0.00000000
214.273263
0.00000000
213.817170
0.00000000
209.293849
0.00000000
218.958611
0.00000000
218.310870
0.00000000
210.100561
0.00000000
205.731725
0.00000000
208.181958
0.00000000
207.214681
0.00000000
212.235396
0.00000000
213.415698
0.00000000
230.133190
0.00000000
211.073173
0.00000000
216.068338
0.00000000
209.380675
0.00000000
207.075709
0.00000000
214.197260
0.00000000
207.656951
0.00000000
223.084449
0.00000000
206.400179
0.00000000
211.481081
0.00000000
208.867996
0.00000000
209.629460
0.00000000
215.254858
0.00000000
209.401221
0.00000000
211.935975
0.00000000
208.463375
0.00000000
219.105946
0.00000000
209.071009
0.00000000
207.493321
0.00000000
210.165869
0.00000000
209.372350
0.00000000
213.772692
0.00000000
207.082847
0.00000000
215.515574
0.00000000
207.090756
0.00000000
206.542471
0.00000000
217.875959
0.00000000
210.152426
0.00000000
222.101514
0.00000000
223.829824
0.00000000
226.973407
0.00000000
204.347939
0.00000000
206.421952
0.00000000
225.621150
0.00000000
218.561186
0.00000000
208.319340
0.00000000
205.758310
0.00000000
221.679976
0.00000000
210.517744
0.00000000
209.567726
0.00000000
205.416362
0.00000000
220.395766
0.00000000
209.045064
0.00000000
218.192877
0.00000000
211.588282
0.00000000
217.519444
0.00000000
207.149543
0.00000000
211.746994
0.00000000
207.340253
0.00000000
208.310469
0.00000000
210.502415
0.00000000
220.531075
0.00000000
207.662770
0.00000000
210.995450
0.00000000
211.266499
0.00000000
208.705880
0.00000000
212.563138
0.00000000
205.775673
0.00000000
222.226291
0.00000000
209.175735
0.00000000
213.007037
0.00000000
206.841341
0.00000000
207.113157
0.00000000
209.903586
0.00000000
206.515139
0.00000000
214.473326
0.00000000
209.494904
0.00000000
226.814385
0.00000000
208.562845
0.00000000
211.400201
0.00000000
205.941430
0.00000000
210.159699
0.00000000
211.958904
0.00000000
224.883831
0.00000000
208.894703
0.00000000
225.147121
0.00000000
207.397691
0.00000000
207.176001
0.00000000
207.770237
0.00000000
210.664424
0.00000000
209.987562
0.00000000
214.548069
0.00000000
208.974500
0.00000000
210.879005
0.00000000
204.099653
0.00000000
204.456709
0.00000000
214.354820
0.00000000
205.580709
0.00000000
210.079462
0.00000000
210.811490
0.00000000
214.578735
0.00000000
211.274993
0.00000000
223.525639
0.00000000
212.378283
0.00000000
210.592662
0.00000000
213.841275
0.00000000
215.665585
0.00000000
217.794731
0.00000000
210.007390
0.00000000
210.571815
0.00000000
206.187529
0.00000000
210.259537
0.00000000
210.988458
0.00000000
214.340599
0.00000000
209.753455
0.00000000
206.307084
0.00000000
206.202316
0.00000000
221.045010
0.00000000
206.149801
0.00000000
205.719573
0.00000000
213.999993
0.00000000
213.806958
0.00000000
218.392452
0.00000000
226.542549
0.00000000
216.397159
0.00000000
207.146876
0.00000000
216.070922
0.00000000
229.665494
0.00000000
214.339279
0.00000000
209.612097
0.00000000
216.313454
0.00000000
226.622213
0.00000000
219.670429
0.00000000
206.262001
0.00000000
237.173796
0.00000000
211.053849
0.00000000
206.375616
0.00000000
211.645081
0.00000000
207.053233
0.00000000
214.065442
0.00000000
210.602227
0.00000000
216.249636
0.00000000
210.854540
0.00000000
215.164888
0.00000000
211.125344
0.00000000
212.914264
0.00000000
217.494977
0.00000000
207.267744
0.00000000
207.604154
0.00000000
207.792717
0.00000000
230.862764
0.00000000
217.088991
0.00000000
205.377288
0.00000000
222.932397
0.00000000
204.518899
0.00000000
205.182047
0.00000000
210.996258
0.00000000
211.409908
0.00000000
209.327596
0.00000000
209.773209
0.00000000
204.868746
0.00000000
211.512329
0.00000000
210.927545
0.00000000
206.493370
0.00000000
208.267523
0.00000000
207.616599
0.00000000
212.354239
0.00000000
207.450777
0.00000000
209.714558
0.00000000
222.659465
0.00000000
207.053401
0.00000000
