141.39320199999997 2.842170943040401e-14 141.39320199999997 2.842170943040401e-14 0
142.10433273499999 0.4722957456234965 169.5445206725 3.635231967793588 5
145.3227915375 1.6044743619652198 268.7091149725 14.273670993489803 10
150.4145702925 3.626230734634952 471.82310104499993 37.41919059355487 15
156.5868982375 5.467324875951925 805.4947575400001 70.78566984338704 20
163.17376489999998 8.281352141312555 1274.63980935 108.6374111220501 25
172.73705974999996 11.550244919686337 1876.1575422250003 152.95264851796344 30
182.697990155 15.33081788979463 2507.124561975 202.23052431355046 35
194.690934685 18.969129518006966 3314.837860225 282.3752033201667 40
213.60013293249997 24.8399169167419 4198.776817225 351.86208585589816 45
235.05200569000002 33.47599694974855 5185.952547975 428.4576993247349 50
268.7057880725 51.648579906465606 6266.094267075 484.1919762531483 55
313.1812691625 70.6406932330466 7471.104670374999 600.8804664109522 60
384.50535872250003 308.6242354571123 8755.8927553 749.4945135393897 65
229422.57136749 3286501.6198995514 10140.35940775 817.0543256968392 70
102860471.96752827 831072846.9454598 11624.508942375001 920.4707566665875 75
224332984.0043102 1048038726.8526491 13239.174169 1073.1993704354488 80
534485240.04196185 1503870441.082583 15017.12088325 1085.3629251572277 85
984774640.1601633 1877287879.3295658 16836.03118675 1300.0542073428078 90
1404918664.8703318 2306180077.563569 18692.4454825 1474.837669163959 95
1413769341.674016 2202719655.0654054 20729.09214525 1515.5065758585147 100
