1159. 844.6 323.7 1100. 1016. 1033. 864.9 864.7 625.9 582.6 524.0 457.1 509.7 459.3 386.5 371.2 349.7 331.3 333.3 373.1 343.3 324.2 331.9 315.5 309.2 294.2 274.1 272.1 285.5 319.8 313.7 297.8 282.9 322.6 357.9 352.3 347.0 282.2 322.4 312.7 324.5 229.8 218.2 223.6 216.8 232.2 227.1 188.3 184.4 237.0 223.7 207.8 181.5 195.6 186.0 216.1 208.5 239.0 239.2 266.2 
473.6 303.4 201.7 179.9 141.3 54.94 31.03 26.42 106.0 109.1 58.41 66.05 153.6 163.2 154.4 96.68 122.1 133.5 127.7 121.3 116.6 90.30 84.08 65.81 81.21 78.12 70.43 73.21 72.53 81.73 79.89 63.95 43.16 57.02 42.56 56.01 59.28 69.24 67.05 53.98 50.62 58.57 61.44 81.45 82.40 76.56 74.35 74.12 59.33 60.53 66.30 73.12 65.73 57.79 95.99 94.22 96.33 101.2 81.29 96.96 
461.3 406.0 224.1 214.8 183.4 187.2 162.5 144.1 154.2 133.4 117.8 32.50 32.62 50.35 50.25 64.18 53.08 72.15 68.27 65.63 83.12 77.16 60.27 49.90 48.45 46.31 47.73 41.31 43.46 36.48 1.806 4.217 24.67 22.87 54.19 53.71 45.16 43.20 43.32 42.63 29.47 7.930 9.421 8.044 -5.86 -5.51 -6.17 -5.69 -5.02 -2.88 -2.70 -4.18 -9.41 -9.98 -19.3 -37.3 -35.3 -35.7 -38.4 -44.3 
73.47 181.8 104.1 117.6 97.24 78.76 68.47 104.7 88.41 79.86 84.32 65.85 63.67 74.59 75.05 55.32 45.87 39.77 49.06 47.86 38.81 34.79 25.24 7.723 8.327 14.64 12.57 20.12 19.91 20.01 20.61 17.94 12.90 8.716 -9.57 -7.22 -7.26 -6.05 -10.3 -9.14 -2.06 -3.55 6.292 1.342 1.410 14.25 14.08 15.31 13.97 22.55 21.52 21.22 23.26 21.80 20.80 19.67 18.83 19.83 18.66 24.47 
-233. -108. -78.8 41.37 99.74 77.90 12.88 10.58 22.17 31.28 25.51 -14.1 37.02 53.63 44.01 34.70 31.97 26.96 20.49 19.01 38.67 44.10 35.65 34.14 31.31 35.72 34.61 35.56 31.25 33.65 32.54 31.54 33.87 35.06 39.98 38.89 39.76 42.66 42.17 40.59 35.28 34.02 33.41 33.86 28.59 27.52 26.92 24.50 28.48 26.99 33.49 31.45 39.57 39.20 39.07 38.95 35.04 36.53 37.11 36.17 
23.47 -18.4 -46.0 -101. -80.8 -10.6 22.64 22.82 7.088 6.500 3.170 20.82 16.18 35.95 39.55 25.97 11.13 12.73 14.73 14.38 13.31 28.36 15.84 15.76 15.21 6.681 6.358 -4.21 -5.24 -8.84 -14.9 -27.0 -26.5 -31.6 -31.6 -34.0 -31.5 -31.8 -34.7 -33.6 -20.9 -16.7 -18.4 -21.8 -18.3 -19.1 -15.3 -13.7 -11.4 -12.2 -8.74 -9.96 -10.3 -10.8 -12.9 -11.9 -11.7 -11.2 -12.2 -12.0 
16.26 8.065 34.62 15.27 37.91 31.91 21.85 109.2 96.07 75.65 71.17 36.53 19.09 17.34 15.25 22.52 16.83 17.77 18.04 4.693 9.402 8.548 8.319 -7.32 -6.55 -10.8 -2.44 -3.04 -0.09 4.034 0.851 2.407 6.908 6.142 6.954 10.71 12.56 13.16 19.13 17.58 17.50 13.11 8.236 7.925 7.725 7.884 8.941 10.90 11.55 26.20 22.32 23.25 23.06 22.93 25.47 23.57 22.96 22.58 22.22 22.47 
40.80 -50.1 -67.0 -27.3 -15.6 17.39 20.79 33.96 30.61 21.24 -23.2 -42.2 -38.5 -41.1 -37.0 -32.7 -30.5 -36.2 -31.0 -27.1 -25.5 -13.9 -23.8 -25.4 -23.0 -23.7 -23.0 -14.6 -14.5 -14.1 -10.9 -7.35 -3.93 -5.88 -1.91 -1.81 -1.76 -1.89 -0.87 -2.36 -4.57 -2.81 -11.1 -10.1 -13.3 -12.9 -10.5 -12.3 -13.3 -10.2 -2.14 -2.90 -2.54 -6.24 -7.06 -2.39 -0.95 -2.69 -2.27 -3.30 
-37.8 -7.60 84.07 54.30 50.40 39.01 25.83 29.81 27.18 27.32 25.83 30.16 72.81 67.28 66.57 63.56 75.65 57.70 52.78 76.86 83.13 77.66 69.28 68.58 65.51 68.67 60.43 57.80 58.74 57.58 63.58 59.16 44.26 41.23 40.64 42.36 38.83 39.38 36.96 40.46 47.30 46.27 45.95 48.88 52.61 52.95 45.09 40.08 35.93 34.01 31.14 33.90 34.31 34.77 35.64 34.89 22.45 24.75 22.65 23.92 
-16.0 -9.98 -58.1 -53.3 -109. -91.9 -88.7 -77.5 -87.1 -85.8 -85.2 -114. -96.2 -88.3 -81.7 -76.7 -72.6 -64.5 -59.6 -55.8 -52.4 -43.5 -41.2 -35.8 -39.5 -41.3 -40.0 -38.6 -39.3 -43.2 -42.5 -41.2 -44.9 -48.0 -49.4 -48.8 -47.4 -46.1 -44.8 -40.6 -38.9 -35.2 -33.2 -35.5 -34.2 -33.2 -31.4 -31.3 -30.6 -27.5 -26.5 -27.9 -30.5 -32.8 -32.2 -30.7 -26.0 -25.3 -25.7 -25.5 
78.03 58.16 48.65 20.23 52.48 38.64 33.36 23.51 34.28 36.33 32.86 50.43 51.81 44.88 22.16 12.52 12.60 19.69 24.95 20.51 12.89 14.78 13.88 20.03 16.96 16.63 18.11 13.53 12.85 17.79 20.63 19.40 18.91 17.81 19.43 17.60 16.68 18.20 18.37 18.47 18.14 14.99 14.22 14.51 14.63 14.69 13.95 16.23 15.78 16.13 15.07 16.11 15.72 14.79 15.56 15.70 16.74 19.00 18.67 15.33 
-102. -6.17 46.73 39.95 32.42 26.64 -2.95 -27.0 -15.1 -23.2 -28.2 -25.8 -31.6 -29.2 -22.2 -20.8 -5.90 -6.12 -19.0 -16.5 -14.3 -15.9 -15.6 -13.6 -16.5 -15.8 -18.2 -18.6 -20.2 -19.6 -20.8 -17.5 -15.4 -14.6 -23.8 -25.4 -23.6 -20.3 -17.8 -17.6 -17.6 -18.0 -17.3 -18.5 -17.7 -18.1 -20.1 -20.7 -21.8 -22.8 -21.9 -21.1 -21.5 -18.9 -15.3 -15.0 -19.6 -17.7 -17.1 -12.7 
6.504 20.38 22.42 10.83 11.69 -13.0 -9.89 -44.4 -51.3 -75.6 -59.3 -55.7 -51.8 -47.8 -45.4 -53.0 -52.9 -56.0 -52.9 -48.0 -45.7 -52.3 -51.0 -49.3 -54.1 -52.6 -41.5 -40.6 -38.4 -28.8 -26.4 -25.2 -24.6 -24.7 -24.3 -24.6 -24.0 -27.1 -30.5 -27.6 -32.0 -26.8 -27.4 -29.0 -28.3 -27.9 -30.7 -31.6 -28.4 -27.6 -24.9 -21.5 -25.7 -27.2 -27.1 -30.9 -29.7 -26.1 -29.6 -29.7 
-9.75 -13.1 6.936 -103. -88.1 -79.5 -78.1 -48.8 -43.5 -37.4 -38.7 -35.3 -32.3 -35.1 -28.1 -23.3 -28.7 -27.0 -21.6 -12.3 -3.07 -5.20 -5.03 -5.27 -12.4 -15.5 -23.4 -21.9 -15.6 -14.1 -13.0 -18.2 -17.8 -15.1 -14.6 -23.5 -25.4 -24.0 -23.7 -26.9 -25.3 -26.7 -25.0 -24.7 -22.2 -21.5 -21.1 -21.9 -21.6 -21.3 -16.9 -19.8 -21.5 -6.02 -3.87 -3.91 -3.56 1.945 2.953 0.774 
38.44 3.013 4.177 131.8 98.47 82.78 70.44 55.50 56.63 45.32 39.57 38.82 33.23 32.26 30.01 28.38 29.02 27.73 22.36 20.27 19.13 18.56 17.46 15.66 18.83 21.07 22.79 18.74 17.40 17.57 19.29 18.36 20.86 20.49 19.31 17.91 20.43 20.36 19.48 16.96 17.63 17.49 16.44 13.42 9.927 7.728 5.131 4.943 5.020 -2.26 -2.12 -1.10 -0.44 2.020 1.667 0.790 -0.05 0.099 1.070 1.368 
19.23 36.31 49.06 57.16 83.00 110.9 95.12 112.4 97.48 85.88 76.42 68.04 62.82 60.55 57.71 55.35 51.80 48.95 74.02 68.80 67.05 63.95 61.44 57.23 54.45 53.91 53.51 44.22 43.46 43.17 42.87 42.22 35.46 38.32 33.00 32.14 34.02 37.15 35.52 34.71 33.87 31.82 30.85 23.08 21.10 23.05 29.43 29.97 26.94 26.40 25.42 24.96 24.71 24.34 24.37 23.87 22.23 18.13 17.51 18.42 
29.97 -116. -77.8 -58.6 -37.5 -31.4 -10.5 -9.19 -8.01 -7.34 -6.42 -18.0 -29.0 -26.1 -21.5 -21.8 -20.8 -22.2 -40.6 -38.5 -34.2 -39.0 -39.9 -53.3 -51.5 -44.0 -41.6 -40.9 -36.8 -32.9 -33.4 -34.7 -31.2 -29.4 -28.5 -27.5 -27.7 -26.8 -25.8 -28.1 -28.9 -28.2 -27.7 -28.3 -27.4 -24.2 -23.9 -23.5 -26.5 -23.9 -21.6 -21.1 -19.1 -20.1 -19.3 -14.5 -13.9 -13.8 -12.9 -14.6 
103.9 76.74 47.99 -3.07 29.64 22.83 31.37 16.35 17.91 40.57 13.49 12.94 14.97 13.49 12.11 15.05 12.04 11.78 10.52 10.60 9.512 4.138 6.226 3.126 4.528 5.467 9.556 9.738 9.268 8.588 11.40 10.54 10.21 9.915 10.19 9.303 9.008 6.371 -1.49 -1.54 5.564 3.952 2.001 3.225 5.747 6.366 5.456 5.075 5.048 3.981 3.117 4.523 3.112 2.621 2.613 2.183 2.353 9.774 10.35 12.08 
17.44 -13.6 -47.4 -35.3 -47.2 -54.6 -40.8 -34.8 -25.5 -32.7 -63.0 -56.9 -48.9 -44.0 -28.3 -24.4 -23.2 -22.3 -18.9 -21.6 -24.9 -21.6 -23.3 -30.0 -27.0 -25.8 -20.1 -14.5 -15.5 -14.7 -19.0 -18.6 -14.5 -13.3 -13.8 -6.71 -4.42 -1.23 -3.84 -4.19 -3.77 -6.60 -6.13 -7.76 -6.94 -8.27 -7.50 -7.87 -6.43 -6.37 -10.4 -12.9 -13.7 -10.1 -12.2 -11.9 -11.8 -11.7 -11.4 -11.3 
-37.4 -89.9 -102. -75.8 -67.7 -44.5 -35.3 6.040 6.723 -5.21 7.515 -13.0 -12.1 -16.2 -1.50 6.610 31.29 38.93 31.64 30.39 41.56 30.16 30.21 25.05 23.39 22.42 13.23 13.51 11.05 20.02 13.46 12.71 10.07 7.091 9.193 14.40 10.81 10.04 8.065 8.540 9.504 9.260 5.811 4.533 3.226 -2.67 -2.64 -1.79 -0.51 0.127 1.219 3.974 2.639 2.772 5.122 5.030 7.495 10.14 7.588 10.99 
-168. -118. -78.0 -35.6 -30.1 -24.6 -21.1 -24.4 -10.7 7.187 18.23 22.85 21.05 12.41 19.25 23.88 22.83 22.89 38.70 39.43 48.84 48.71 42.91 42.66 41.94 43.50 40.29 36.97 36.94 39.13 37.17 35.99 37.11 34.57 33.03 29.40 29.40 30.30 33.88 34.55 34.76 34.88 32.64 37.30 40.20 38.99 35.89 35.16 32.87 30.69 30.54 33.80 34.84 35.75 34.88 35.86 35.29 34.68 33.97 34.06 
-202. -110. -102. -76.4 -94.2 -84.7 -67.6 -51.8 -48.4 -40.6 -43.5 -44.0 -33.5 -30.9 -30.3 -28.0 -19.5 -15.4 0.765 0.700 1.813 2.096 2.348 2.713 0.361 0.654 -5.63 -8.09 -5.46 -9.05 -8.10 -10.4 -10.0 -10.4 -13.1 -13.3 -12.3 -7.77 -7.87 -7.65 -5.21 -5.46 -3.00 -2.77 -4.49 -4.25 -5.24 -5.39 -3.76 -2.97 -3.91 -3.99 -3.43 -4.73 -1.44 0.329 1.937 0.424 0.209 0.078 
-42.0 109.5 47.45 31.75 26.12 28.91 24.52 19.75 15.18 13.56 13.75 12.66 20.57 20.50 16.26 14.52 14.46 6.132 2.545 -2.89 -3.76 -3.57 2.449 1.844 3.003 -1.23 -1.55 0.158 0.941 2.920 0.151 -0.70 -0.32 -0.04 5.081 10.08 9.306 11.85 10.93 10.66 7.592 16.89 14.73 18.03 10.90 11.02 10.14 10.22 7.377 7.660 7.802 7.560 5.036 5.739 5.665 5.195 3.565 1.320 1.453 1.438 
8.947 20.12 -10.0 -6.83 12.80 13.05 38.12 51.99 37.23 33.80 33.79 34.18 14.14 22.90 52.83 50.20 48.95 46.14 35.01 37.29 34.84 33.45 22.41 20.06 18.31 9.334 11.09 1.988 0.737 1.509 4.431 4.199 2.783 3.028 10.62 4.699 5.156 5.186 3.898 10.67 10.52 10.19 10.45 10.42 7.916 8.203 8.849 8.578 4.834 5.290 5.484 4.835 4.722 2.703 1.814 1.475 6.184 2.273 3.695 3.227 
289.8 152.5 103.7 103.0 23.79 25.16 29.66 -10.4 -8.27 -6.70 -1.06 -0.83 2.997 1.024 0.842 -4.06 -1.03 1.150 1.077 12.35 10.93 10.44 9.219 9.815 6.977 6.719 6.922 16.69 16.06 15.15 14.67 13.04 15.31 18.00 18.34 17.81 14.73 8.787 8.195 8.219 10.67 4.916 4.918 2.302 2.532 2.690 3.392 1.580 1.658 1.351 2.143 0.032 -1.29 -2.96 -2.95 -4.26 -4.76 -4.75 -4.56 -4.78 
-100. -5.37 -23.3 -8.68 -10.0 3.683 -6.68 12.83 0.202 0.456 0.573 0.676 20.10 28.02 19.38 14.97 14.64 13.35 12.88 11.62 11.19 7.122 11.27 1.962 2.531 4.858 5.200 4.439 4.151 6.019 6.495 0.586 0.581 3.599 2.590 2.020 2.029 0.525 -1.83 -4.53 -3.91 -3.90 -3.30 -4.80 0.508 1.922 0.928 -0.05 -1.45 -0.61 -1.10 1.593 14.00 15.37 15.24 13.26 12.52 12.46 12.82 13.26 
-59.4 -55.8 -44.7 -34.5 -41.9 -40.2 -36.8 -36.0 -41.5 -43.5 -40.9 -42.2 -37.5 -33.2 -30.7 -29.0 -33.1 -27.1 -23.5 -26.0 -20.5 -17.4 -17.3 -19.3 -17.9 -19.3 -19.1 -18.7 -18.0 -16.6 -12.8 -17.2 -26.4 -25.3 -25.9 -22.9 -23.0 -24.9 -29.6 -31.1 -30.2 -29.3 -28.3 -27.7 -27.5 -26.9 -26.1 -25.1 -26.5 -26.8 -26.2 -26.9 -26.2 -23.9 -22.3 -23.5 -23.6 -25.9 -25.4 -25.1 
20.16 5.295 48.56 40.17 33.04 -25.5 -24.2 -8.46 -5.77 -18.6 -16.1 -13.1 -11.8 -9.35 -6.42 -5.54 -5.21 -12.4 -11.6 -10.2 -10.4 -10.0 -3.77 5.118 4.915 5.192 5.552 22.28 21.80 24.97 23.75 23.18 23.12 21.68 15.93 9.990 12.00 10.01 6.468 5.573 4.841 4.566 4.832 5.067 0.365 -0.87 -1.41 -0.00 5.151 3.683 3.285 2.149 -0.26 0.113 -0.35 -2.06 -2.68 -2.67 -1.58 -1.23 
-46.9 2.058 2.371 8.471 7.492 9.375 4.420 4.309 13.33 12.38 13.66 19.22 16.44 9.655 2.357 1.154 8.526 10.21 14.52 11.56 18.27 16.35 15.56 12.27 8.944 8.239 6.533 7.336 6.976 1.690 10.62 7.760 7.955 7.711 6.731 0.722 1.105 0.323 -3.33 -3.76 -2.90 -1.69 -1.60 0.629 -2.00 2.385 -1.61 -1.78 -1.15 -2.93 -2.48 -1.79 -2.12 -4.50 -7.33 -9.64 -8.37 -13.2 -13.0 -13.0 
-11.3 0.428 22.98 16.84 14.09 15.72 14.65 -8.32 1.622 2.978 -7.66 -4.02 -12.3 -8.30 -6.56 -5.76 -14.7 -13.1 -17.7 -17.0 -22.0 -14.4 -2.55 -6.79 -8.04 -7.36 -7.07 -6.87 -7.40 -5.95 -7.87 -9.46 -7.93 -16.5 -18.4 -18.0 -18.0 -21.5 -21.9 -28.0 -24.5 -20.3 -20.9 -23.0 -16.5 -16.8 -16.8 -17.6 -17.4 -13.3 -12.9 -14.6 -10.0 -9.96 -9.26 -7.79 -9.63 -15.0 -14.2 -13.6 
-33.4 -15.7 -28.1 -21.0 -17.7 -18.7 -10.8 -10.0 -9.69 -5.47 -8.44 -6.33 -18.8 -17.8 -15.8 -14.3 -9.27 -14.1 -7.72 -3.41 -5.02 3.728 -1.59 -3.51 0.572 0.414 -0.34 -2.62 -0.38 -0.95 -0.91 -1.28 0.549 0.600 4.110 5.458 5.724 5.555 6.509 1.110 1.494 -0.24 -0.27 -0.02 6.568 6.265 6.106 5.644 5.032 4.799 4.065 6.541 5.839 8.482 9.925 5.271 5.132 4.697 4.918 7.057 
-2.18 -16.4 -15.0 -36.5 -27.2 -9.02 -7.75 0.499 0.068 3.533 2.351 -3.66 -3.69 -3.67 5.236 4.706 3.440 2.039 16.31 16.16 18.56 13.21 15.16 12.39 9.768 16.86 15.45 11.21 -0.67 -1.20 -1.43 -0.92 -1.28 -0.38 -0.31 0.578 -0.06 -1.82 -4.64 -6.84 -6.52 -7.58 -8.47 -8.82 -8.10 -7.93 -9.38 -6.97 -3.55 -1.65 -2.47 -2.48 -0.35 -0.41 0.781 0.497 1.254 0.709 -0.06 -0.17 
-70.9 -35.8 -22.5 -19.5 -18.2 -10.7 -43.5 -39.6 -40.6 -8.61 -5.13 -9.99 -8.68 -10.0 -15.9 -16.4 -13.4 -17.2 -16.4 -19.9 -20.4 -19.8 -17.8 -15.9 -17.7 -15.6 -18.7 -15.7 -19.6 -19.2 -19.2 -18.6 -15.3 -13.1 -16.4 -15.3 -13.7 -10.2 -10.1 -9.32 -8.44 -2.32 -2.20 -2.73 -4.23 -8.07 -7.90 -4.77 -4.74 -7.76 -7.56 -5.34 1.208 0.196 0.220 0.276 -1.09 1.227 5.576 5.850 
-25.8 -28.7 -26.2 20.67 10.88 15.33 12.00 8.303 6.676 5.527 35.98 33.74 31.14 28.93 32.71 33.64 31.48 25.10 16.47 15.73 14.18 8.925 6.683 6.448 4.610 1.571 -0.74 -1.11 -0.10 -0.57 -0.47 -0.06 0.794 1.860 -1.26 -1.44 -0.36 -4.69 -5.01 -4.79 -2.83 -4.35 -3.86 -3.75 -3.63 -4.30 -6.05 -0.70 -0.49 -0.49 0.521 3.335 3.276 2.363 1.949 1.830 2.668 3.296 2.853 1.733 
-13.3 28.69 15.54 -28.3 -22.6 -26.2 -24.0 -20.3 -12.3 -10.9 -6.36 -8.72 -6.74 -4.62 -2.54 -6.04 -4.42 -9.49 -3.67 -1.04 -1.96 -2.59 -0.61 0.212 0.552 0.587 -0.12 -3.87 -0.73 -0.62 -1.27 -1.46 -1.08 -1.80 -0.15 0.592 -3.89 2.424 0.336 -1.91 -0.93 0.747 0.885 0.897 -1.62 -0.89 -0.82 -2.74 -2.78 -4.58 -3.33 -2.26 -6.28 -4.62 -4.80 -4.64 -6.92 -7.46 -8.07 -8.06 
-45.0 5.812 5.213 -1.52 -1.09 0.420 4.741 2.897 -2.32 -2.39 -9.88 7.573 7.605 10.62 9.394 7.439 7.670 7.914 10.15 2.622 3.034 2.793 1.910 0.538 0.449 2.647 1.835 2.268 -2.10 4.899 4.911 5.461 9.308 7.725 15.57 15.65 21.09 21.79 22.95 22.06 22.35 22.14 21.13 20.69 14.34 14.12 13.65 14.36 13.63 12.87 13.10 13.50 15.11 14.88 14.84 14.82 15.51 13.38 7.623 6.731 
1.310 12.58 -19.4 -17.6 -19.7 -9.33 -15.2 -13.4 -7.41 6.272 5.556 5.034 12.50 11.49 17.08 14.79 10.95 11.07 10.68 11.95 5.075 0.799 -1.13 -2.49 -2.49 -6.21 -2.85 -3.42 -5.25 -8.51 -10.1 -11.7 -11.6 -9.10 -8.39 -5.54 -1.71 -3.53 2.388 2.355 1.559 2.972 1.148 1.146 1.220 2.309 4.021 2.601 4.092 5.593 2.185 2.582 2.564 2.588 2.451 3.885 4.421 4.199 4.190 2.108 
-10.0 -41.4 -22.9 -23.0 -9.43 -11.4 -11.8 22.17 10.82 4.163 3.502 7.029 4.888 5.018 7.966 18.26 16.78 16.46 25.04 21.46 24.14 26.95 23.84 18.11 17.63 21.56 24.54 24.91 22.69 23.36 21.43 21.67 20.33 16.58 16.35 16.15 13.70 14.58 12.90 9.822 9.404 11.30 10.45 15.35 13.85 13.19 13.74 14.35 18.83 18.09 16.77 16.07 16.59 15.60 18.05 16.79 16.65 16.34 15.69 15.05 
97.29 31.54 39.11 23.65 7.772 30.26 20.52 19.69 42.86 48.40 74.81 65.84 59.47 55.22 53.41 53.21 58.20 49.60 46.88 45.94 39.41 35.33 35.75 35.66 35.60 32.52 27.09 25.49 23.25 25.02 25.69 25.32 36.96 33.43 27.44 21.20 21.06 20.72 20.13 21.12 20.33 20.69 19.10 17.61 16.48 14.55 12.91 13.02 12.98 13.98 15.67 9.369 9.859 9.572 9.323 10.90 12.34 11.94 11.54 10.79 
45.44 -29.9 0.019 13.19 33.75 23.18 9.221 9.473 5.840 6.753 7.156 3.304 3.612 3.366 1.928 2.071 1.890 1.280 7.431 8.647 7.805 5.697 6.641 5.599 6.664 6.745 1.788 4.084 2.183 2.114 3.637 -2.67 -1.79 -1.72 -4.91 -5.56 -7.11 -4.93 -4.77 -4.71 -3.87 -5.58 -5.47 -4.72 -5.72 -5.39 -5.31 -3.05 -2.27 -2.17 -4.51 -4.35 -1.88 -2.39 -5.12 -5.31 -1.60 -1.93 -1.70 -1.83 
-27.9 -64.6 -76.3 -60.7 -51.4 -41.9 -15.4 -17.4 -15.6 -8.98 -19.6 -14.7 -9.30 -11.7 -11.8 9.209 8.397 8.322 5.564 5.280 5.058 5.024 -4.19 -12.1 -14.5 -13.7 -13.4 -12.1 -7.37 -5.82 -3.79 -0.46 -0.50 -3.94 -4.30 -6.52 -2.64 -2.74 -3.52 -3.60 -10.9 -9.57 -8.85 -7.44 -7.26 -7.33 -6.86 -6.65 -6.29 -5.66 -4.67 -4.47 -4.02 -5.21 -5.18 -7.06 -7.21 -6.79 -8.22 -8.51 
-125. -69.3 -60.4 -44.7 -22.4 -29.4 -54.2 -45.0 -40.3 -35.4 -42.7 7.001 4.534 0.052 -0.99 13.08 12.43 7.291 6.962 8.558 6.046 2.832 7.187 6.005 9.269 8.088 7.658 6.717 5.977 5.818 6.163 6.619 5.946 6.111 6.053 9.897 4.540 2.242 3.263 2.955 5.980 6.240 6.235 5.952 10.89 9.213 7.489 8.388 6.448 5.541 5.177 5.012 5.243 5.098 4.730 4.608 4.746 4.082 4.145 4.472 
80.39 174.5 98.13 107.3 88.83 81.00 68.94 52.75 40.51 36.58 80.90 67.93 65.30 60.85 63.07 58.97 57.48 54.43 53.00 46.00 40.68 37.22 34.81 34.67 33.59 31.98 40.95 40.71 40.50 39.19 46.03 44.12 41.52 40.00 39.28 37.42 37.24 38.76 36.76 35.33 34.90 29.86 31.71 30.67 33.47 35.54 34.15 30.52 28.14 26.50 27.60 26.27 25.51 26.91 25.96 26.54 27.49 27.02 26.51 25.34 
-2.41 -21.8 -34.1 -29.6 -22.6 -17.6 -16.8 -14.3 -12.7 -0.87 -0.88 0.620 0.494 -5.42 -3.76 -5.60 -5.57 -4.33 -2.14 -8.25 -7.41 -8.05 -6.36 -6.71 -5.55 -1.73 -0.84 6.529 13.81 12.84 8.132 10.35 10.15 9.695 9.449 8.719 8.631 11.59 10.77 10.83 12.76 12.40 10.72 10.31 8.372 7.655 8.127 7.209 8.048 6.311 5.040 5.296 6.240 6.747 6.708 6.482 6.232 4.408 4.150 1.109 
22.88 30.42 22.50 29.47 31.88 70.70 59.40 75.81 65.38 59.12 58.69 58.31 55.87 53.61 53.93 50.57 46.97 40.44 36.58 36.11 35.71 34.07 34.51 31.77 27.63 27.02 26.95 23.26 26.93 21.91 20.74 18.33 16.63 15.31 16.03 16.32 16.96 19.50 19.09 18.24 19.70 18.76 18.52 17.59 17.05 16.61 16.82 16.83 16.26 18.92 19.12 18.00 19.01 17.65 17.44 19.31 18.97 18.76 15.07 17.32 
-70.7 -93.0 -46.9 -35.4 -42.7 -28.3 -23.8 -15.6 -7.98 -10.7 -16.7 3.496 4.341 4.183 12.44 16.59 15.50 15.31 14.60 13.61 16.75 19.49 16.02 15.28 14.48 11.32 12.99 14.92 17.43 16.97 16.74 16.46 18.27 17.82 17.55 17.10 16.65 16.23 16.14 15.18 15.19 9.061 12.09 12.31 11.73 13.16 9.848 9.923 9.417 11.75 11.61 10.70 10.54 7.951 6.666 4.950 4.665 7.016 6.535 6.991 
19.82 14.67 27.99 22.16 6.948 -3.74 -9.06 -6.40 -8.10 -0.03 -0.19 -0.65 -0.30 3.842 8.236 6.602 13.26 17.74 16.71 15.97 11.42 10.94 20.98 19.56 22.40 22.19 24.26 23.20 23.28 22.39 21.55 16.28 15.76 15.60 13.56 14.69 14.68 13.02 12.79 11.35 10.16 8.491 7.661 7.937 7.113 2.786 2.513 1.268 2.463 2.261 4.520 4.348 4.437 3.336 3.322 4.216 5.955 5.408 6.467 6.106 
-36.2 14.08 -4.09 -2.63 -2.06 6.287 6.368 9.142 24.43 25.96 33.66 30.73 23.69 24.17 22.46 31.89 29.82 28.67 27.68 30.22 28.76 25.84 19.93 28.13 28.76 27.74 28.51 26.85 25.87 25.61 25.22 25.95 25.49 23.03 17.81 16.35 14.88 13.13 8.856 7.045 6.959 2.837 2.719 2.381 3.218 2.662 2.876 3.162 3.640 5.952 3.151 3.298 3.370 2.486 4.313 3.968 3.743 4.138 4.415 4.245 
-113. -17.3 -11.2 -23.6 -14.6 -17.3 -18.2 -10.4 -8.51 9.350 9.549 -0.92 -14.1 -10.1 -4.99 -2.56 -0.80 -5.01 -6.99 -7.75 -5.27 -4.79 -5.27 -4.06 -15.3 -15.9 -15.6 -10.0 -12.5 -12.5 -10.6 -8.92 -12.5 -12.2 -11.9 -11.5 -11.3 -11.0 -9.07 -8.56 -8.02 -13.8 -11.2 -11.5 -11.5 -10.0 -8.62 -8.76 -8.41 -8.41 -7.86 -7.06 -7.05 -7.47 -6.20 -6.75 -5.83 -7.44 -8.42 -8.48 
-0.66 -2.42 20.24 -4.51 -4.76 -1.75 -11.9 -9.39 -9.46 -16.7 -9.41 -8.02 -8.90 -10.2 -1.20 0.717 2.113 -3.58 -9.68 -10.5 -19.4 -19.4 -17.0 -11.6 -11.0 -9.12 -9.49 -13.5 -13.2 -8.15 -1.24 -1.30 -1.36 -3.36 -7.97 -4.54 -6.25 -8.16 -6.72 -4.24 -4.41 -5.01 -4.82 -4.73 -4.58 -3.88 -3.88 -0.29 -2.55 -3.01 -5.28 -4.35 -5.24 -3.29 -3.42 -3.34 -4.57 -5.34 -5.92 -5.78 
9.590 -11.0 19.98 12.54 8.968 23.65 22.05 22.24 21.51 18.51 13.11 7.256 -14.2 -13.3 -12.6 -13.0 10.07 9.398 9.500 5.157 4.846 0.943 4.111 -0.36 3.231 7.636 7.383 8.524 8.211 7.644 13.88 7.964 7.405 9.666 9.476 13.01 14.61 15.60 15.93 14.63 14.19 13.71 13.49 14.93 14.76 14.49 12.99 11.48 10.39 11.01 10.93 10.64 10.17 14.37 13.86 13.50 13.18 12.62 12.39 12.48 
-6.09 39.92 29.78 -5.65 -58.9 -22.6 -47.2 -41.5 -54.5 -42.1 -37.1 -33.3 -25.8 -22.6 -21.3 -20.4 -18.1 -18.3 1.516 0.445 -0.55 -0.30 -0.66 -0.56 -5.60 -5.63 -6.88 -8.56 -7.57 -7.29 -12.2 -3.56 -3.47 -7.58 -8.78 -8.55 -8.25 -8.43 -5.27 -1.01 -1.08 -0.79 -1.27 3.031 1.996 -0.10 -0.45 -0.04 -0.37 -0.59 -0.58 -0.58 -2.11 -1.47 -2.10 -1.78 -4.83 -5.41 -4.36 -4.91 
17.10 -11.1 -7.28 -21.7 -22.2 -20.3 -12.1 -8.19 -5.31 -5.28 -5.15 -2.37 5.294 2.380 -2.36 16.09 15.18 12.63 10.41 13.21 11.87 7.620 6.220 6.383 8.618 7.709 1.389 11.16 10.24 9.913 10.02 8.823 8.532 2.001 0.164 -0.03 -0.05 -1.74 -1.61 0.361 2.076 0.857 0.569 0.648 0.844 4.366 4.230 7.018 7.388 10.00 9.725 10.69 7.772 7.558 7.587 7.552 8.293 7.097 6.404 6.537 
25.41 6.362 16.80 23.67 16.95 9.464 -0.86 1.108 1.943 0.579 1.394 4.558 3.980 13.50 12.28 14.62 10.28 12.12 12.35 10.90 7.503 0.871 -4.20 0.762 0.732 4.952 3.493 5.711 5.423 8.658 10.80 10.47 5.092 4.986 4.563 5.014 2.859 10.55 10.87 9.770 9.132 8.876 10.14 10.72 11.57 10.29 11.13 10.63 10.92 10.84 9.999 9.540 9.261 11.02 10.78 9.643 9.475 9.308 9.223 9.048 
1.771 1.737 14.28 10.41 7.818 6.670 10.90 11.09 16.34 32.80 34.73 34.34 32.83 30.51 29.22 26.61 30.48 22.53 26.63 25.87 21.39 20.35 20.55 19.03 18.25 17.49 16.22 23.92 23.01 20.29 15.30 15.94 15.43 14.82 14.46 13.82 13.66 13.50 6.176 5.291 1.760 1.301 3.357 2.312 2.409 -1.24 0.069 0.176 0.149 1.965 1.550 1.288 2.391 2.605 -0.87 1.887 1.529 0.853 0.795 3.186 
-23.8 4.293 -29.8 -27.9 -48.7 -39.4 -34.3 -31.7 -24.0 -21.5 -22.7 -16.0 -17.3 -15.7 -15.7 -14.7 -13.9 -11.0 -10.8 -4.45 -8.58 -2.03 -0.17 -0.21 7.098 4.067 4.013 12.56 12.16 11.42 10.69 10.68 9.614 9.547 13.20 12.20 15.99 15.23 15.49 15.10 14.17 10.28 9.300 10.75 10.40 15.64 16.78 11.95 11.21 12.28 18.94 19.98 19.31 18.66 20.05 19.66 19.57 23.07 21.36 22.23 
-76.0 -40.6 -30.6 -29.8 -20.1 -18.3 -6.61 -3.64 -4.75 0.716 1.427 6.272 2.884 5.402 6.453 7.098 6.849 -5.56 -7.49 -5.54 0.750 0.907 -0.35 0.313 0.198 -3.39 -2.18 -2.26 -0.98 -1.86 -0.26 -0.64 1.525 0.861 1.779 1.436 3.323 2.952 2.803 0.359 2.034 1.862 1.916 -0.07 -0.08 -2.17 -1.11 -1.61 -3.75 -3.44 -5.22 -4.77 -5.19 -5.50 -5.21 -6.27 -6.59 -5.72 -6.50 -6.82 
-75.1 -36.9 -23.2 138.0 116.3 95.34 114.3 105.3 94.08 86.81 88.35 75.78 70.24 62.51 60.86 54.91 40.43 37.17 22.43 23.21 22.24 20.87 20.00 18.52 17.57 15.16 13.83 13.55 12.02 11.15 11.12 9.402 12.27 11.47 8.672 4.291 3.678 2.269 3.962 0.425 2.208 1.675 1.633 1.813 2.039 0.717 0.879 0.917 1.027 -1.12 -0.45 -0.26 -0.25 -0.62 1.384 0.794 -0.51 0.651 0.215 0.219 
-154. -104. -68.1 -68.2 -54.7 -37.8 -54.5 -48.9 -25.0 -5.84 -8.44 -7.22 6.891 0.815 0.811 0.759 0.149 0.828 3.350 6.029 15.38 12.63 4.476 3.797 4.031 5.744 5.018 1.776 1.199 -0.47 -0.47 -0.66 -0.65 -0.61 -0.80 0.179 0.253 0.410 -2.87 -3.76 -2.56 -1.95 -1.60 -0.41 0.629 0.284 0.159 -1.31 -0.04 -0.19 1.914 1.143 -0.71 1.778 1.727 1.656 0.158 -0.44 -2.37 -1.96 
13.56 14.67 -35.3 43.10 24.83 32.29 17.46 14.91 15.32 6.468 -4.53 -14.1 -15.4 -18.0 -13.8 -13.4 -12.7 -11.3 -8.52 -8.54 -7.62 -6.83 -3.68 -3.65 -3.43 -6.20 -13.9 -11.0 -13.6 -12.3 -17.6 -19.1 -19.2 -19.5 -19.1 -27.1 -25.4 -26.3 -25.6 -31.0 -30.6 -30.1 -35.9 -34.9 -35.2 -35.0 -29.7 -27.8 -27.5 -27.5 -26.2 -25.4 -24.9 -24.1 -26.3 -25.8 -24.5 -24.1 -20.8 -23.9 
-9.76 -22.7 -14.5 -10.2 5.577 7.753 8.232 9.976 21.64 21.91 23.44 23.00 29.82 27.86 23.49 20.62 14.05 13.37 12.68 12.09 10.90 17.84 15.03 14.82 14.34 13.58 13.48 12.74 11.61 9.783 9.335 6.605 6.431 6.104 5.630 5.262 11.06 10.81 12.56 12.39 12.21 12.95 13.19 13.48 13.45 12.98 11.07 10.82 9.262 9.913 9.807 8.764 8.547 10.39 14.00 12.68 12.08 11.67 11.54 10.32 
-53.2 -42.1 -47.7 -31.5 -27.3 -20.2 -5.82 -9.55 -7.07 -16.9 -16.7 -16.8 -17.6 -12.2 -10.7 -10.6 -21.1 -15.5 -14.7 -9.43 -13.2 -10.8 -1.28 2.730 7.731 3.936 5.169 6.347 -2.96 -3.22 -2.58 -0.66 4.073 3.733 3.523 3.687 6.439 7.191 5.725 5.687 3.219 2.661 4.246 4.151 4.128 5.006 4.704 4.329 4.673 5.299 6.243 6.652 6.360 7.248 7.068 7.032 6.728 6.815 6.011 5.947 
209.7 142.1 99.93 69.87 60.65 38.03 40.69 41.17 36.22 34.13 30.94 36.68 32.52 28.33 25.72 27.35 24.00 15.33 26.73 21.24 16.38 13.69 8.846 7.881 7.461 5.707 3.722 5.500 1.622 0.833 0.814 -1.66 -1.65 -1.58 -0.58 -0.44 -0.77 -0.46 -1.51 -1.50 -6.27 -6.96 -7.06 -7.65 -6.90 -0.71 -0.49 -0.19 2.388 4.015 7.434 13.77 12.96 12.89 11.22 12.69 12.00 11.80 9.993 11.15 
-78.1 -97.4 -65.1 -53.5 -31.1 -30.6 -28.3 -25.3 -41.0 -37.9 -32.1 -29.4 -24.4 -12.9 -12.8 -9.24 -8.67 -11.8 -9.54 -9.21 -9.13 -7.92 -7.41 -7.48 -8.57 -8.31 -9.31 -9.69 -8.96 -6.76 -5.34 -4.92 -4.08 -3.09 -2.83 -0.57 0.588 0.945 1.923 0.768 0.904 1.046 3.847 4.550 5.442 6.826 7.239 7.518 5.486 3.808 4.851 6.982 6.709 6.747 6.635 5.756 6.403 6.358 6.324 6.586 
-43.0 -88.1 -69.4 2.132 12.71 9.850 7.892 6.793 4.866 4.901 4.230 9.989 11.32 14.53 14.12 13.24 11.99 12.62 8.443 9.550 9.819 12.19 15.14 13.87 13.34 12.31 10.20 21.83 17.45 16.44 14.93 15.27 15.24 16.23 18.31 18.23 19.33 19.68 17.59 19.74 19.36 18.59 18.03 16.56 19.90 19.43 16.93 20.12 19.59 19.56 19.04 18.66 17.42 16.46 16.54 16.09 15.79 16.05 15.80 15.61 
31.07 47.94 16.25 2.147 2.590 -0.83 18.65 15.76 14.63 14.89 14.09 12.95 10.07 3.804 -3.50 -13.6 -13.6 -13.5 -15.3 -14.2 -13.8 -13.5 -9.36 -9.92 -9.53 -8.34 -8.01 -5.54 -3.77 -3.64 -1.95 -1.84 1.236 -1.03 0.063 0.514 1.633 -0.31 -1.94 -0.10 -0.01 -0.00 -0.69 0.478 -1.37 -1.37 -2.08 -1.92 -3.23 -3.58 -3.69 -4.60 -4.61 -3.17 -0.87 -1.77 -1.15 -0.74 -0.90 -0.95 
14.70 -85.5 -46.0 -25.7 -10.5 -40.0 -40.2 -31.2 -28.4 -30.6 -30.9 -27.9 -26.3 -24.4 -22.7 -21.2 -17.7 -15.6 -14.9 -9.53 -9.13 -10.5 -7.53 -8.34 -9.33 -5.46 -2.53 -2.81 -2.66 -2.73 -2.53 -3.74 5.106 4.508 5.774 6.186 8.624 6.168 6.846 7.472 7.921 11.17 10.84 11.61 10.58 9.625 6.719 5.886 6.265 6.140 7.203 7.765 6.964 6.996 6.734 10.65 11.66 11.51 7.844 8.097 
-32.2 -24.9 -11.4 -7.19 -0.86 -7.08 -2.64 -0.71 2.473 8.583 4.175 3.933 5.382 0.612 -0.56 0.222 0.183 -0.78 0.752 0.889 1.662 2.231 1.570 2.446 -2.49 -3.71 -6.54 -5.93 -7.69 -6.09 -11.4 -14.6 -12.0 -10.1 -10.2 -12.9 -12.5 -12.7 -12.7 -12.4 -12.5 -11.5 -11.5 -10.2 -9.84 -9.98 -8.81 -8.03 -6.15 -6.24 -5.35 -6.45 -7.09 -5.54 -5.77 -5.60 -5.50 -4.44 -3.72 -3.71 
-20.1 115.9 68.23 55.42 27.73 24.38 20.08 22.95 20.38 18.46 6.995 8.547 4.504 3.938 -2.47 -1.47 -0.69 -0.12 0.022 -0.15 -0.40 -2.49 -2.87 0.371 -2.15 -0.39 -0.85 -8.11 -10.9 -8.40 -9.22 -9.44 -9.18 -13.6 -15.1 -15.5 -16.1 -15.6 -15.0 -14.7 -13.3 -11.9 -11.7 -10.0 -7.00 -6.56 -5.98 -6.46 -6.55 -6.65 -6.69 -4.78 -4.76 -4.24 -4.02 -3.95 -3.80 -3.90 -4.02 -2.93 
202.8 101.9 27.29 22.93 22.63 10.72 12.18 26.24 23.05 15.34 15.57 14.92 14.53 15.59 19.00 16.03 15.13 13.32 5.266 6.361 0.728 0.686 0.696 2.549 -1.09 -1.03 1.589 0.188 5.210 4.783 1.309 1.521 0.324 1.213 5.436 3.055 4.466 5.874 4.569 3.533 2.580 6.597 6.823 5.707 5.418 5.774 6.189 6.228 9.860 9.777 10.55 10.75 10.90 10.75 9.306 12.93 13.60 12.46 12.24 12.36 
-98.8 -72.2 -61.6 -78.0 -72.0 -42.0 -36.1 -42.6 -40.5 -42.0 -40.8 -40.8 -33.7 -31.4 -23.3 -23.0 -23.2 -20.4 -19.2 -17.3 -17.1 -18.0 -11.7 -3.71 -8.45 -9.26 -9.38 -8.52 -8.30 -8.62 -9.74 -9.12 -7.40 -8.79 -7.08 -3.71 -4.78 -3.60 -3.48 -3.32 -3.20 -1.92 -1.50 -1.62 -0.32 -0.24 -0.36 -1.14 -1.10 -0.76 -1.06 -0.18 -0.58 -0.32 -3.75 -3.69 -3.22 -3.07 -3.41 -3.98 
4.449 2.197 20.46 44.80 35.66 22.53 19.28 8.599 7.446 6.150 38.18 33.54 28.40 25.89 23.46 24.00 23.08 21.08 19.59 23.66 22.01 23.20 23.02 20.58 20.23 23.81 22.96 20.15 20.93 18.90 18.86 17.19 15.94 15.29 13.94 14.14 13.76 13.62 14.37 18.19 17.19 16.83 20.53 17.30 16.71 16.19 16.00 15.65 15.33 15.85 15.57 14.08 11.04 9.295 9.109 9.045 8.179 7.640 7.211 18.94 
6.647 -3.11 -10.6 -37.9 -32.0 -27.0 -25.3 -22.0 -6.07 2.498 2.443 2.031 -4.29 -6.04 -6.70 -6.47 -6.41 -3.94 -17.5 -16.7 -15.1 -16.3 -14.8 -16.5 -13.6 -19.4 -22.0 -22.2 -24.0 -24.0 -25.1 -25.0 -24.7 -25.8 -24.6 -24.4 -23.6 -21.9 -20.9 -20.6 -20.7 -20.1 -19.4 -19.0 -18.3 -16.8 -16.1 -14.9 -14.6 -14.2 -13.7 -11.4 -11.4 -12.7 -12.6 -12.3 -12.0 -11.8 -9.71 -12.0 
5.930 46.61 64.78 84.30 72.11 57.62 38.88 32.25 25.96 21.44 18.54 13.81 -3.76 -8.80 -5.99 -1.87 -4.34 -4.06 -4.56 -4.22 -4.01 -2.36 -2.24 -2.09 -4.11 -5.78 -3.35 -0.91 0.492 0.982 -0.76 -1.91 -1.42 -4.32 -0.83 -0.10 -0.75 3.339 2.359 -0.63 0.535 0.530 0.230 -0.36 -0.59 -0.47 -2.97 -2.71 -4.22 -4.56 -4.81 -4.30 -3.94 -2.43 -3.87 -3.80 -1.86 -1.98 -3.69 -3.53 
75.83 31.75 20.99 9.514 -3.92 -4.33 -9.11 -14.1 -12.6 -16.7 -13.4 -21.2 -19.6 -17.9 -22.6 -21.7 -23.9 -20.3 -20.7 -18.7 -20.7 -13.0 -11.5 -11.5 -11.3 -11.2 -11.6 -12.6 -13.0 -12.2 -12.0 -17.4 -16.9 -16.9 -14.9 -15.7 -18.9 -18.2 -17.5 -17.0 -16.2 -15.5 -18.0 -18.0 -17.6 -17.1 -16.2 -16.0 -15.7 -15.6 -14.0 -19.0 -19.0 -19.1 -21.0 -20.2 -19.7 -19.4 -19.0 -21.3 
-31.4 -38.3 -25.1 -18.6 -38.8 -41.5 -42.2 -36.4 -27.1 -18.7 -15.9 -13.5 -8.14 -6.75 -4.01 -3.60 1.232 0.975 -0.39 -3.95 1.540 1.556 7.220 2.533 1.526 3.245 2.117 1.274 3.788 3.472 1.170 0.538 0.820 0.307 -0.54 -0.48 -1.41 -1.71 -0.97 -0.09 1.559 1.484 1.297 0.800 1.960 1.043 1.491 2.504 2.293 2.365 2.349 0.646 1.569 0.834 1.181 1.419 0.586 0.970 0.794 1.026 
18.35 -3.52 -14.7 -10.9 -15.8 -18.3 -38.7 -33.4 -35.0 -31.5 -27.1 -26.0 -25.0 -20.6 -18.4 -16.7 -15.9 -15.1 -14.1 -6.29 -5.97 -6.44 -6.08 -4.19 -3.94 -6.80 -6.07 -7.29 -6.49 -6.79 -9.27 -7.79 -11.1 -12.6 -12.7 -15.8 -16.2 -15.6 -16.0 -15.7 -14.9 -13.3 -13.0 -12.7 -12.3 -12.4 -11.6 -11.5 -11.2 -11.2 -7.30 -3.31 -3.12 -4.35 -6.42 -5.95 -5.44 -1.78 -1.59 -1.30 
-154. -81.7 -106. -76.9 -60.5 -64.4 -50.6 -50.2 -44.0 -35.1 -33.0 -18.4 -20.2 -22.9 -21.6 -43.9 -27.0 -18.2 -23.5 -22.9 -23.9 -23.2 -21.8 -20.7 -21.2 -20.0 -19.4 -18.4 -19.6 -19.7 -21.8 -22.4 -22.4 -23.0 -20.6 -18.1 -18.9 -18.6 -16.3 -15.9 -12.1 -13.0 -12.9 -11.7 -10.7 -11.3 -11.1 -10.9 -10.8 -10.4 -10.3 -10.5 -10.3 -10.2 -9.89 -9.68 -10.3 -9.83 -9.66 -9.62 
70.60 50.67 38.04 22.46 4.834 7.556 -3.28 -2.76 1.946 -4.55 1.401 1.742 1.624 1.544 1.483 1.989 1.643 -0.41 -1.36 -1.34 -1.04 -10.9 -6.64 -6.49 -5.38 -4.54 -6.26 -6.69 -6.44 -7.73 -3.42 -3.92 -4.11 0.007 0.750 0.406 1.253 -0.29 0.487 -0.36 -0.50 -0.08 -0.28 0.096 0.283 5.297 3.791 3.604 0.718 1.413 3.145 3.035 3.210 3.630 3.464 3.576 2.958 3.208 3.065 3.497 
1.673 49.01 33.45 25.76 -14.5 -12.0 -6.35 -4.65 -4.01 -4.24 9.600 5.950 3.950 -3.91 -3.16 -0.72 -0.91 1.825 5.070 3.311 5.031 4.748 3.895 5.527 5.423 4.410 2.766 3.533 5.321 3.474 1.740 3.627 4.639 4.327 3.788 2.915 11.25 10.50 9.245 10.76 9.043 8.917 8.667 9.221 6.603 6.405 7.241 7.013 6.836 6.957 3.978 4.009 4.067 5.613 6.631 7.224 6.950 7.793 7.772 8.832 
2.692 -1.75 73.65 57.26 48.19 39.29 33.10 28.66 22.58 19.40 18.37 9.954 10.93 10.06 13.16 13.59 5.741 3.423 3.735 9.210 7.605 7.626 5.071 6.768 7.735 6.775 6.549 6.372 5.322 8.977 8.202 8.102 7.196 4.888 4.176 4.473 4.455 9.735 9.706 9.463 9.027 8.703 8.276 7.137 6.912 9.404 11.16 11.02 11.05 10.68 9.539 10.68 11.11 11.07 10.92 11.10 10.85 10.73 10.21 11.09 
-28.2 -12.2 -3.74 -5.78 -4.38 4.147 9.088 7.966 7.100 7.148 5.551 -3.18 -4.86 -5.90 -6.51 -9.46 -7.24 -4.72 -4.65 -4.41 -9.67 -9.41 -10.0 -8.85 -6.89 -3.61 -3.47 -5.06 -4.91 -10.7 -13.7 -14.5 -14.0 -16.0 -15.2 -15.9 -15.2 -15.8 -13.6 -10.8 -10.2 -10.6 -10.8 -9.49 -8.67 -6.25 -6.08 -5.95 -5.88 -5.61 -5.54 -5.41 -5.32 -5.24 -4.85 -4.74 -3.71 -3.84 -3.37 -3.54 
36.19 25.79 20.72 14.20 15.05 8.439 4.882 4.253 4.343 4.099 6.553 10.67 12.06 11.22 9.093 9.420 8.346 8.141 5.894 4.350 3.385 4.410 5.309 3.953 4.340 4.231 4.834 0.622 -0.49 -3.43 -3.50 -3.64 -3.73 -3.15 -2.66 -3.44 -0.97 0.496 0.427 0.935 0.334 0.815 -0.27 0.719 0.753 1.265 1.778 3.081 3.135 3.581 3.697 2.871 2.454 2.382 0.266 0.312 0.308 0.446 0.566 0.638 
-21.8 24.63 13.53 10.90 0.209 -0.95 -3.52 -15.4 -13.7 -13.4 -10.6 -16.6 -20.6 -19.0 -17.8 -17.7 -18.1 -28.2 -29.1 -28.1 -27.6 -28.2 -26.4 -20.7 -20.7 -19.4 -18.8 -14.0 -13.6 -13.4 -11.5 -11.2 -10.5 -10.8 -10.7 -10.1 -8.30 -6.51 -6.41 -5.88 -5.79 -2.65 -2.67 -3.43 -3.14 -3.59 -3.70 -3.61 -4.78 -4.32 -3.03 -3.33 -4.22 -4.12 -2.32 -2.03 -2.00 -1.32 -0.59 -2.42 
-6.94 -23.4 -7.76 -10.7 -8.72 -3.78 -5.40 -4.87 -10.7 -9.58 -8.29 -2.48 -2.04 2.038 3.825 1.313 0.326 -1.29 -0.47 -0.49 0.918 1.820 1.709 1.650 2.685 2.841 3.876 3.501 3.067 1.606 1.523 -1.19 -1.79 -1.08 -1.51 -1.55 -2.84 -0.26 -0.12 -1.52 0.830 0.226 1.423 0.851 1.113 0.986 0.876 0.644 5.245 5.805 5.789 6.623 6.584 7.494 8.242 7.282 6.756 6.903 6.703 6.341 
-86.4 -53.4 -34.9 -27.0 -29.5 -22.9 -17.0 -17.3 -5.71 -0.22 0.023 -5.21 -2.63 -3.32 -7.29 -2.66 -0.18 0.973 3.767 5.125 5.400 4.957 -5.67 -4.05 -2.94 -2.75 -2.23 -0.23 -0.31 0.442 0.745 -1.96 -1.93 -0.62 -0.96 -0.00 0.097 0.047 -0.14 -0.21 0.232 4.400 4.397 4.405 6.735 7.131 6.564 6.570 6.427 5.390 6.174 6.043 5.925 6.823 6.508 5.200 5.425 7.780 7.520 7.401 
242.0 101.1 65.52 53.99 38.27 35.83 37.72 36.55 43.34 28.57 26.29 27.83 25.05 24.64 25.01 23.04 22.13 10.80 8.889 9.865 8.292 7.312 5.228 -1.77 -3.53 -2.24 -2.17 -2.60 -1.50 -1.59 -1.05 -2.46 -3.59 -4.94 -3.74 -8.50 -8.54 -6.94 -6.07 -5.88 -5.87 -8.48 -8.01 -6.02 -5.18 -5.77 -6.58 -6.79 -6.68 -3.69 -3.62 -2.13 -2.00 -2.32 -2.38 -2.25 -2.70 -4.61 -5.36 -5.12 
0.152 53.61 36.12 17.37 12.65 19.11 16.73 18.21 16.65 -1.88 -9.82 -10.1 18.00 18.45 17.63 19.23 22.49 21.56 25.01 21.18 19.70 19.28 18.76 19.20 18.71 19.79 18.21 18.75 18.37 20.16 19.72 18.03 15.18 17.27 16.43 15.93 12.80 14.02 12.69 11.46 10.47 9.557 9.051 7.689 7.727 7.423 7.031 6.287 6.631 7.159 6.463 6.400 5.835 5.984 4.081 3.493 3.302 2.265 2.433 1.925 
-1.61 -4.22 -4.18 -4.42 2.197 3.734 3.715 15.86 45.52 41.57 37.06 32.71 30.94 29.33 26.75 23.51 32.47 30.97 29.44 28.64 27.86 27.01 23.84 21.42 20.35 22.38 22.40 22.15 20.65 19.92 14.50 13.75 13.72 13.29 13.29 10.14 9.448 9.219 6.847 6.566 6.235 6.065 6.013 5.774 5.851 3.586 2.637 2.401 2.738 2.594 4.262 4.236 4.248 4.202 3.838 2.992 1.575 0.812 0.624 -0.32 
75.66 -16.8 101.7 75.08 58.68 42.29 37.03 29.14 26.93 32.76 27.37 26.08 19.78 15.24 12.03 10.71 11.25 10.66 9.452 11.31 10.29 11.50 10.90 9.651 8.860 9.278 8.457 9.616 10.19 12.95 11.51 10.91 11.69 11.81 13.00 12.24 12.01 11.77 10.11 9.956 9.623 8.522 8.331 8.241 8.179 7.766 8.732 8.809 9.975 8.406 8.342 8.207 7.888 6.720 6.813 6.450 6.092 5.952 5.821 5.755 
-31.2 -9.80 -15.4 -15.4 -14.7 13.88 12.30 21.81 14.74 22.40 18.95 15.07 13.90 12.25 5.897 4.329 3.991 4.762 4.096 4.647 3.920 8.846 8.583 7.894 7.846 7.819 7.875 7.526 5.896 5.553 9.417 12.86 12.16 11.84 11.49 11.53 11.11 11.09 10.95 11.53 11.15 11.98 12.71 10.78 10.48 10.52 12.32 11.55 12.75 12.77 12.41 12.22 11.45 11.87 11.95 11.43 11.17 11.95 11.95 11.76 
-2.50 36.58 -4.20 -23.9 -22.1 -10.7 -10.3 -15.1 -18.0 -19.7 -20.3 -21.0 -17.6 -22.0 -19.7 -25.7 -22.0 -21.1 -21.7 -19.9 -21.0 -18.8 -16.4 -16.0 -15.4 -22.1 -21.3 -20.2 -19.6 -18.2 -20.0 -16.2 -13.1 -11.9 -17.3 -16.8 -16.4 -16.4 -16.1 -15.3 -16.0 -15.6 -15.2 -15.0 -13.9 -13.8 -13.7 -13.5 -13.1 -13.2 -12.8 -13.3 -13.1 -12.4 -12.6 -13.3 -13.1 -13.0 -12.7 -12.3 
67.46 27.92 17.55 8.550 14.61 9.560 5.035 1.178 -4.77 13.18 7.739 2.491 2.257 2.943 6.956 6.460 -1.43 1.558 0.724 0.738 0.573 2.745 0.315 0.611 1.146 1.119 1.665 1.592 2.724 1.523 0.659 -4.88 -5.53 0.072 0.389 0.480 0.693 2.397 2.333 3.863 3.676 6.379 7.325 6.584 6.478 6.290 6.194 5.403 5.358 5.665 5.182 5.063 4.829 5.926 4.931 4.447 4.222 2.720 2.604 3.377 
18.23 -19.1 6.300 5.587 28.12 31.62 49.55 40.94 16.05 15.89 11.79 5.526 5.827 5.828 2.996 2.465 3.079 6.254 5.621 8.125 7.551 5.263 11.66 10.42 9.185 9.403 6.426 6.195 6.519 6.771 7.878 6.898 10.03 10.93 11.42 10.45 11.04 10.13 9.237 9.012 8.632 9.011 7.380 3.686 2.353 2.288 2.400 2.363 1.553 1.549 1.819 1.148 1.963 1.950 1.763 1.663 1.729 0.681 0.730 0.760 
95.47 -3.17 -1.62 1.457 -0.60 -3.33 -2.24 3.905 -9.50 -3.52 -1.65 -1.85 0.077 0.109 -3.23 0.871 1.721 1.605 2.094 1.103 1.784 1.335 1.219 -0.76 5.459 2.513 3.211 3.580 3.504 4.050 4.949 9.517 7.587 6.803 6.911 6.730 4.313 4.218 3.571 3.212 2.678 4.014 5.022 4.833 4.717 3.558 -0.18 0.142 0.116 -0.47 -0.30 -0.76 -0.53 3.151 4.694 5.507 5.556 5.948 6.127 6.480 
-30.2 27.10 46.19 -17.5 -23.1 -23.7 -19.6 -18.2 -14.6 -14.4 -12.0 -12.3 -5.03 -4.92 -3.01 6.682 5.688 4.785 3.729 2.273 1.239 4.247 3.432 2.633 1.712 1.301 2.338 3.243 3.111 5.170 4.909 4.302 5.731 5.797 5.628 5.628 5.856 5.711 5.619 4.096 4.529 4.379 4.833 2.295 -0.39 -0.62 -0.51 0.770 0.785 1.209 0.970 0.976 0.583 0.692 -0.20 -0.21 -0.15 -0.35 -0.28 -0.44 
-64.7 -7.61 -10.9 19.68 19.45 16.21 -7.35 -25.9 -22.2 -23.1 -13.6 -12.7 -9.54 -7.16 -7.07 -3.77 -4.00 2.924 2.771 2.313 2.020 0.183 0.851 0.791 0.684 7.950 7.653 7.453 7.601 11.01 11.69 12.09 10.43 9.174 9.981 9.197 9.146 7.098 6.929 6.942 7.864 8.175 8.610 8.324 11.74 11.65 10.98 10.37 10.98 10.73 10.58 10.32 10.85 11.03 10.88 9.185 10.48 9.576 9.735 9.589 
70.19 65.62 66.89 53.31 42.14 30.07 27.18 23.72 18.68 16.80 14.45 -2.77 -1.24 -0.95 -7.21 -4.77 -2.78 3.966 1.131 1.465 2.709 8.614 7.827 7.232 3.938 3.935 3.489 5.184 4.803 4.184 3.536 2.234 2.382 10.14 16.39 15.25 14.76 14.45 14.76 15.23 15.77 16.90 16.89 16.67 18.04 16.67 16.19 16.17 17.51 15.04 14.96 15.05 13.67 13.32 13.02 12.77 12.54 12.37 11.60 11.34 
-19.7 -17.0 18.11 9.233 0.754 0.971 2.512 2.931 2.774 6.290 5.727 4.191 3.536 14.66 12.91 19.01 12.87 13.14 12.13 12.75 12.77 11.97 0.728 2.429 4.252 1.690 1.000 0.114 1.221 1.184 2.466 2.166 1.956 1.963 0.667 0.378 1.971 -0.42 -0.77 0.200 0.986 0.430 0.647 0.610 1.605 0.950 2.112 2.089 1.578 1.062 1.165 1.324 1.151 6.996 6.482 6.356 6.286 5.011 5.310 5.091 
53.34 46.36 19.67 25.11 20.51 18.42 5.712 5.067 10.18 12.00 12.18 10.96 7.973 6.640 4.193 2.166 2.022 1.127 2.425 2.555 2.585 7.190 6.578 5.312 4.701 4.193 5.684 6.354 7.745 7.471 16.33 16.07 15.49 12.99 13.13 13.18 12.94 13.27 15.72 15.60 15.24 13.92 14.28 14.12 13.74 11.64 12.08 11.70 12.03 10.76 10.86 10.71 11.05 11.20 11.17 10.87 10.22 4.785 4.559 3.569 
4.753 18.32 11.76 8.522 -20.1 -31.1 -13.2 -11.2 -4.32 -3.69 -3.34 -1.99 -1.13 -6.97 -6.53 -6.00 -6.02 -5.63 -5.33 -6.28 -6.64 -0.70 5.011 4.497 4.444 5.171 1.305 -0.66 -2.19 -1.74 -2.51 -3.10 -2.53 -2.95 -2.48 -2.21 -5.30 -5.11 -4.28 -2.92 -2.57 -0.89 -3.45 -3.64 -3.56 -3.04 -4.16 -4.07 -3.63 -3.63 2.498 1.677 3.141 4.199 3.923 4.441 4.871 4.439 4.369 3.749 
-59.0 -25.6 -17.6 -13.0 9.295 -2.38 -3.36 11.77 1.670 3.313 2.061 2.149 3.442 7.305 5.464 1.866 1.705 1.632 0.219 1.678 2.324 3.704 3.150 3.639 11.65 10.58 9.136 8.870 5.879 5.706 6.980 6.946 6.968 8.157 8.472 6.121 2.152 1.609 1.610 1.828 2.006 1.926 1.799 2.970 2.433 1.411 1.368 0.582 1.733 1.232 1.159 -1.46 -1.41 -1.41 -1.67 -1.85 -2.40 0.589 0.463 0.269 
138.7 77.55 51.84 39.65 33.43 27.21 27.37 41.52 40.63 34.35 17.85 16.49 15.55 16.08 10.95 12.00 13.34 12.56 21.67 20.64 18.47 18.15 16.90 15.84 16.57 17.72 17.23 18.83 18.15 17.69 17.14 17.42 16.87 16.37 16.08 15.63 15.32 14.99 14.71 13.59 12.22 11.92 9.723 9.899 8.389 9.744 8.908 6.800 8.747 8.366 7.925 7.410 9.191 9.009 9.173 7.540 8.268 8.215 9.004 8.840 
-63.5 -29.8 -18.7 -7.60 -6.34 -1.30 -1.03 2.410 -18.3 -16.4 -19.0 -20.4 -19.7 -15.1 -13.9 -11.1 -14.1 -13.1 -6.76 -9.38 -9.05 -5.65 -5.16 -5.07 -5.46 -5.63 -6.58 -6.33 -6.40 -6.61 -7.72 -6.67 -6.41 -5.94 -3.71 -3.80 -3.67 -3.64 -6.56 -5.67 -5.18 -5.39 -4.42 -3.97 -3.85 -3.75 -4.97 -7.16 -6.84 -6.45 -7.07 -6.67 -5.59 -5.08 -7.26 -7.08 -8.00 -8.40 -7.37 -7.11 
-0.58 51.74 34.21 40.48 29.20 22.74 19.66 16.96 14.56 20.86 18.94 22.67 17.65 17.86 18.63 17.97 12.91 12.57 10.57 10.75 15.59 13.94 11.35 14.10 13.40 17.05 16.51 17.46 16.17 14.69 17.48 17.14 14.48 14.17 13.10 12.48 13.20 12.85 12.46 7.549 10.77 10.50 10.43 12.01 11.76 11.41 9.783 9.593 9.742 9.504 9.324 6.900 6.745 7.161 6.914 6.714 7.841 7.038 6.673 6.525 
87.34 24.33 13.97 6.937 4.272 3.842 -1.97 -1.70 -2.27 0.012 -2.56 -10.2 -10.1 -10.4 -9.81 -7.42 -5.22 -0.88 -1.26 -0.29 -0.63 -0.33 -2.17 -3.84 -2.19 -2.06 -0.22 -1.42 -1.37 -3.07 -2.72 -2.58 -4.18 -4.30 -5.92 -6.02 -5.95 -5.79 -5.58 -5.31 -5.13 -5.41 -5.29 -6.62 -5.59 -5.16 -4.76 -3.64 -3.56 -0.47 -0.13 -0.13 0.100 -1.73 -2.07 -3.05 -3.55 -4.27 -4.21 -3.89 
48.95 16.30 12.21 9.262 14.80 13.65 18.33 17.82 15.65 11.71 15.32 17.66 16.41 13.75 10.03 12.11 12.00 10.72 10.14 10.38 12.95 12.70 12.08 11.58 11.27 10.61 0.714 0.675 0.507 0.625 0.443 0.424 0.678 3.910 4.751 4.011 3.409 4.574 4.145 4.285 4.444 3.795 2.660 1.805 1.794 -0.01 0.163 0.722 0.001 0.047 0.220 0.374 1.757 1.725 2.167 2.046 1.937 2.172 2.587 4.127 
5.708 18.23 13.91 31.54 12.49 9.263 10.04 13.82 12.58 8.534 5.229 5.625 6.964 8.088 -2.58 -2.93 -4.90 -9.33 -3.48 -1.02 -0.47 -0.40 -0.21 -0.04 -0.24 2.635 2.719 2.011 1.832 1.471 6.748 4.904 5.512 6.807 7.048 6.806 6.724 8.001 8.555 8.023 7.306 6.599 6.544 6.342 4.463 2.785 2.008 1.911 3.645 2.078 3.671 3.897 4.440 4.189 6.457 5.628 5.720 5.632 5.136 3.198 
-3.77 -13.5 -24.4 -26.6 -29.9 -19.5 -16.9 -17.0 -13.7 -27.6 -14.2 -15.9 -14.7 -16.5 -15.3 -10.9 -9.77 -9.53 -9.96 -15.2 -14.5 -20.6 -19.6 -19.3 -20.4 -19.6 -18.7 -17.1 -15.1 -15.3 -14.0 -13.7 -13.9 -8.55 -8.62 -9.80 -8.51 -10.2 -12.2 -11.6 -12.4 -12.0 -11.7 -12.4 -12.0 -11.9 -13.7 -14.4 -13.8 -13.2 -13.1 -13.1 -12.8 -12.3 -11.6 -11.6 -11.4 -11.3 -11.1 -10.6 
10.15 14.25 9.571 12.80 0.543 0.470 2.498 6.929 5.987 3.253 4.191 4.432 0.901 2.105 0.635 0.744 0.376 -1.08 -0.89 -0.97 -0.18 -1.63 -1.09 -1.10 -0.70 0.791 -6.68 -6.79 -10.5 -10.1 -9.73 -7.97 -8.75 -10.0 -10.7 -8.53 -8.00 -3.95 -2.07 -2.24 -3.28 -4.15 -4.99 -6.05 -6.55 -6.52 -5.18 -4.21 -3.43 -2.87 -2.83 -2.72 -2.23 -2.21 -1.51 -1.53 -2.03 -1.60 -1.46 -1.81 
-6.81 0.985 48.67 25.29 19.61 4.909 6.315 9.068 7.100 6.662 7.254 6.705 6.294 5.469 3.556 3.342 3.427 3.173 3.200 2.308 -1.03 3.781 3.123 3.998 5.560 5.285 6.105 5.908 2.939 2.730 0.464 3.254 9.932 11.52 11.13 14.65 14.92 11.51 10.45 12.06 11.96 9.535 9.899 10.23 9.594 9.094 8.357 8.286 8.600 8.320 8.231 7.443 7.388 7.241 7.482 7.751 7.679 7.847 7.559 7.127 
1.271 3.104 -27.9 -32.1 -24.0 -18.8 -20.0 -17.4 -14.4 -25.8 -17.2 -17.4 -18.1 -16.6 -17.1 -15.8 -14.7 -14.1 -13.4 -7.44 -7.50 -6.18 -5.44 -0.35 -0.31 -0.72 -0.37 0.112 0.058 0.144 -0.38 -0.34 0.252 -0.56 -0.39 -1.74 -0.97 -1.40 -1.06 -0.56 -0.80 -1.67 -1.80 -1.70 -1.34 -4.81 -6.31 -6.53 -7.61 -8.17 -7.02 -7.11 -8.02 -7.90 -7.03 -6.88 -7.05 -7.00 -6.29 -5.34 
-43.1 -69.8 -54.6 -34.2 -16.0 -17.3 -19.2 -22.5 -19.0 -17.2 -5.95 0.830 -8.18 -7.73 -5.15 -2.73 -2.33 -2.27 -3.53 -3.67 -4.01 -3.61 -4.22 -3.39 -0.75 -2.57 -0.25 -2.22 -0.80 -0.90 -0.01 -2.27 -1.98 -3.83 -3.25 -2.77 -1.51 -2.31 -0.56 -2.00 0.203 0.667 0.736 0.744 0.169 0.224 0.723 0.038 0.114 0.105 -0.61 -0.49 0.116 0.876 0.499 0.371 0.137 -0.51 -0.86 -0.94 
84.82 37.69 24.55 21.45 26.40 21.33 17.64 30.39 29.24 16.95 11.51 7.603 16.68 14.71 11.31 10.54 16.28 12.69 12.62 14.23 13.28 13.66 12.81 12.81 12.32 12.00 11.92 10.52 9.326 9.647 10.03 10.47 10.50 9.956 9.531 7.913 9.033 7.390 6.370 7.590 4.869 4.782 4.486 3.469 3.389 0.535 0.570 0.670 0.720 0.108 0.624 0.898 2.077 1.968 1.804 1.481 1.236 1.928 3.500 3.691 
15.17 -71.3 -62.4 -38.8 -31.0 -26.8 -19.3 -18.7 -14.8 -10.0 -9.02 -8.38 -6.74 -9.70 -8.93 -8.05 -7.15 -10.0 -11.3 -9.07 -9.27 -8.93 -8.34 -7.95 -3.77 -5.19 -8.26 -6.56 -7.32 -8.79 -12.7 -10.8 -10.5 -9.27 -9.30 -9.03 -8.99 -8.76 -8.56 -8.28 -9.32 -4.61 -3.08 -0.55 -0.28 -0.77 -0.38 -0.03 -0.02 0.134 -2.62 -3.11 -1.55 -1.52 -1.30 -1.17 -2.45 -2.33 -2.34 -2.63 
-16.7 3.934 3.813 1.054 -0.45 -0.29 -0.59 0.773 -3.42 -6.04 -1.40 -3.64 -3.69 0.986 0.329 -0.32 -0.35 -0.34 -0.16 -0.02 -1.95 -1.84 -2.75 0.952 -2.30 -0.72 -0.73 -1.07 -2.06 -1.08 -0.05 1.112 0.973 0.672 -3.08 -2.77 -2.71 -3.42 -2.46 -2.57 -2.19 -2.54 -3.92 -4.57 -4.82 -6.86 -3.41 -3.96 -5.14 -5.31 -5.64 -5.46 -6.32 -5.76 -5.56 -5.28 -5.14 -4.77 -4.72 -4.53 
91.02 63.12 40.87 30.71 20.95 19.01 15.77 34.45 36.77 24.54 23.53 21.59 19.48 15.43 0.595 -2.16 -8.79 -9.05 -6.14 -4.00 -2.99 -0.08 -0.24 -0.18 -0.15 0.052 1.009 2.451 1.164 -0.59 -0.43 -0.06 1.008 0.169 0.950 2.825 2.645 2.767 2.963 5.124 3.365 3.514 0.185 -1.52 -2.76 0.418 -0.70 0.616 -0.42 -0.23 -0.53 -0.78 -1.56 -2.07 -2.78 -1.69 -2.21 -2.11 -2.45 -1.80 
2.388 -0.28 12.03 9.863 20.45 14.70 4.240 3.771 -9.07 -7.49 -5.91 -2.89 -2.05 5.615 6.604 6.195 6.372 7.432 6.545 4.619 2.493 2.572 5.210 3.788 3.762 1.335 3.716 3.770 3.218 2.921 5.891 4.522 3.746 2.864 2.663 3.194 3.986 2.817 2.114 1.732 1.549 0.820 -0.24 0.931 1.073 2.115 2.845 2.354 -1.79 -1.68 -2.95 -1.73 -1.70 -1.94 -1.14 -0.35 -0.13 2.758 2.922 2.957 
-30.0 -37.8 -0.85 9.712 18.27 12.90 12.37 9.958 -3.68 0.354 -0.35 -1.46 4.728 6.529 7.821 6.783 5.749 8.789 13.40 12.81 12.16 13.30 12.71 12.69 12.32 11.97 8.030 6.826 6.656 5.900 1.383 1.299 1.008 0.931 0.558 1.209 1.970 1.709 0.855 1.920 2.224 3.060 3.588 3.351 4.537 2.194 3.727 4.711 4.852 4.759 4.435 3.494 1.940 2.787 3.362 3.171 2.696 2.780 2.968 3.005 
-32.2 -14.9 -17.1 -20.0 -18.6 -9.98 15.16 19.62 16.40 19.72 17.74 21.70 21.28 22.04 20.89 19.04 17.97 14.95 11.99 10.87 9.533 6.432 6.159 6.285 2.802 2.868 3.744 6.283 10.85 9.202 8.463 6.254 5.896 4.825 5.732 3.700 3.902 3.892 1.965 1.445 1.533 -0.01 -1.08 -0.73 -0.50 -0.62 -1.64 -2.55 -2.50 -3.15 -3.09 -4.05 -4.02 -3.74 -3.63 -4.34 -3.16 -2.52 -2.45 -2.49 
8.040 10.52 4.649 3.462 -9.47 -21.3 -26.9 -26.3 -23.9 -16.8 -20.4 -12.3 -4.47 -4.93 -4.19 -3.93 -4.95 -5.29 -10.2 -10.7 -10.9 -10.1 -6.70 -2.21 -2.42 -3.15 -3.11 -3.04 -2.69 -2.51 1.043 0.986 0.980 0.896 0.797 1.354 1.131 0.599 -0.21 -1.90 -2.22 -1.07 -0.82 -0.90 -0.83 -3.68 -3.83 -3.66 -5.16 -3.00 -2.82 -4.44 -5.03 -5.29 -6.21 -5.87 -4.87 -4.90 -5.28 -5.06 
-21.5 -14.3 -35.8 -37.3 -37.9 -31.5 -27.4 -14.6 -12.9 -14.0 -13.5 -10.0 -14.2 -11.4 -11.8 -9.80 -8.35 -0.98 -4.74 -6.45 -5.26 -3.28 -4.96 -3.82 -6.67 -6.85 -4.81 -3.16 -4.85 -8.62 -8.07 -10.0 -9.76 -9.24 -9.68 -7.06 -6.43 -6.25 -4.97 -4.31 -4.11 -3.94 -4.04 -5.31 -6.72 -6.57 -4.21 -3.65 -3.12 -2.64 -1.66 0.482 0.550 0.930 1.089 1.546 1.589 2.181 2.249 2.204 
-107. 12.76 9.516 -12.4 -14.6 -15.3 5.935 4.706 4.505 12.55 8.971 8.128 6.812 7.188 9.354 7.719 6.757 6.192 3.667 2.889 9.841 9.470 9.730 11.77 12.23 10.41 8.737 8.849 9.781 8.179 7.699 7.446 7.012 7.751 7.641 7.246 9.623 8.181 8.606 13.05 14.58 14.99 14.25 13.92 16.71 16.11 15.14 14.24 13.74 13.00 12.63 12.09 11.77 11.58 11.34 11.19 10.90 10.62 10.24 10.98 
8.571 -39.1 -26.2 -17.8 -14.1 -9.00 -6.48 -2.52 3.786 4.494 4.613 1.447 1.244 0.938 2.011 0.617 2.338 2.221 -4.14 -4.68 -4.52 -6.24 -6.03 -6.01 -5.72 -5.44 -7.92 -2.57 -3.00 -1.92 -1.98 -2.94 -2.95 -3.11 -3.02 -2.37 -0.54 0.020 0.439 -0.33 0.185 -0.41 -0.42 -0.19 0.753 -1.09 -1.13 -1.64 -1.68 -2.28 -2.11 -2.55 0.500 0.469 -0.03 0.102 1.153 1.078 0.453 1.020 
2.228 -35.1 -31.0 -22.7 -17.8 -5.34 -1.61 -6.26 -10.8 -9.91 -9.19 -7.31 -7.30 -2.85 -1.22 -1.08 -1.19 -1.20 -1.04 -1.37 -1.66 -3.26 -1.46 -0.31 -1.03 -0.82 0.793 0.435 -0.09 -0.09 -0.10 -0.54 -0.13 -0.17 -0.30 -0.28 -2.68 -2.63 -2.76 -1.51 -1.56 -1.75 1.668 2.347 2.347 2.501 3.914 3.661 2.867 2.686 2.751 2.819 4.108 4.280 4.469 4.446 4.627 5.790 4.553 5.315 
100.4 70.50 47.33 40.78 38.32 44.66 30.58 14.71 18.22 16.23 10.16 3.537 3.848 1.904 6.023 9.052 8.525 7.693 7.485 6.977 9.247 14.88 14.61 12.86 13.58 13.19 13.26 12.71 11.31 11.23 11.97 13.14 10.95 9.994 9.937 9.277 9.430 5.904 6.358 6.404 6.680 6.431 7.980 9.473 12.34 11.97 11.77 14.52 13.50 13.23 12.84 12.63 11.26 11.14 11.21 11.56 11.73 12.50 12.39 11.38 
5.664 3.599 6.641 17.17 19.58 13.09 9.993 14.59 18.20 11.23 11.18 10.22 12.23 16.76 16.82 19.24 18.79 17.84 16.88 16.30 14.63 15.61 16.25 16.54 16.29 14.74 11.84 10.70 10.45 10.40 11.26 10.50 12.09 9.603 8.678 7.536 7.364 7.086 8.238 6.894 6.734 7.529 7.046 6.456 6.327 6.210 6.058 5.784 5.596 4.393 4.396 4.506 5.558 5.493 4.591 3.768 3.676 3.761 3.557 2.477 
5.797 15.46 36.26 27.40 24.28 18.21 18.37 15.63 11.79 11.21 10.56 11.67 10.53 12.07 11.08 10.94 10.97 7.197 10.50 10.77 15.34 15.78 17.56 17.21 16.51 15.98 11.19 8.723 7.789 7.335 10.22 11.19 17.72 16.38 15.85 14.60 14.69 14.06 13.36 13.85 13.05 14.00 14.43 12.24 10.77 10.85 10.76 11.65 11.38 10.98 10.69 10.69 9.404 7.644 7.386 6.874 6.182 6.112 6.013 6.066 
1.011 -9.77 -8.88 -6.69 -6.03 -16.3 10.51 0.981 0.194 7.287 6.894 5.295 -3.62 -5.02 -2.34 -3.51 -2.97 -3.42 -4.47 -3.84 -0.53 2.584 6.650 7.037 8.688 7.836 8.788 8.204 11.78 8.919 8.507 8.693 9.801 9.513 8.687 9.640 8.329 7.657 7.913 9.017 8.414 8.004 7.880 8.997 8.567 7.325 7.199 6.915 6.203 5.143 3.967 3.906 3.755 3.663 4.312 4.648 4.047 4.493 2.874 2.767 
31.09 15.34 21.19 24.57 19.07 16.21 14.85 -2.51 -2.49 -3.15 -2.76 -0.58 0.950 -0.46 -4.09 2.495 2.580 -0.07 0.378 2.634 1.934 -1.20 -2.29 -4.11 -3.88 -3.72 -1.97 -2.59 -0.61 -0.59 0.592 0.256 0.220 4.338 3.888 3.762 2.447 -0.33 -1.01 -0.26 -0.88 -1.29 -1.57 -2.32 -2.33 -2.05 -2.27 -2.23 -3.62 -4.37 -3.33 -2.86 -2.20 -1.58 -1.32 -1.16 -1.85 -3.00 -2.26 -2.79 
113.1 55.08 43.20 11.74 7.366 1.256 4.968 4.232 5.649 3.683 3.341 3.080 5.680 -2.72 -4.47 -5.66 -5.27 -8.32 -7.38 -5.73 -5.35 -12.2 -8.90 -9.13 -4.93 -4.51 -4.35 -4.19 -4.51 -10.2 -9.46 -8.91 -8.57 -8.12 -9.78 -9.63 -9.21 -8.61 -7.80 -7.88 -7.84 -6.83 -8.12 -4.89 -5.37 -5.30 -5.35 -10.3 -9.71 -9.41 -9.52 -9.38 -9.69 -7.68 -7.84 -7.73 -7.72 -7.62 -7.48 -7.76 
33.58 2.416 1.691 -1.77 -6.72 -11.3 -23.2 -31.1 -30.2 -26.8 -30.0 -27.4 -23.6 -28.1 -33.4 -31.5 -29.7 -27.3 -26.6 -25.3 -24.3 -21.3 -19.6 -17.5 -19.1 -18.6 -17.3 -17.3 -15.3 -20.2 -20.3 -18.5 -17.4 -18.6 -18.1 -17.3 -16.4 -15.9 -15.4 -15.7 -15.4 -14.0 -13.4 -14.3 -14.4 -16.7 -16.4 -16.3 -16.2 -15.8 -16.8 -15.3 -14.9 -11.6 -11.0 -13.3 -13.0 -12.7 -12.6 -12.5 
48.28 24.85 19.64 9.413 7.916 37.82 33.91 35.52 39.56 35.97 29.77 27.29 24.04 23.52 22.83 15.83 20.38 20.07 20.50 18.63 14.48 14.15 15.20 14.37 12.45 10.19 9.455 10.85 13.33 13.34 8.914 8.608 7.305 7.447 7.602 3.228 3.098 4.572 4.446 4.753 8.298 7.472 7.633 7.468 7.337 7.095 7.685 7.957 7.368 6.980 6.696 6.706 6.447 6.630 7.014 6.076 6.660 6.386 5.441 4.859 
7.917 -0.31 -1.57 -1.22 -0.21 -10.9 -8.70 -8.31 0.502 14.43 13.31 13.87 8.828 7.652 8.618 11.69 9.511 10.94 8.230 7.628 8.065 10.56 11.74 8.617 7.285 8.585 8.845 8.986 8.763 8.747 8.503 5.047 4.184 5.296 5.288 4.870 4.272 5.128 5.051 6.226 6.063 5.746 3.060 2.669 2.150 -0.53 -0.43 -0.28 -0.33 -0.40 -0.36 0.236 0.534 1.133 1.206 0.783 1.420 -0.15 -0.16 -0.52 
-50.0 -30.5 -41.6 -5.05 -7.09 -7.39 -7.04 -9.66 -12.8 -12.0 -11.3 -9.56 -11.0 -13.6 -15.3 -14.0 -21.8 -21.7 -20.8 -19.7 -15.5 -6.81 -6.28 -5.93 -4.44 -1.81 -1.21 -0.62 1.124 0.664 0.750 -0.23 1.747 0.853 5.684 5.824 6.139 6.616 7.726 7.628 8.783 7.217 6.955 6.705 4.224 3.574 3.871 5.976 5.722 5.653 5.894 5.778 5.200 3.918 3.778 4.318 4.223 4.042 3.452 3.268 
-30.1 -18.2 -16.4 -16.8 -35.3 -29.5 -21.9 -19.2 -15.9 -18.8 -14.0 -13.7 -11.7 -9.50 -4.01 -3.16 -1.86 -1.93 -3.83 -4.12 -2.82 -4.30 -6.23 -6.21 -6.84 -7.53 -7.19 -6.36 -6.14 -8.77 -8.73 -8.38 -8.11 -7.88 -6.33 -6.20 -3.66 -2.41 -1.98 -1.99 -1.85 -0.87 0.079 0.831 0.899 1.081 1.496 1.677 2.176 2.287 2.025 1.990 2.849 2.562 1.769 1.404 1.331 1.590 2.501 3.722 
0.295 22.85 10.65 7.302 10.69 8.842 7.533 8.306 3.351 4.159 3.109 5.181 4.485 0.547 0.573 -1.85 -1.33 -1.02 0.682 0.348 0.386 0.459 -0.95 -0.54 -1.50 -1.04 -2.00 -1.75 -1.76 -3.37 -3.23 -3.03 -2.50 -3.19 5.125 5.036 2.835 3.835 3.555 3.817 0.626 -2.07 -1.80 -2.39 -2.24 -1.77 -0.82 -0.49 -0.43 -0.86 -0.88 -0.77 -2.40 -2.94 -2.72 -1.35 -0.51 -0.71 -0.03 -0.12 
5.040 16.08 8.233 6.789 5.196 10.20 -0.99 -0.61 -0.55 3.326 -3.02 -1.94 -6.78 -4.81 -2.75 -3.29 -8.35 -7.73 -8.09 -8.40 -8.28 -6.86 -6.85 -7.72 -7.57 -6.59 -6.46 -6.67 -6.42 -4.39 -1.71 -3.27 -3.17 -3.01 -1.22 -1.80 -3.57 -3.57 -4.16 -3.48 -4.17 -3.15 -3.17 -1.99 -2.35 -3.73 -5.60 -5.38 -5.31 -5.20 -5.05 -5.03 -6.36 -6.60 -7.27 -8.45 -6.14 -6.15 -5.85 -5.75 
-88.9 -40.8 -41.2 3.697 4.958 17.37 14.56 11.24 8.908 7.633 20.18 20.87 15.90 14.60 14.71 14.66 16.76 17.66 16.93 20.71 20.78 20.30 21.74 20.70 18.68 18.01 17.37 16.62 15.17 14.88 15.71 15.40 14.95 14.26 13.78 9.869 10.22 8.913 12.82 14.00 13.98 13.74 13.58 13.71 14.98 15.13 13.32 13.33 13.63 13.35 13.07 13.41 13.32 10.97 11.42 12.96 12.18 11.98 12.50 12.04 
-11.1 -13.5 -7.02 54.75 25.69 11.09 0.355 2.677 4.799 11.55 3.691 -12.2 -12.6 -10.8 -7.81 -6.98 -6.54 -7.83 -7.50 -6.30 -6.11 -5.46 -5.16 -4.70 -6.65 -2.53 -2.38 -0.82 -0.76 0.523 0.616 -0.84 -1.58 -1.52 -1.84 -1.31 0.286 0.623 1.918 1.514 -0.62 -1.12 -1.50 -1.64 -1.74 -1.63 -0.50 1.244 -0.17 -0.34 -0.31 -0.44 0.242 0.128 0.161 -1.35 -1.79 -1.70 -1.45 -0.75 
-5.74 -12.0 -1.55 39.50 31.77 25.30 25.36 23.44 21.26 27.93 23.80 21.72 22.19 14.55 11.81 3.817 3.547 4.085 6.039 1.690 0.645 -0.36 5.401 5.077 4.545 5.323 6.104 6.321 4.776 3.906 3.809 2.790 3.875 3.752 3.065 0.421 0.502 -3.36 -2.89 -3.30 -2.84 -3.47 -3.35 -3.60 -4.72 -4.85 -4.75 -5.09 -2.24 -2.22 -2.08 -1.48 -2.21 -2.21 -0.40 -0.18 0.043 0.573 1.047 0.908 
-2.30 25.78 24.16 24.26 19.42 17.27 25.36 22.77 20.88 19.37 17.37 16.71 16.65 16.11 15.24 14.18 9.223 8.555 8.162 7.365 5.595 5.533 10.02 10.68 9.399 8.951 8.560 8.458 7.377 8.422 9.273 10.39 7.735 6.544 6.812 6.431 6.685 6.163 7.033 8.325 6.865 6.990 6.827 4.871 4.737 4.971 4.795 5.366 6.208 5.943 5.758 5.523 5.513 5.523 5.559 5.101 5.751 5.491 5.788 6.360 
51.75 -15.8 -10.1 7.595 -0.13 13.08 11.24 10.01 3.175 -2.29 -2.91 -5.29 -4.37 4.070 3.459 2.588 2.754 2.737 2.817 3.428 2.927 1.027 -2.69 -2.85 -3.59 -3.21 -3.75 -3.53 -1.41 -1.75 -1.31 0.358 1.297 0.258 0.835 0.263 -2.06 -3.28 -2.26 -2.15 -1.73 -1.80 -3.73 -3.47 -6.64 -6.33 -6.27 -6.11 -6.04 -6.54 -7.31 -6.91 -6.84 -6.59 -6.54 -6.43 -7.78 -7.67 -7.65 -7.58 
96.44 49.81 42.95 59.23 41.06 45.14 34.93 27.70 32.29 29.24 12.69 8.685 8.308 5.843 8.487 10.56 11.29 10.15 10.66 10.00 9.869 11.27 6.632 6.735 6.893 9.633 10.30 10.00 9.283 8.207 8.421 8.155 7.655 6.988 7.225 3.267 1.768 0.820 1.883 -0.28 -0.81 0.848 0.946 0.208 -1.28 -2.02 -2.37 -2.01 -1.69 -0.14 -1.28 -1.05 -0.34 -3.19 -3.59 -3.54 -2.81 -2.55 -2.50 -2.68 
10.88 8.097 6.261 -12.7 -39.3 -33.9 -14.4 -22.1 -15.9 -22.0 -17.1 -15.7 -10.6 -15.4 -16.7 -15.8 -13.2 -12.6 -11.5 -10.3 -11.1 -10.5 -10.0 -9.08 -7.76 -6.89 -6.03 -5.01 -4.54 -5.32 -5.57 -4.04 -2.23 -2.15 -3.65 -3.93 -4.33 -4.05 -4.23 -4.81 -4.66 -2.71 0.550 0.545 0.510 2.810 2.484 2.798 1.837 1.830 2.163 1.339 1.687 2.592 2.344 1.687 -0.69 -0.49 -0.87 -0.28 
7.976 -21.4 -12.1 -6.38 2.395 3.149 15.02 15.08 3.625 4.670 4.374 5.586 9.674 5.187 5.265 4.984 4.334 10.09 9.295 8.554 8.504 6.391 6.532 6.441 7.968 7.555 8.374 8.197 6.557 6.320 5.791 5.673 2.851 2.924 3.458 3.369 3.551 3.056 3.780 3.868 3.884 -4.57 -4.85 -5.08 -4.07 -4.30 -3.68 -3.50 -2.79 -2.85 -3.74 -3.66 -3.69 -3.87 -3.34 -4.83 -5.29 -6.32 -6.32 -6.36 
-110. -38.2 -23.1 -20.9 -17.8 -11.9 -6.41 -10.7 -9.01 -8.30 -6.05 1.014 0.055 3.933 9.198 4.915 1.082 0.553 0.013 -1.02 -0.37 1.372 2.146 6.654 8.519 8.482 5.067 5.220 4.676 4.227 0.759 2.320 2.879 3.415 1.391 1.131 3.146 2.744 2.652 1.875 1.993 2.441 1.930 2.000 0.678 0.735 0.861 1.785 1.555 1.301 1.277 1.401 1.518 1.592 0.004 0.036 -0.27 -0.26 0.141 -0.17 
10.49 -8.88 6.977 -29.8 -22.9 -13.0 -12.6 -7.41 -7.61 -9.23 -7.85 -4.34 -4.18 -5.74 -5.26 -4.66 -3.80 -3.38 -5.45 -6.46 -6.13 -6.02 -6.80 -5.89 -5.14 -5.67 -6.02 -5.90 -5.82 -4.98 -3.48 -3.30 -3.69 -7.09 -8.76 -8.97 -8.80 -8.51 -4.91 -5.07 -2.86 -2.28 -2.46 -2.08 -1.99 -1.96 -4.42 -4.97 -5.12 -4.93 -5.87 -5.38 -5.09 -3.55 -3.25 -3.20 -2.73 -2.72 -2.49 -2.68 
-14.5 -10.0 -6.68 -5.26 -1.50 -1.93 -7.07 -9.65 -7.75 -4.47 -1.95 -6.34 -2.44 0.999 0.386 -0.20 0.623 0.845 -1.15 -0.91 2.293 2.096 5.943 6.048 8.628 7.819 8.344 9.016 8.689 5.132 4.946 2.313 3.546 0.014 0.021 -0.07 2.563 4.001 3.337 3.036 3.190 2.620 2.543 3.886 7.410 6.741 7.125 6.539 6.104 5.620 5.261 5.253 4.814 4.945 4.819 4.803 4.686 4.038 3.519 4.139 
31.31 27.14 14.30 51.87 39.59 21.52 16.62 11.74 4.540 4.143 8.469 9.832 9.088 9.339 8.941 8.112 4.871 9.907 10.59 10.08 10.65 15.43 12.89 13.16 12.37 11.48 11.81 11.21 12.18 11.68 10.72 9.657 9.051 8.659 8.166 6.943 6.289 3.920 2.373 2.286 2.223 1.576 1.783 3.195 3.121 3.281 2.655 2.685 2.721 2.425 3.118 2.432 3.125 3.069 3.003 3.023 3.033 3.053 3.397 3.026 
4.750 4.994 -11.3 -11.1 0.592 -2.22 -21.7 -19.7 -15.5 -19.0 -20.8 -19.9 -17.7 -16.7 -7.43 -7.64 -8.55 -3.27 -8.28 -14.2 -12.9 -12.2 -11.2 -11.7 -11.0 -11.7 -11.2 -10.8 -9.22 -10.4 -9.19 -4.18 -4.53 -7.08 -7.06 -5.69 -5.25 -5.04 -6.45 -6.75 -6.75 -8.00 -8.62 -8.44 -8.55 -8.65 -7.91 -7.16 -7.46 -7.59 -7.35 -7.25 -7.79 -7.47 -7.40 -8.06 -8.32 -7.91 -7.88 -7.49 
1.157 -10.7 -3.35 -9.66 -6.03 -22.6 -22.8 -20.3 -19.2 -18.2 -16.2 -15.5 -12.5 -8.59 -5.22 -3.01 -4.04 -3.59 -2.08 0.899 2.796 2.935 1.557 -1.71 -2.26 -2.39 -1.94 -2.81 -2.50 -1.19 -0.65 -0.72 -0.31 -1.60 -1.70 -1.24 -0.60 -0.45 -0.05 -0.07 0.054 -1.79 -1.87 -1.82 -1.78 -2.05 -1.59 -2.86 -2.63 -1.88 -1.34 2.108 1.231 1.081 1.060 1.004 1.219 0.347 0.053 0.204 
-11.8 -52.1 -28.8 -20.3 -16.5 -14.9 -13.9 -6.07 -8.26 -5.02 -4.80 -5.72 -9.43 -4.78 -12.2 -11.7 -14.1 -13.6 -11.4 -7.66 -7.97 -7.36 -7.21 -6.59 -5.48 -5.30 -5.40 -5.70 -5.28 -4.66 -4.03 -4.52 -5.72 -4.33 -6.32 -6.71 -8.84 -8.83 -8.51 -8.28 -7.13 -10.8 -11.1 -10.7 -10.6 -10.5 -12.0 -11.9 -11.9 -11.7 -11.5 -11.5 -11.5 -11.1 -6.54 -4.38 -4.69 -4.18 -4.21 -4.56 
35.65 8.916 14.71 10.54 10.27 6.473 16.89 12.14 18.37 20.37 16.01 11.25 10.76 6.033 5.593 4.289 2.406 2.473 3.768 3.762 2.976 4.146 4.881 5.890 4.742 4.726 5.012 4.657 -8.70 -9.09 -11.8 -11.2 -10.9 -10.5 -10.8 -11.1 -11.5 -11.2 -11.0 -11.0 -9.79 -8.98 -7.24 -6.97 -6.89 -6.82 -6.49 -6.48 -6.33 -6.11 -6.98 -7.05 -7.33 -7.19 -7.05 -6.81 -11.0 -11.2 -11.6 -11.3 
10.24 27.04 16.15 13.83 11.07 2.828 4.033 -0.55 -0.47 2.043 -1.69 -3.47 -1.93 -2.92 -2.62 -7.24 -3.89 -4.31 -3.35 -4.32 -4.07 -3.82 -3.89 -3.37 -2.16 -1.04 0.841 0.626 1.615 -1.34 -2.95 -6.38 -5.56 -5.48 -5.08 -4.97 0.042 -0.58 -0.63 -0.68 -5.28 -5.16 -4.18 -2.55 -2.33 -2.04 -1.99 -1.76 -0.24 0.161 -0.11 -0.03 -0.66 -1.67 -1.88 -1.57 -0.72 -0.41 -0.22 -1.57 
19.14 157.9 102.0 79.70 60.74 52.26 43.80 38.83 38.43 35.95 34.33 31.49 28.14 26.13 22.89 21.54 19.16 16.34 17.42 17.75 16.61 15.98 13.33 14.49 13.73 13.13 10.76 10.91 10.66 9.083 6.970 10.39 9.824 11.02 11.07 10.88 10.94 9.627 7.000 7.091 6.907 3.780 3.584 3.157 3.654 3.743 3.378 3.890 3.364 2.912 2.887 2.966 2.920 2.182 2.409 2.863 2.790 2.919 2.625 2.667 
-85.1 -42.3 -43.7 -33.6 -25.2 -19.7 -24.8 -16.9 -3.75 -1.56 0.066 -0.19 1.657 0.414 0.379 0.198 -0.45 0.120 -0.55 -0.68 0.927 0.847 1.163 3.897 3.900 4.086 1.812 1.351 0.960 2.684 1.342 1.223 0.869 1.459 1.807 4.957 5.398 5.328 4.283 4.946 3.531 3.641 4.132 4.217 4.598 5.229 4.602 4.435 4.193 3.654 3.774 5.643 6.902 6.482 6.062 5.883 6.144 6.010 7.553 6.982 
216.4 104.8 55.45 39.05 30.84 25.51 21.77 27.92 40.15 35.53 35.36 33.80 31.60 33.27 30.61 31.75 29.88 28.69 27.49 27.28 25.31 26.11 24.89 22.67 21.92 21.19 16.70 15.49 14.55 14.46 15.21 17.12 16.88 16.27 16.70 16.05 15.78 15.83 16.66 15.67 15.86 15.58 15.98 15.43 16.06 15.06 14.36 15.58 15.25 15.73 16.41 16.26 15.82 15.54 15.22 14.19 13.14 13.53 13.23 12.23 
39.86 41.96 28.95 8.416 1.217 -3.42 -2.86 15.57 13.50 9.875 8.012 9.122 8.322 7.828 5.223 5.453 4.935 5.369 8.644 8.216 7.028 8.225 7.702 4.761 3.757 1.570 2.445 2.346 0.687 2.622 2.547 1.962 2.080 1.176 1.124 0.045 0.091 -0.10 -2.99 -2.51 -2.67 -3.17 -3.52 -4.34 -5.64 -5.99 -6.80 -7.05 -6.95 -6.37 -10.8 -10.2 -10.1 -9.69 -9.52 -9.36 -10.4 -10.9 -10.5 -10.4 
-156. -79.3 -59.7 -42.2 -15.2 -11.3 -5.47 -0.21 11.47 10.64 13.24 15.80 18.75 15.21 19.73 11.40 10.41 10.42 13.81 13.42 12.64 11.96 11.48 11.36 10.28 11.05 9.235 8.859 8.245 7.977 8.312 6.568 13.08 12.94 12.06 11.03 10.93 10.85 9.959 8.598 8.370 9.006 8.831 8.751 7.632 8.417 8.106 8.160 8.213 8.002 8.994 8.800 8.276 6.612 6.216 5.962 5.912 5.788 5.440 5.570 
-1.86 -42.2 -21.8 -23.1 -24.9 -20.2 -2.68 -3.37 -8.01 -6.75 -7.42 -6.01 -3.18 -2.95 -3.89 -6.38 -7.05 -6.62 -6.55 -4.13 -0.33 -1.27 -1.36 3.680 4.748 1.153 1.909 2.196 0.978 2.081 1.984 1.991 1.824 -0.97 -1.11 -0.87 -0.90 1.245 1.982 1.969 1.910 1.868 6.538 6.449 6.141 6.145 6.241 4.467 4.454 4.828 5.484 5.144 5.491 4.757 4.336 4.622 4.055 3.249 5.976 4.466 
-55.8 -23.9 -47.1 -22.3 -38.0 -26.3 -19.0 -14.8 -10.6 -9.03 -6.31 -2.31 -1.48 -1.72 -2.03 -2.39 -1.10 -2.40 -2.45 -2.69 -3.79 -4.62 -5.79 -5.84 -5.76 -4.28 -4.21 -3.86 -4.75 -3.24 -3.00 -3.00 -2.18 -1.80 -1.39 -1.75 -2.93 -2.42 -2.37 -3.29 -3.08 -3.15 -2.49 -2.45 -2.31 -1.85 -2.39 -2.33 -3.09 -2.16 -1.94 -1.03 -0.71 -1.20 -1.15 0.547 0.390 -0.10 0.393 0.062 
-47.9 -4.36 0.827 12.59 6.269 5.545 2.074 1.173 -0.49 0.177 -0.10 0.183 4.031 4.425 2.044 2.382 5.572 5.014 4.492 4.330 10.39 8.292 10.24 9.806 8.934 12.12 11.71 10.60 10.60 10.73 10.42 10.67 10.50 11.67 10.37 11.47 10.00 9.616 8.355 7.788 6.024 7.852 8.238 8.499 8.427 8.051 8.060 7.819 7.367 8.089 9.032 8.903 10.72 10.53 11.33 10.79 10.55 10.83 10.84 10.61 
0.757 -24.8 -16.2 14.56 1.244 0.241 2.964 -0.70 1.871 4.290 3.863 5.040 4.325 3.916 4.700 3.054 3.220 2.291 2.927 2.786 4.257 4.272 2.212 2.089 0.856 1.732 0.093 -0.75 -0.72 0.618 -2.67 -2.67 -7.77 -5.43 -5.46 -5.24 -4.61 -5.16 -5.33 -4.72 -4.24 -3.77 -3.71 -3.35 -3.04 -2.83 -2.69 -3.93 -2.46 -3.25 -2.45 -2.39 -2.12 -0.36 -0.36 -0.51 -0.47 0.169 0.538 0.891 
-0.59 -0.89 4.336 24.68 23.21 14.48 13.57 11.58 11.30 9.267 8.615 7.448 -0.31 4.272 1.616 1.939 -3.78 -3.56 -3.30 -1.55 -1.20 -0.88 -7.20 -9.17 -8.95 -7.86 -7.40 -6.88 -5.54 -5.01 -5.30 -5.54 -6.94 -6.69 -6.77 -6.64 -7.04 -6.69 -6.46 -5.36 -5.15 -5.77 -3.18 -3.10 -2.95 -3.31 -4.21 -4.58 -4.56 -6.58 -5.81 -2.48 -2.20 -2.96 -3.14 -3.37 -2.59 -2.94 -3.31 -3.27 
-1.05 42.29 11.37 10.11 9.794 8.724 7.473 12.15 10.94 9.651 10.22 10.83 9.927 11.28 11.49 11.07 9.500 7.068 2.302 2.248 1.298 0.401 0.237 -0.39 -0.77 1.032 0.650 2.431 3.383 1.839 1.729 1.703 3.641 6.115 5.412 6.952 7.478 8.056 5.370 5.164 5.074 5.076 4.813 4.780 5.337 4.964 5.325 4.649 4.607 5.053 5.257 5.200 4.340 4.403 4.126 3.971 3.794 4.378 4.497 4.279 
3.123 1.707 13.23 8.203 6.695 3.960 3.251 3.256 4.588 4.789 4.389 5.710 5.128 2.870 2.785 3.317 1.862 3.092 2.729 2.417 -5.73 -6.95 -5.64 -6.44 -5.68 -6.68 -7.95 -6.98 -6.95 -6.78 -6.68 -6.64 -6.02 -6.93 -6.31 -5.44 -4.75 -4.21 -4.22 -3.31 -3.26 -3.37 -4.85 -4.72 -6.17 -7.52 -7.33 -7.22 -7.83 -8.29 -7.40 -7.49 -8.62 -7.98 -7.89 -7.54 -7.75 -7.34 -7.41 -7.82 
-10.2 -13.2 -7.62 -1.07 -3.74 -3.11 -1.16 -3.25 -7.59 -7.53 -6.87 -12.7 -11.7 -12.0 -10.7 -10.0 -9.60 -8.63 -7.98 -9.01 -12.9 -10.8 -10.9 -9.27 -8.96 -8.36 -5.41 -6.14 -8.05 -7.75 -7.25 -5.94 -5.54 -9.96 -10.6 -11.6 -11.8 -11.6 -10.1 -10.5 -7.42 -6.95 -7.02 -6.90 -6.89 -6.41 -6.50 -6.69 -6.89 -6.92 -6.98 -6.28 -6.25 -6.09 -3.26 -3.29 -2.94 -4.46 -2.51 -3.09 
22.80 23.82 8.076 -14.2 -13.9 -12.3 -6.74 -7.29 -6.02 -5.43 -2.86 -2.20 -1.47 -2.46 -5.68 -6.04 -5.72 -5.93 -6.07 -4.61 -4.35 -4.24 -3.34 -3.23 -1.46 -1.32 -1.90 -0.62 -0.53 -0.83 -0.50 -1.08 -0.48 3.877 4.329 5.040 2.717 2.820 2.837 2.446 2.263 2.256 1.760 2.760 2.796 2.420 2.906 2.813 3.264 3.255 2.949 1.244 1.733 2.147 2.056 2.913 2.068 1.855 3.033 2.998 
-33.7 -6.43 -5.88 -22.5 -22.5 -18.6 -10.8 -1.87 -0.25 -1.17 1.082 3.974 2.740 2.706 1.608 0.296 0.149 2.930 2.077 2.662 3.338 3.301 3.053 3.161 3.003 3.041 -0.17 -0.32 0.415 -0.66 -0.44 -3.32 -2.82 -4.55 -4.32 -3.15 -3.30 -3.24 0.486 0.441 1.343 1.186 0.715 0.721 1.056 0.988 2.156 2.138 1.937 2.771 2.511 3.045 3.117 3.966 4.487 4.170 3.468 4.116 3.972 4.289 
0.204 -13.9 -1.29 -2.00 16.18 11.50 7.485 -5.19 -9.00 -7.21 -6.88 -7.02 -10.6 -11.4 -8.46 -8.15 -6.64 -6.06 -9.45 -9.28 -3.24 1.167 -1.69 -1.01 -1.51 -0.01 -0.13 0.082 -0.60 -0.41 -1.42 -1.34 -1.12 -0.68 -0.65 -1.04 -1.16 -0.56 0.165 0.993 0.942 -0.18 0.277 0.089 -0.00 0.128 0.008 0.024 -0.16 -1.05 -2.68 -2.55 -0.42 0.237 0.106 -0.29 -0.66 -0.66 -1.00 -0.88 
-29.7 -15.3 -4.94 6.119 6.438 18.17 16.07 19.66 15.75 6.298 7.912 7.339 5.284 4.434 4.705 -0.51 -0.47 -0.10 -0.73 -2.48 -3.10 -4.13 -4.75 -4.83 -6.12 -6.05 -6.49 -6.45 -6.94 -6.69 -6.63 -7.34 -8.85 -8.38 -8.24 -7.86 -7.62 -7.58 -7.70 -8.30 -9.00 -8.40 -8.91 -8.77 -8.73 -6.83 -6.79 -7.77 -7.00 -6.89 -6.72 -6.53 -6.98 -6.76 -6.44 -6.51 -7.68 -7.55 -7.27 -6.79 
-1.87 -26.2 -15.4 -21.8 -17.7 -25.1 -20.0 -22.6 -19.8 -16.9 -11.5 -12.0 -13.7 -13.8 -12.9 -12.0 -12.8 -17.9 -16.4 -15.6 -15.5 -13.9 -14.7 -16.9 -16.4 -19.0 -18.6 -18.8 -20.3 -18.8 -16.6 -15.0 -14.8 -13.6 -12.9 -12.4 -11.7 -11.6 -11.4 -10.1 -10.7 -10.4 -11.7 -9.38 -9.06 -8.89 -8.10 -7.99 -10.2 -10.4 -9.94 -9.66 -9.52 -8.15 -8.01 -8.15 -8.25 -7.95 -8.26 -8.12 
-49.7 -39.4 -15.1 -12.3 -1.39 -1.55 -7.62 -6.91 -12.6 -12.2 -9.38 -20.9 -19.0 -15.8 -13.8 -12.5 -11.9 -11.2 -10.8 -14.0 -13.5 -12.6 -14.0 -13.2 -12.6 -12.2 -11.8 -13.0 -12.0 -13.4 -12.7 -11.3 -11.6 -11.0 -10.8 -10.4 -10.7 -10.4 -9.99 -9.56 -9.49 -9.23 -8.79 -7.80 -7.63 -7.43 -7.14 -7.61 -6.01 -6.02 -6.80 -6.66 -6.23 -6.18 -6.09 -6.13 -5.33 -3.26 -3.21 -3.41 
-68.2 -33.7 -23.8 -32.7 -32.3 -31.7 -24.1 -20.3 -19.6 -18.0 -17.6 -21.4 -19.4 -20.7 -18.8 -18.8 -16.9 -16.6 -17.5 -16.7 -15.3 -13.2 -12.4 -11.9 -11.4 -10.9 -11.3 -11.0 -9.69 -9.95 -7.03 -6.38 -6.16 -4.80 -5.00 -3.92 -3.10 -3.64 -3.89 -4.14 -4.45 -4.38 -4.21 -3.56 -1.16 -1.76 -1.23 -0.93 -0.61 -0.60 -0.41 -0.27 -0.50 -0.98 -0.86 -0.44 -0.68 -0.61 -0.56 -0.48 
12.67 18.94 47.59 53.72 49.58 41.32 43.10 36.98 34.03 30.31 28.44 26.49 23.91 22.02 11.51 13.57 12.82 16.51 17.46 17.46 16.07 14.03 12.33 11.54 8.370 9.187 8.320 5.592 4.722 7.687 7.483 7.413 8.987 8.202 7.818 8.834 8.147 8.614 6.194 6.067 7.453 7.211 6.341 5.861 5.743 6.588 7.048 6.887 8.386 8.842 9.320 9.323 9.062 9.510 9.582 8.287 8.124 7.942 8.072 7.524 
-1.61 0.946 -2.18 3.622 9.036 10.01 6.147 9.162 5.657 3.610 2.780 1.996 4.261 13.50 11.05 10.58 10.08 11.88 12.06 8.660 8.456 7.112 8.609 9.815 8.969 8.688 8.468 7.136 8.551 8.480 8.552 6.822 7.555 5.908 6.093 4.397 3.802 3.742 2.879 3.077 5.495 4.557 4.613 6.202 6.075 5.781 5.653 5.763 4.402 4.484 4.396 5.402 4.911 5.093 4.944 4.870 4.767 3.313 4.243 3.445 
5.385 -0.18 11.24 5.445 8.848 8.039 9.134 9.262 1.065 -0.00 -2.98 -2.29 -0.51 -0.52 -1.01 0.402 0.308 0.448 0.584 -2.93 -1.09 -1.69 -1.64 -5.19 -4.60 -4.41 -5.27 -5.08 -4.75 -3.83 -2.15 4.217 3.886 3.442 2.916 2.854 1.992 2.616 1.581 2.956 3.635 3.478 3.605 3.663 3.672 3.070 3.058 3.459 2.260 1.582 2.754 2.384 3.774 2.796 2.544 1.980 2.447 1.745 3.021 3.104 
-24.0 -12.4 -12.1 13.37 10.63 9.493 22.76 17.32 1.557 -3.02 -4.20 -1.22 -0.96 -1.04 -2.35 -4.35 -12.9 -12.6 -12.0 -8.35 -8.82 -8.17 -7.24 -7.22 -6.59 -9.12 -7.92 -7.04 -7.68 -7.30 -7.36 -7.44 -7.53 -7.44 -7.12 -5.43 -5.58 -5.03 -4.17 -3.04 -3.00 -1.72 0.467 0.739 0.613 3.475 3.405 3.170 3.151 3.257 3.189 3.255 3.357 3.958 4.026 3.987 4.168 4.122 3.942 3.582 
27.34 17.59 19.40 -2.25 -1.63 -20.2 -16.8 -15.4 -13.5 -13.9 -12.6 -10.9 -12.2 -11.4 0.816 1.397 0.147 0.748 -3.24 -3.33 -3.67 -3.76 -2.99 -2.64 -2.27 -2.55 -2.16 -2.01 -0.25 -2.40 -2.56 -2.96 -3.21 -2.79 -3.97 -4.24 -4.22 -2.08 -1.58 -1.49 -1.46 -1.52 -1.52 -1.54 -1.53 -1.76 -1.71 -1.88 -3.41 -2.58 -0.80 -0.24 0.936 0.540 -0.92 1.779 1.772 0.745 0.915 1.294 
-30.4 -11.4 -8.16 -5.82 -8.17 -3.69 -1.14 -4.29 -2.82 -1.81 -1.91 -0.68 0.652 1.360 1.186 1.971 1.602 1.255 2.173 1.641 1.431 1.438 1.877 7.577 7.340 6.313 6.825 6.392 5.064 5.500 5.101 4.745 4.448 3.298 3.973 3.206 3.019 3.080 5.470 4.888 4.900 3.496 4.230 2.783 2.608 2.222 2.539 1.462 1.247 1.202 1.419 1.559 1.550 2.677 2.774 2.215 2.187 2.061 1.393 1.708 
0.788 -4.26 -1.94 -1.91 -1.42 -0.38 -0.52 -0.81 -4.47 -5.35 -0.34 -0.28 -1.24 -2.02 -1.63 -1.25 0.606 -0.67 -1.17 -1.02 -0.75 -1.95 -0.23 0.244 0.300 -0.70 -0.87 -2.11 -2.44 -3.55 -5.53 -4.82 -4.77 -5.11 -4.47 -5.19 -5.40 -5.29 -4.67 -3.21 -8.79 -8.40 -8.38 -8.30 -8.11 -7.72 -6.63 -6.53 -7.58 -7.94 -7.60 -9.94 -9.70 -9.22 -9.15 -9.01 -8.86 -9.25 -10.7 -10.8 
-1.38 59.72 31.71 24.03 18.43 15.25 14.19 7.605 7.845 7.346 5.373 12.92 17.27 14.69 14.78 15.47 12.22 11.66 11.46 11.22 8.130 7.823 6.855 6.818 7.035 6.564 6.117 3.754 4.604 4.865 5.373 11.68 10.74 10.32 9.882 8.696 10.25 11.96 11.78 11.06 10.00 12.10 6.630 6.711 6.650 6.171 6.446 4.986 6.145 6.655 6.030 7.053 6.947 6.796 6.633 5.524 5.603 5.950 5.805 6.065 
29.25 15.10 17.59 26.01 16.30 22.39 23.52 20.34 17.87 16.11 10.57 9.113 14.05 13.66 11.69 14.33 14.65 9.247 1.180 1.498 0.289 0.307 0.250 0.647 -0.86 -0.79 -0.23 -1.42 -1.23 0.405 0.509 0.327 1.179 0.859 0.624 1.340 1.372 -1.35 -0.83 -2.68 -2.69 -2.86 -2.59 -2.54 -2.62 -3.77 -3.52 -4.90 -4.65 -4.51 -3.18 -3.64 -3.57 -3.56 -3.62 -5.48 -6.25 -8.07 -7.73 -7.67 
-7.85 -3.81 -18.4 -13.6 -0.90 -0.42 3.804 10.78 15.01 12.39 10.99 9.013 11.18 12.05 11.37 11.42 8.455 4.759 5.631 5.923 7.133 7.065 6.516 6.336 5.779 5.001 4.777 2.556 4.454 4.656 4.506 4.265 4.280 2.576 4.448 4.274 6.057 6.105 4.770 5.081 5.015 5.261 2.408 2.102 2.139 2.681 2.632 2.726 2.712 3.361 2.128 2.585 2.381 2.355 2.116 2.278 2.212 3.495 6.419 6.465 
45.19 23.24 14.20 13.18 14.26 11.52 14.76 15.25 22.59 15.23 10.80 8.955 8.334 0.883 1.704 1.207 0.917 10.75 6.401 6.730 6.049 6.473 6.331 5.896 6.709 5.367 5.844 2.221 4.230 4.098 3.822 3.785 3.491 3.927 0.551 0.769 0.660 -0.93 -1.10 -1.10 -1.72 -1.64 -1.62 -1.32 0.593 -0.04 0.435 0.814 1.161 0.119 0.366 -1.02 -1.36 -0.83 -1.01 -1.50 -0.14 -1.40 -1.45 -1.50 
0.187 15.38 54.83 38.97 30.81 27.26 18.65 14.92 13.99 14.83 12.03 20.33 18.66 18.28 16.20 13.12 12.03 11.17 11.59 12.13 10.89 9.959 9.078 8.220 8.123 7.198 6.316 6.254 7.381 7.846 7.765 7.553 10.73 10.44 12.14 10.85 10.57 9.736 9.563 10.30 10.11 9.567 9.571 9.446 9.804 9.958 9.889 9.839 9.665 9.829 10.21 9.579 9.562 9.390 9.081 8.480 8.500 7.071 8.538 8.292 
-57.4 -26.4 -20.6 -11.5 1.631 0.759 1.637 -1.27 -1.20 -21.2 -20.7 -18.5 -17.7 -15.2 -13.9 -12.7 -13.4 -11.4 -10.0 -9.85 -9.62 -9.37 -5.04 -4.97 -4.54 -4.37 -5.15 -4.20 -3.54 -3.11 -2.76 -2.72 -2.22 -1.78 -1.73 -1.65 -1.52 -1.00 -0.81 0.958 1.703 3.287 0.422 0.348 -0.34 -1.05 0.370 1.097 -0.88 -0.86 -0.76 -0.27 -3.09 -3.61 -2.83 -2.83 -1.87 -1.87 -1.68 -1.63 
24.16 44.42 19.63 13.74 18.37 15.76 14.25 21.38 18.72 15.38 13.56 12.37 14.37 13.35 12.43 14.45 17.53 16.76 15.91 14.92 14.97 14.58 14.37 13.92 14.01 13.24 13.15 13.11 18.44 17.82 18.46 21.62 21.76 21.44 18.25 17.18 16.26 16.58 16.29 15.10 14.70 14.76 11.90 11.85 11.78 11.43 11.20 10.28 9.927 9.991 10.94 12.16 11.92 11.84 11.38 11.17 10.98 10.98 10.81 9.446 
-17.6 -11.4 -4.08 -3.30 0.333 -1.29 3.095 -4.24 -3.88 -4.15 -5.12 -4.20 -5.11 -0.83 -1.43 -1.49 0.658 2.588 2.309 2.490 1.119 1.733 1.137 1.524 0.848 1.346 2.248 0.762 0.512 2.095 2.058 3.614 3.867 2.825 1.513 1.424 1.333 0.893 3.151 3.495 4.697 5.029 4.842 4.797 4.821 4.726 3.960 3.679 2.624 2.294 5.106 4.952 5.935 5.452 5.788 5.692 5.581 5.709 4.720 5.689 
30.25 -5.36 -1.14 -10.3 -18.2 -16.3 -19.3 -26.9 -23.7 -16.5 -16.9 -15.9 -14.5 -13.7 -13.1 -12.1 -11.3 -10.1 -11.2 -11.2 -10.8 -10.9 -12.4 -11.9 -11.1 -10.3 -9.97 -9.26 -8.72 -0.47 -0.30 -0.41 -0.84 -0.92 -3.40 -5.15 -4.62 -4.69 -2.66 -0.72 -3.40 -2.41 -2.94 -1.56 -1.96 -1.59 -1.67 -1.86 -3.01 -2.38 -2.58 -2.64 -2.80 -2.87 -2.82 -3.06 -3.27 -3.09 -3.39 -1.88 
5.233 19.98 15.80 10.84 3.502 3.274 10.43 7.181 -4.25 2.955 3.006 2.864 0.499 0.381 0.083 2.530 1.469 -3.59 -6.78 -2.10 -2.23 -3.86 -9.69 -9.04 -8.39 -7.93 -7.51 -7.89 -7.52 -8.95 -10.1 -10.0 -8.77 -8.46 -7.18 -6.97 -5.16 -5.95 -5.83 -7.38 -7.41 -7.16 -7.03 -6.86 -7.03 -6.25 -5.87 -5.71 -4.59 -6.44 -7.68 -7.47 -7.30 -7.39 -7.83 -8.33 -7.18 -7.11 -5.43 -5.15 
-13.0 -11.4 -9.16 -4.76 -7.51 -7.54 -7.80 -9.01 -6.46 5.708 4.574 5.246 2.565 1.902 1.089 1.013 1.327 1.247 1.494 1.784 1.685 1.538 -2.05 -2.60 -3.27 -4.60 -4.28 -4.41 -4.16 -5.25 -4.01 -6.32 -5.91 -5.67 -6.63 -5.22 -4.19 -4.05 -3.88 -3.60 -4.03 -4.58 -2.95 -1.67 -1.50 -2.39 -2.88 -2.86 -2.88 -2.65 0.743 0.336 -0.17 -0.17 -0.24 -0.30 -0.25 0.650 0.636 0.651 
-1.75 -10.5 -8.78 -7.47 -8.16 -14.4 -22.4 -18.4 -11.0 -8.93 -8.90 -11.6 -11.5 -10.0 -9.42 -9.39 -8.30 -6.98 -6.44 -6.16 -10.2 -9.93 -9.33 -9.02 -7.67 -7.39 -7.79 -7.27 -7.32 -6.13 -5.97 -5.95 -10.1 -8.15 -8.03 -7.54 -7.71 -7.94 -7.75 -7.30 -6.18 -6.66 -6.23 -6.20 -6.05 -5.76 -6.99 -6.75 -6.59 -6.23 -7.10 -6.47 -5.34 -5.27 -5.11 -6.07 -6.06 -6.04 -5.22 -4.34 
12.69 15.62 8.529 -2.47 -1.66 0.189 5.794 6.442 9.385 6.965 4.836 4.114 0.594 4.090 4.109 1.204 3.905 4.078 3.763 0.712 0.855 -0.23 -1.08 2.040 2.090 0.203 0.256 0.801 1.765 0.252 0.888 -1.14 -0.52 -0.48 -0.48 0.124 1.193 2.061 1.649 0.752 -0.31 0.117 -0.38 0.297 0.397 2.294 2.367 2.284 2.279 3.000 3.116 3.534 3.600 3.591 3.609 3.292 3.768 3.483 2.958 4.225 
-20.1 -7.25 29.49 19.34 11.55 9.656 9.346 11.38 10.14 8.655 7.750 7.265 8.418 7.118 4.975 3.618 3.277 2.338 7.370 4.189 3.930 3.234 2.317 2.634 4.676 4.371 6.609 6.368 5.805 6.699 6.186 3.690 4.563 4.334 3.879 3.486 3.201 4.327 4.183 7.278 6.762 4.352 3.879 3.097 2.629 2.183 4.154 4.350 6.107 5.855 7.033 7.056 6.382 6.427 6.262 5.850 6.368 8.740 8.713 9.200 
-10.5 22.12 2.198 -2.46 6.125 5.319 2.919 2.574 3.563 13.41 14.08 12.23 13.06 10.14 8.577 6.901 6.897 5.075 5.691 4.947 5.163 4.442 5.256 4.003 3.857 4.744 5.229 3.162 3.124 2.893 1.743 1.179 1.165 -1.49 -1.12 -0.57 -1.64 -1.41 -1.26 0.951 1.108 1.831 1.611 2.367 2.770 2.739 4.241 4.307 3.854 3.882 3.876 3.856 3.950 3.888 3.734 3.449 3.110 3.084 2.653 2.566 
3.264 4.378 5.957 47.92 37.59 32.37 27.43 24.96 19.73 20.63 19.50 16.56 11.60 11.01 14.19 13.55 12.98 12.18 11.38 10.76 8.576 7.343 7.162 5.486 7.400 8.179 7.331 6.202 4.916 4.910 2.384 2.896 2.827 2.760 4.873 4.159 4.110 4.349 3.671 3.606 3.201 1.814 1.754 1.637 1.628 1.864 1.560 2.153 2.144 1.996 1.491 1.400 1.460 1.527 2.675 3.708 3.877 3.820 4.039 4.059 
59.75 9.247 4.938 3.573 6.990 6.265 7.491 4.670 -3.54 -6.54 -5.94 -5.54 -4.87 0.627 0.857 -0.31 -1.74 -1.46 -1.83 0.687 3.393 2.071 2.434 -0.02 -0.77 -0.09 -0.36 -2.72 -2.81 -1.65 -1.83 -1.55 -1.54 -2.34 -1.99 -2.42 -2.81 -1.77 -1.69 -0.95 -1.16 -1.25 -1.76 -1.65 -0.93 1.712 2.214 1.702 3.638 3.553 2.773 2.821 1.713 1.766 2.178 2.893 2.835 2.397 2.494 3.095 
33.32 11.33 -0.24 -14.1 -11.5 -10.9 -9.47 -8.01 -7.38 -4.73 -2.82 -3.23 -3.39 -3.61 -1.11 -0.04 -0.33 -1.21 -0.81 -0.66 -1.22 -1.52 -1.95 -0.46 0.360 1.017 0.898 2.986 4.206 6.885 5.533 6.255 6.266 5.864 5.739 5.800 6.635 7.822 7.625 7.183 6.705 6.530 6.047 5.625 5.322 5.612 5.003 3.224 3.451 3.542 2.800 2.524 3.451 3.467 2.369 1.918 1.523 1.704 1.275 2.124 
