411.151042
633.554565
405.826344
718.481547
413.749059
690.009895
412.214441
711.535112
417.736590
550.265976
413.128289
697.738942
410.446672
610.990353
411.589041
591.597772
418.067914
699.417326
421.352353
662.863173
420.173678
679.804947
420.344463
572.730915
418.969844
618.689821
412.688746
588.550486
421.087407
650.894422
415.536056
599.077840
417.804014
581.383733
417.654451
604.769892
413.710200
694.157651
418.407661
684.499999
416.347083
576.900952
422.217592
667.060479
423.222281
561.952956
416.163019
746.803838
413.125670
676.312115
417.505758
521.577640
421.691952
562.677922
413.454911
612.391595
419.606108
606.040391
415.654872
609.195302
422.494586
692.318352
412.118470
647.727396
415.922025
561.161904
415.574418
757.018264
415.786913
558.497521
418.291488
510.812894
419.611912
569.101193
418.297174
619.927264
419.957101
578.836965
413.434288
708.531143
412.873995
595.269243
415.803470
720.748143
418.623379
589.477105
418.100917
580.331795
428.134686
591.533113
420.094438
658.457798
419.445981
666.986498
415.868493
569.869613
415.386613
576.172501
417.624542
655.321791
421.846374
733.039652
418.390419
615.306758
423.540350
608.778094
424.930740
769.917244
414.800313
629.790508
428.824186
635.791194
418.439048
669.253147
414.329320
640.842342
421.471005
588.754324
414.253690
673.921346
417.070336
565.985001
417.191080
652.510410
423.955372
654.391672
421.441088
617.444303
416.321324
650.952082
416.186733
697.860482
433.665085
559.219693
413.054774
647.486382
429.594648
695.157493
421.928757
639.049557
422.003645
685.999353
433.292037
686.662800
415.550815
634.345404
421.497048
595.090556
428.114713
644.661594
423.416640
582.889394
421.113393
621.098121
419.912762
584.207623
412.227630
647.684434
416.938286
528.612591
422.064732
661.995717
422.198563
592.961410
424.111619
693.233680
413.284083
626.275256
420.658410
492.687362
416.122465
581.319482
415.720291
594.542295
423.686217
640.884531
427.377788
579.546550
422.166356
599.772169
427.253914
614.563326
421.018171
660.299892
417.161844
627.299539
422.050015
582.648784
419.226616
648.053212
423.616671
519.770573
419.505704
617.339486
428.218520
604.651329
421.393687
615.991444
414.878514
587.185436
421.434116
618.274003
419.342835
653.106681
416.613784
595.959693
424.904821
597.682925
424.810717
611.192531
420.013087
597.067430
433.591898
661.812725
416.014381
598.971898
423.792597
675.275852
416.989838
585.865555
421.783851
651.455727
435.059321
635.507394
425.220184
698.568344
422.886810
633.376609
435.826200
643.056995
422.046578
685.591010
417.425836
603.082349
418.078837
554.104886
419.329908
580.561331
423.611877
704.352883
419.059140
603.920558
426.207187
613.742865
416.850252
590.890066
434.540200
587.278325
425.539755
616.711207
421.696590
720.926088
422.430686
673.412199
418.417139
656.530696
423.470288
556.066675
431.077058
602.095361
430.594238
527.001282
424.050412
571.491105
413.239180
608.588253
414.905261
612.547319
421.540495
573.334404
428.852547
616.528591
424.448510
687.950985
424.294284
657.638512
421.759907
577.042628
421.001371
626.568246
420.223066
595.179941
421.155332
694.003695
425.063820
622.652085
416.928400
595.367144
428.069793
569.378893
429.043861
629.534434
420.894228
721.407872
423.219719
619.506625
427.148278
560.643479
415.737336
705.718153
419.791805
584.005215
431.283207
636.633521
417.446982
639.587583
428.000750
659.651812
413.687643
622.790799
417.498930
646.302504
444.088344
557.294730
416.416697
714.352068
417.143885
572.274030
440.224769
616.548757
425.328596
622.855032
424.255443
673.119104
421.847724
690.604903
433.881246
592.857734
425.701160
663.771463
426.848253
586.138334
417.783286
543.610931
423.282464
538.133764
415.125336
715.990998
420.334187
596.388995
420.102532
637.216642
418.915836
588.163508
418.344254
540.833101
428.057266
617.423698
424.956847
627.429685
421.966158
581.981744
413.361767
604.185067
423.782015
580.607107
436.284954
606.301994
418.414440
616.750665
430.902922
664.687085
420.725155
592.284361
420.049826
582.318461
423.506032
657.495230
433.575826
611.987063
425.354071
618.193177
427.275237
622.920948
439.023971
603.329106
430.511416
582.113769
415.342163
613.191102
416.754793
510.200682
423.664319
676.497846
420.469798
551.658337
423.317238
664.791145
422.468663
663.933172
422.354332
622.027966
418.899249
561.452484
418.198491
585.638056
416.126147
622.454811
422.131810
681.699139
420.528921
569.431037
435.020804
657.627513
421.473593
606.190135
424.468144
764.021829
435.586905
624.520572
423.806714
591.968252
420.654450
631.476319
439.080679
699.904618
430.940473
629.082005
427.585922
554.118939
423.870268
627.807653
425.605751
549.697378
424.370704
643.449204
426.019316
694.572462
422.386868
662.841030
424.651696
631.495181
426.127982
649.330814
427.885425
632.588086
427.186133
584.127506
424.310476
602.779363
426.440454
578.716630
432.664935
697.712649
434.604038
652.034453
423.824376
625.505068
429.120572
609.322266
430.170901
526.616960
432.813676
559.024272
433.676738
526.437666
424.737935
573.036643
429.736307
749.355588
423.239608
733.597278
430.849336
692.493421
430.585036
614.405630
428.522281
646.597786
418.556804
594.460858
430.679253
569.635637
432.004621
588.001830
428.007037
713.752887
431.479973
660.572815
426.382951
549.379043
424.363280
598.440578
445.298511
557.994975
435.483569
647.589829
425.766496
662.095692
424.990834
593.946540
435.537572
562.469139
433.103704
622.958357
425.824565
616.311667
427.439946
602.980539
434.987263
557.136821
435.011146
662.385785
445.602186
609.211954
435.093726
617.177860
424.300717
637.385899
428.111653
609.670455
430.108772
617.642304
421.360236
639.181949
429.877803
570.310715
431.453581
644.212005
429.420326
654.436411
435.219719
712.402147
427.087384
542.338863
422.422438
633.968958
426.834897
603.084555
433.425668
560.753134
428.091429
618.964989
421.518246
620.262743
424.265163
574.425394
437.594242
632.092743
423.829378
690.108503
424.641524
501.870864
436.590092
644.053274
425.024376
584.318475
427.638028
539.591573
423.686511
680.276496
438.726064
627.028110
422.311878
631.095534
422.271376
599.273722
429.379956
670.481751
437.738241
616.444412
434.420210
642.860493
426.514945
513.262644
431.907773
591.236679
432.565131
649.683114
426.463310
699.642618
430.269734
571.922517
427.012386
712.637390
435.476727
627.449531
430.446330
555.791650
428.848533
664.638090
426.849512
639.590004
432.751750
649.081851
432.130926
674.551404
432.628206
572.815108
430.888656
585.063119
428.906677
611.108967
425.241739
629.293683
429.962719
614.366213
424.099426
592.256400
427.872450
658.242298
425.368194
637.942393
427.140724
584.866174
435.652452
652.329493
427.467367
689.486270
428.364442
565.702922
424.359731
703.769380
434.363368
689.993427
426.440660
610.646139
422.424084
568.113316
430.169361
543.066947
428.916860
554.600895
421.803426
662.304096
425.662538
720.754716
419.248655
602.466848
429.700955
631.037111
428.403803
614.409349
423.490271
540.456818
433.540824
572.623820
428.594163
614.653092
427.616418
613.217017
426.504597
638.522213
422.429452
578.809155
423.909420
688.146193
420.656582
625.701743
437.721663
600.152108
445.807363
571.539945
430.092694
720.242847
423.361141
542.666678
438.025370
530.179588
429.361623
615.756419
431.104727
615.417402
430.748321
580.598359
431.543947
650.622033
445.511233
652.012576
430.176554
581.568844
440.923469
573.239920
428.891832
638.977398
431.702958
706.726256
422.340922
640.043790
434.708798
549.585682
428.384795
573.072665
432.723244
545.392181
430.528767
702.617881
428.829368
612.965691
424.201006
606.105278
431.528229
614.591640
429.866570
594.034097
426.863496
655.537397
423.092738
644.947721
431.315446
663.091754
426.380824
700.340105
425.868816
600.653691
424.254629
575.230789
427.136268
630.557278
426.175697
684.829448
436.055757
535.941216
428.050728
630.439815
429.350157
563.383234
431.099339
625.104909
429.134540
549.304449
431.040238
478.797918
427.040120
538.961657
435.032795
614.068011
423.942635
574.802228
426.481450
629.274189
433.071527
629.040381
436.602630
581.713597
427.771814
604.522054
426.467966
616.451560
436.399333
713.089888
428.021623
659.967354
426.566586
663.909090
432.561633
686.281545
426.828554
596.946677
424.363467
658.713843
426.946648
694.655776
434.027228
620.076932
434.114473
627.625470
428.137659
594.317373
428.719187
599.924386
426.786753
673.850972
434.322091
645.288136
429.969461
581.964122
425.222490
584.111396
425.483341
604.546977
432.988011
724.825726
440.664236
581.926828
422.232979
627.500830
446.123370
604.201653
428.955804
581.998973
429.094092
630.830512
434.054860
648.406200
425.930873
611.235805
418.585365
545.949175
430.798475
619.791350
427.142055
634.151254
424.392055
724.346896
430.290582
518.894571
429.813517
548.220309
423.880400
506.060608
432.215407
638.652007
437.563114
641.292159
448.599723
588.077813
428.349012
593.920295
444.784627
616.586465
448.955445
653.025550
433.108835
608.158587
432.589857
589.989302
447.441506
685.249591
444.509063
584.839465
440.923349
576.576840
451.069232
596.662034
439.435125
677.691949
450.200928
627.655239
434.058399
667.788052
455.429433
709.677087
438.095895
577.795043
437.567955
596.458448
447.114886
550.758538
439.304103
612.929107
441.905844
640.732500
441.805365
529.513068
433.669395
746.621949
446.529829
562.489094
451.638412
628.353338
461.639915
593.868331
429.761503
578.741692
439.122677
652.454631
431.026772
572.710297
441.977547
645.617778
434.383467
712.815326
450.986810
513.720965
432.010074
622.473814
432.540344
657.973107
444.196260
643.959301
441.777953
607.141871
432.710287
585.430697
448.892544
573.429530
442.512995
701.392806
445.367577
597.420284
442.920902
654.267293
447.068696
660.957874
455.972125
555.093934
453.467461
641.381536
444.616339
508.685195
447.855843
536.460838
449.145007
585.863631
449.102770
642.985086
438.148714
657.897103
436.852593
525.730873
433.474325
691.732020
440.082222
684.305254
453.207433
558.246384
446.345631
623.537817
449.791945
745.483819
440.575595
638.801375
443.782123
581.006536
442.618325
619.621696
454.510732
586.761766
459.320802
637.248342
443.211357
533.426818
451.352696
626.900148
436.251844
578.569556
454.561478
648.907692
441.691943
619.875325
436.916544
586.815553
436.813263
596.992126
457.434578
677.658013
427.537433
562.091819
456.373260
597.028614
443.923712
658.323278
448.254411
637.068397
445.075691
613.494738
433.009341
655.275042
453.137665
595.388749
435.789080
604.516463
433.389231
733.896139
456.456645
701.391472
438.865460
605.680306
449.776804
592.280170
437.416795
615.153794
444.358629
553.992634
449.111427
674.052939
443.718185
654.360799
439.744095
545.230448
440.866721
685.649395
455.539681
601.896540
439.025970
593.524918
443.030672
686.437832
451.572342
555.057777
447.534489
558.420245
450.047596
609.043341
440.314058
594.085359
456.634755
596.352021
468.063786
638.059012
465.573622
625.809919
446.314333
625.209535
436.320636
567.223932
454.932941
674.276731
443.783696
563.566404
447.267391
663.376441
444.087365
699.085892
446.926074
639.296274
437.015162
611.656650
440.621029
632.899333
442.767101
579.867272
437.939544
592.689338
443.968856
546.667050
441.264637
550.611499
439.779505
600.282317
438.249781
586.426076
436.088610
669.898947
432.334577
656.060525
441.794975
614.975367
439.116386
584.179614
444.211806
544.529873
438.212149
563.818739
431.332221
582.824335
452.361061
654.223442
443.241686
635.651651
439.694648
531.150573
438.564630
549.412581
445.563870
614.891514
440.733127
729.529190
444.469254
644.231970
434.601134
597.348781
454.527578
682.516937
444.731944
646.953799
444.399163
603.229210
446.522675
654.527388
444.955201
691.416929
450.022041
622.230884
448.622043
549.693761
456.713668
614.856012
431.923733
684.458578
446.471126
611.908661
433.157361
599.320606
435.430210
643.052986
435.667695
620.362841
451.054806
593.873180
434.759186
645.687839
441.594047
643.527280
449.161165
568.527963
435.023680
606.270044
436.614147
606.861491
449.161189
555.441589
444.512665
599.690569
435.954574
704.856865
440.923795
690.178412
451.956246
563.100264
443.950652
628.339406
440.738846
605.742112
444.810358
593.809559
438.902619
676.007634
433.331743
604.754581
436.812590
692.953297
455.912975
613.037751
447.611324
618.067142
441.698566
581.375365
440.574344
698.303711
443.301483
601.891729
437.151586
698.060484
455.027147
604.258507
437.926524
551.166250
434.542447
572.110376
432.877189
665.292441
438.226597
573.612180
445.794647
604.895745
444.674528
729.591054
436.814132
701.349709
446.644238
628.051700
446.240067
589.291342
451.748242
700.165242
459.577105
654.800079
444.827512
638.907847
436.301989
661.933721
445.318746
634.087928
449.510810
623.356292
448.429622
649.833599
444.566949
591.145492
443.372641
576.009970
450.339712
706.800921
442.588269
598.156226
439.720502
658.023169
433.691149
540.778785
433.303411
598.606742
450.440908
589.927384
432.728944
658.479368
449.785166
664.832311
433.603245
630.431260
442.143948
591.188800
449.924704
642.745454
434.510394
628.254484
446.448114
654.649455
436.409454
628.592399
441.026536
649.231067
444.804500
648.951241
439.239013
663.775645
466.767158
637.185295
447.313975
593.859346
466.939298
692.250639
464.879836
611.311827
475.748162
690.784840
460.143996
753.137128
456.602244
652.743296
453.537637
610.281417
469.341006
577.476092
458.373778
718.692172
489.880903
610.911049
461.721054
656.534171
465.142274
577.093437
453.234129
701.253513
458.027224
582.479862
466.968146
569.238786
463.852476
573.145540
468.003693
561.866090
460.333242
597.181882
479.550660
598.176655
463.836508
596.723590
463.448843
666.157269
475.933702
647.649919
477.898876
544.772060
467.648931
593.442116
476.560930
706.995630
459.222259
601.804520
486.442832
640.081032
477.280185
566.361139
465.879515
641.483974
473.700249
664.575210
466.043816
792.495179
469.521770
595.043142
451.593172
663.970995
472.766697
593.353454
472.729647
669.595242
454.228563
604.589696
488.299830
640.755167
466.867587
561.729940
451.816113
585.714083
457.371207
669.784893
446.619497
597.380973
474.703888
570.822607
454.761619
616.350329
451.169565
549.625082
479.176657
650.165612
466.824936
629.146288
455.301758
562.256088
466.251255
624.372471
460.218683
542.716220
467.831896
544.965276
482.831947
608.344048
466.730283
535.557516
461.296314
532.852055
466.609568
581.661642
467.775279
536.663247
465.433510
803.176462
458.536366
616.225281
474.398601
671.753600
504.622339
564.968890
458.132702
604.980305
453.088582
641.339276
466.352325
685.948907
463.292127
678.641835
458.320301
618.097041
470.703205
694.971284
466.420128
591.357020
489.289809
635.743639
480.429920
698.687962
464.061020
605.984603
465.616551
607.133379
480.796123
621.866486
453.414840
606.182215
455.446825
578.061320
474.469304
645.871145
461.258661
607.465500
468.821013
664.229888
472.862513
560.036806
485.257581
642.900091
482.448119
688.561181
456.007080
657.448686
466.948460
594.316583
454.009651
605.814553
460.524146
575.047184
481.290631
681.192214
472.136668
673.655679
459.158527
628.137404
470.290544
600.978858
472.271392
648.135612
486.013738
637.549907
450.391269
599.462481
453.599199
565.422431
478.138439
511.714365
462.098338
649.444796
482.448102
665.768660
461.855470
591.334208
486.005362
672.289929
485.329976
637.509901
453.371132
647.839946
461.795921
667.952665
453.832349
603.989144
452.679650
557.219489
473.434327
619.617743
459.477121
676.800191
494.694285
650.254633
474.658453
627.725148
467.391060
599.632896
474.005223
572.786759
456.452281
632.141053
471.550514
589.249160
449.352023
659.169093
472.989923
611.215501
452.475602
596.522888
456.561631
603.372262
458.107569
612.426984
465.775258
571.481467
465.844462
654.194051
455.757278
606.461846
451.518047
564.834858
465.397640
551.955980
480.930535
641.267518
464.378723
691.754602
453.367626
661.157260
463.429473
586.306582
467.263713
562.540720
484.236985
619.949336
492.856839
589.458067
487.194155
680.122649
475.139137
708.861779
461.912582
607.738407
494.993527
694.261432
455.399524
641.545819
481.699789
725.867136
474.807989
576.932392
477.753751
665.476681
461.277889
537.987512
463.695992
630.192640
472.606198
599.312863
458.574167
708.250855
448.855087
672.152174
464.251527
559.648776
476.266022
539.012329
485.310359
685.864562
451.681981
588.380524
478.230664
630.631261
468.851017
626.032471
446.737288
641.792357
464.847877
620.724227
461.682758
753.077093
470.499807
629.199190
458.708159
651.305053
472.929751
666.954499
468.620235
715.934994
454.397397
720.628836
465.663486
616.096180
458.457248
613.164417
461.444067
683.741946
465.908306
660.085415
486.674133
597.466720
459.446018
591.264080
467.318197
538.884592
461.969529
549.744221
447.838516
626.879150
457.167685
581.873000
457.618810
688.322266
469.572842
592.383227
484.617679
639.683020
530.915588
699.099293
463.480670
706.428997
456.970080
657.380543
450.529702
603.092743
470.433913
543.182083
469.334465
700.643456
463.621451
667.905506
478.777641
592.304253
464.364110
738.141319
474.942113
622.808868
469.955448
650.257274
478.574927
556.942828
463.278352
612.240492
461.695785
632.484493
464.150723
581.963592
473.585653
585.904482
458.647141
626.686216
457.519606
674.500822
469.858377
633.726628
458.703547
579.760843
478.224634
655.984512
471.606910
624.440094
449.653519
572.297361
475.798303
599.148094
493.072607
615.393915
489.855333
679.818396
467.139370
634.200511
462.724502
698.976389
466.702214
646.549828
453.081125
636.992538
468.052366
578.954215
480.231665
734.717478
464.157153
628.012392
477.392898
600.796253
446.022259
661.041580
488.868320
613.548292
477.733740
537.226599
491.265067
690.399106
511.485583
536.891164
495.429568
631.979930
482.206609
629.458363
503.201677
593.954741
493.129616
578.443671
490.380868
629.978244
482.215733
565.072425
529.689370
580.016160
509.474300
686.878253
487.501186
602.878631
517.896739
574.671064
500.499316
610.787039
523.776679
746.737739
511.038230
608.751239
491.062014
655.366119
494.956040
552.230724
490.600614
520.818780
483.944479
647.516778
504.520803
645.583992
523.466023
515.494178
504.479578
588.596022
510.006918
609.997132
467.093920
580.645875
503.050393
624.656113
527.202981
610.121032
490.612836
614.933223
528.887331
624.996607
484.062970
558.379438
494.384115
633.594037
491.004382
667.591004
511.835235
656.275899
497.936273
674.126541
488.834666
681.645628
506.862622
556.973957
490.903622
585.572048
503.049039
642.578618
514.952011
567.939704
488.862596
588.148868
524.432080
655.876518
459.694879
667.111781
490.183061
632.372707
521.469408
584.987660
500.629803
570.196428
525.634801
609.883282
474.626567
680.574147
485.665226
665.687961
479.600067
591.553412
500.034016
660.880724
518.024397
590.981456
503.355546
622.742003
494.880263
730.212546
487.850412
628.572733
490.554468
597.145979
493.043279
666.218896
506.390814
652.100634
486.302653
551.535387
509.294128
645.141128
530.676393
541.322859
500.375119
641.301729
527.114527
688.802028
498.380952
611.135868
501.011648
580.088898
491.531504
679.749990
489.336945
592.239960
511.847647
677.683172
495.628547
617.100600
523.024759
672.753395
506.600788
588.755386
505.624117
687.122629
482.658717
558.851482
482.704760
592.438900
510.523419
612.087524
500.778356
642.029243
487.428655
618.324111
527.628842
576.723842
503.852056
662.473697
523.597880
518.099997
503.892423
574.187533
486.985646
550.172425
512.441939
624.603632
502.213132
650.215077
517.204298
796.932569
482.578593
606.752229
490.370074
546.498022
504.943081
614.706892
512.840193
605.289910
493.369058
603.428713
509.985649
568.537278
490.172118
672.196506
479.362773
604.670031
490.678726
683.929874
518.116134
687.203604
502.259520
625.710367
480.312874
703.465565
497.681072
649.598696
477.769970
659.773113
476.391762
590.119414
496.733923
626.444896
498.638263
598.679284
490.998508
495.292018
511.916163
650.500927
528.818652
652.861437
488.103110
609.868634
489.341665
608.283699
489.396123
728.720136
497.304544
662.827112
506.699663
609.941496
513.352073
551.200251
497.161173
547.187888
493.120193
669.579804
500.521769
636.157023
479.124648
569.247904
499.836612
659.471640
513.164355
689.547390
480.450011
611.335283
491.328615
581.612264
496.090947
581.163442
479.712174
531.449686
493.204775
600.505838
499.412097
659.742410
481.664083
624.113704
492.942787
581.722163
512.654097
598.883025
513.047082
672.986314
506.533224
664.807338
514.523072
592.397781
517.793614
549.618676
497.862601
539.914593
506.582767
653.487627
491.946404
598.720903
504.474572
616.640062
513.000344
596.173344
513.067898
583.562610
498.649860
563.217850
490.462471
629.602061
477.708061
710.007811
510.426851
655.110913
498.017859
579.055417
501.186133
624.102643
551.811952
718.392714
543.445099
599.729694
515.989192
643.462173
522.265952
606.901518
501.574712
641.058341
516.283036
610.432644
503.532147
585.512749
521.288037
610.928636
510.727167
587.211970
506.446534
671.645224
521.816990
593.392238
472.149017
650.449934
476.500734
679.966770
531.903208
605.801435
492.696613
580.143849
556.664444
678.857395
476.963682
527.240885
508.999849
576.678734
508.182264
595.812578
499.874567
544.568942
524.931943
612.027280
478.558343
667.712945
475.882895
593.017245
481.414365
611.226996
538.089215
635.974483
482.589110
720.083290
558.097012
704.621075
494.068176
601.871198
517.631492
601.197575
485.624315
576.603787
504.869121
632.904097
527.066763
565.153941
519.072431
645.971983
511.651389
584.486896
481.969622
772.429371
507.894223
678.836431
501.883355
545.723217
500.028173
624.315420
509.349590
623.170334
490.074623
522.663118
489.943634
605.474699
523.435309
624.624098
548.517573
641.883041
494.066891
631.081423
498.216178
684.436990
495.517539
605.385191
490.428680
632.155850
542.344009
627.329805
519.092028
750.936266
478.092455
612.117181
508.114709
589.956191
548.069491
553.801725
487.098439
618.635936
490.714783
584.837183
507.242057
577.397840
487.774805
563.400128
487.338431
677.640287
492.668816
575.689059
547.657539
547.243788
529.245983
637.623378
543.019254
614.406096
516.309737
576.228091
542.373917
572.599922
504.404371
739.737129
533.293122
642.548755
516.447997
594.979622
534.565333
624.914354
560.095517
600.555125
579.869539
564.203775
545.789145
634.271110
540.781905
659.594657
532.531289
597.881860
525.981566
600.507576
551.115053
592.449682
581.556945
652.015949
542.536417
679.004795
545.233568
783.492800
570.322940
617.158614
541.862392
678.555170
542.661773
607.466222
542.400872
613.367730
537.293792
601.484895
532.179084
618.658720
536.964843
550.180034
510.292229
615.884181
537.518724
662.535572
527.276486
630.452839
639.479420
821.129360
520.586888
637.121316
571.195536
635.828734
511.295450
548.933872
521.153852
578.168028
531.492768
583.613698
540.359813
660.810239
533.136732
580.489741
529.123528
694.657204
521.433090
600.627489
520.607812
660.075042
569.883718
632.677416
538.627963
621.073091
545.886981
630.336416
536.499427
628.105063
559.680782
569.755574
549.975055
605.782470
560.599924
545.081425
560.697170
617.411246
646.007351
631.461403
523.853007
648.921434
516.474284
634.226329
544.175077
596.720468
536.072680
589.658410
528.892864
610.435844
506.535613
589.442253
576.583319
537.467153
555.429649
607.280413
548.488947
568.154606
517.803733
591.783048
570.104659
625.817946
495.512300
639.973661
564.368405
713.028602
578.545498
521.968690
609.761976
600.562270
569.472000
686.030467
539.371061
606.473262
514.721453
635.964731
548.472433
715.745535
532.587114
568.492397
535.272949
627.744734
592.172851
733.061789
561.158285
566.747566
578.482508
666.967460
530.106847
590.235600
545.775212
679.771115
574.107207
601.234986
687.514425
612.177531
586.121502
663.294482
523.236170
622.696000
532.645796
637.724732
500.530827
598.306008
560.170596
694.467676
549.141096
681.318968
526.092309
671.826090
535.581438
622.097278
561.484522
596.061103
578.633694
642.454300
536.204328
641.751220
540.086384
669.754371
541.994876
565.965782
540.577014
605.192489
514.580983
592.418512
535.600717
648.578391
510.568610
634.309859
514.493951
689.902046
583.218419
660.512486
548.964972
603.857247
543.849598
636.261373
556.745863
686.814802
551.709529
623.192048
541.451229
627.217181
563.283406
653.501889
535.780045
557.783037
539.430269
636.220901
535.400167
640.206612
524.799301
656.117196
492.615019
655.524845
555.873640
623.673338
541.739996
616.000670
528.612937
529.901988
528.410882
638.318755
513.064459
549.049519
588.460777
606.274776
631.285192
676.725548
588.567805
603.722610
542.924610
577.203436
524.447801
576.494705
537.268948
704.816507
547.230116
595.914222
530.856639
635.173055
546.727703
647.394632
549.434147
570.911678
542.771718
633.334626
626.625601
596.845755
548.992467
790.628168
530.539210
764.568044
556.006662
637.193901
508.973562
520.522394
522.990025
589.225987
538.823103
652.345071
516.694074
608.256779
628.182327
667.564227
543.682503
595.989073
567.827918
544.908801
541.912208
627.782580
558.832538
693.166085
536.560997
743.587960
531.478313
634.346896
640.596911
671.351916
555.246056
631.575870
516.612748
604.769019
526.537168
678.395215
533.525290
661.420649
558.020856
693.596246
620.205834
634.253924
529.791033
616.240574
525.700393
578.987309
537.860596
668.391733
535.375279
641.169333
519.545159
584.359045
522.854717
645.944029
561.749320
608.313835
591.640358
590.515859
542.452255
632.158818
523.278607
646.311813
689.924109
550.454493
570.192303
643.756166
578.762167
580.871779
528.351297
545.130740
530.372593
603.836075
536.445694
605.638229
701.458838
633.445700
517.679831
661.588810
550.796861
487.725178
586.745921
618.038071
543.541517
576.661713
563.222120
638.809011
530.118116
592.006131
552.103181
606.207369
535.259042
589.085368
537.979260
550.962026
536.416293
601.954275
681.529474
533.042244
511.993909
656.814542
559.953060
620.713338
562.243290
625.301677
576.315297
589.384037
532.174148
681.854500
553.589946
625.436254
540.218618
545.633814
567.408026
613.419032
521.261425
723.362500
527.349918
576.042999
560.194788
542.113376
526.853877
600.387310
535.292775
667.468164
586.941022
639.236023
528.674300
544.639577
531.983821
606.569308
545.869928
691.813709
526.291467
706.902346
531.663346
675.209337
621.400718
614.816381
551.633084
740.548411
546.280595
596.193803
535.782111
634.089614
521.633663
709.917235
586.279276
528.943915
552.614628
507.615143
546.811571
579.261986
647.400680
583.498823
675.819749
564.659449
582.113182
576.677204
685.735575
563.857069
695.335238
604.664031
580.669528
647.928664
592.705261
574.946470
642.968803
758.534109
609.947352
570.943664
589.728869
608.704703
646.632746
627.961490
636.982225
556.010842
590.290922
575.734171
576.053296
508.435032
643.492061
607.636241
550.975503
623.192079
588.016171
651.485797
670.015794
618.515210
645.241703
651.209910
607.701863
563.713885
701.277352
518.492106
634.116957
637.890319
576.490068
785.559796
616.419604
655.884327
654.362207
664.412639
589.900131
636.847812
615.312085
590.846743
658.478703
642.809581
583.347506
636.067186
598.826804
566.991375
562.575352
560.161928
557.585392
660.017005
600.306840
629.017348
566.011867
646.413599
704.217363
626.440279
617.147759
570.993236
586.511437
774.969362
535.498145
561.692214
546.660638
683.593286
746.908596
574.839284
586.241894
589.954685
635.704160
622.770956
592.704078
598.892168
618.334609
574.245561
613.016315
564.864504
602.213297
561.355403
594.656823
506.195608
630.493584
574.287418
791.074400
644.255699
603.837697
551.273084
613.049045
588.259598
642.298126
589.864712
587.231232
626.819999
586.739931
644.900171
610.700968
527.514445
634.967981
582.965311
583.629777
649.952971
718.845777
607.081745
569.367212
605.141150
618.759337
602.447737
604.931992
704.857707
594.317544
582.715888
675.057341
616.213820
598.422796
550.485997
582.886350
720.096189
574.865797
584.049665
668.777508
668.322403
694.859665
649.377475
547.540940
696.788723
665.060015
640.912476
705.403945
614.682818
561.461208
589.144759
577.241502
628.220971
692.173426
687.415349
659.937121
652.355034
572.381369
604.130671
677.199935
502.640033
619.757642
609.743918
623.568619
653.092546
605.988504
590.828629
578.881515
732.256660
669.500950
625.310310
609.220417
732.810480
562.009559
587.229949
576.010607
662.315411
608.620565
592.344388
717.735163
586.819523
656.756897
652.066147
572.323738
556.241462
577.819226
575.222785
581.908086
589.547588
647.183406
567.963724
545.832582
647.718472
699.336313
611.178856
629.922075
597.528617
653.055649
572.599186
581.259202
582.103377
614.571739
579.883706
638.646895
591.527811
615.185476
609.285772
628.974228
562.379274
579.624832
712.548581
655.581399
704.548216
595.718990
623.437935
607.656729
566.303322
587.187730
610.538034
617.279966
583.872183
626.894037
589.562224
612.430666
743.142589
565.673723
655.901806
584.274149
577.069700
637.426824
619.141489
606.587054
622.745015
656.601675
603.001912
606.964133
616.352424
605.915955
618.161268
656.762715
693.752584
553.279333
641.265856
556.972659
709.403470
654.715963
604.802041
607.877225
665.539624
602.643471
623.804639
616.566706
715.629224
634.693412
737.997911
605.162908
605.855090
676.113148
663.498973
597.719471
529.128251
566.101407
594.686991
610.666528
576.106628
616.806470
636.441275
616.589061
712.652495
724.653324
620.309736
630.404839
559.391064
615.393771
555.151506
553.677854
553.232136
549.487644
660.291405
543.790648
621.769808
591.132193
615.424263
616.578935
546.388444
630.194068
637.018543
596.667868
575.114902
557.448451
675.412421
583.944990
706.197781
635.928566
770.266682
627.298119
636.324777
538.572041
630.660524
660.113604
628.224047
564.005161
687.572869
574.453703
849.817301
638.700778
610.565057
578.671640
617.505455
568.147182
633.131843
648.738026
565.563738
557.456322
612.215381
625.354165
561.817737
541.946730
711.861515
662.030544
616.139531
723.124403
588.106761
643.825003
774.340904
615.219384
744.823954
568.922170
610.909451
572.351561
638.149722
579.401577
600.776778
573.628994
648.994757
618.413907
604.096050
711.688961
566.026616
566.149284
684.724135
648.648097
571.016636
664.627924
622.288972
599.598981
631.777037
633.869951
745.039410
661.563129
609.517953
654.500215
570.160835
644.088244
589.213215
561.197201
658.734746
665.391900
587.853359
650.997544
637.471333
699.096353
657.748554
585.023421
583.686383
562.837223
598.761691
669.756016
692.615780
567.773499
558.122860
649.490901
671.695121
646.213521
487.879962
579.143835
695.455680
600.871393
807.392232
603.458307
573.470775
566.727009
611.545970
675.691240
587.081778
606.482328
679.511188
568.918214
607.777547
657.882181
572.078731
632.261167
613.456647
595.059027
669.211821
569.399656
537.312128
554.901725
700.196058
638.004485
687.400456
564.315201
647.779650
571.332710
613.894839
548.737560
583.805831
