203.363844
203.445020
210.175352
203.219894
205.918864
204.037385
213.390443
204.279128
226.979973
204.398740
208.750846
203.919210
207.192976
203.256430
210.808989
203.975689
212.655779
203.204267
207.561790
203.966531
206.968079
203.058629
258.418352
204.598572
205.583728
204.193811
209.341119
203.138996
204.386385
202.935694
204.595967
203.343442
210.691631
203.442951
203.761721
203.389690
203.771112
203.855160
219.132301
203.870146
216.376264
204.243127
208.564738
204.455259
215.386017
204.905531
205.183839
204.192337
220.385974
203.759203
213.269933
203.535229
204.888048
204.004058
204.992485
203.462594
210.179051
204.454164
206.236944
203.442498
214.065540
203.563374
206.588644
203.437560
205.881713
203.939422
212.400186
204.418503
222.568219
203.286135
208.742482
204.248697
211.732604
203.972570
207.834146
204.627949
216.336233
203.974905
214.258026
203.441312
217.941145
203.587762
204.625396
204.086217
211.195578
204.470064
205.392495
203.697861
206.293514
203.750126
228.390678
203.961199
207.677864
204.172223
208.865376
204.544043
210.625184
204.764617
211.051035
203.871978
218.843764
203.840736
227.065566
203.918500
202.793296
203.011198
213.867178
204.462277
204.228403
203.218620
205.611389
203.829484
217.238185
205.022218
206.840317
204.633590
209.055282
203.544003
211.566050
203.374009
215.856652
204.825813
219.450575
203.617458
208.578976
204.144586
209.184676
203.511608
205.706646
203.927401
205.200712
203.664058
205.548886
203.451573
208.330332
203.925649
207.921424
204.289510
206.930563
204.862065
211.259489
203.959882
207.314975
203.240472
209.230371
203.088798
213.995261
204.581952
213.378393
203.326565
205.391314
203.676711
207.920926
203.812432
204.903289
203.895701
205.999976
204.419410
209.735199
203.483693
204.777268
203.413358
204.728391
204.316502
208.512781
202.829211
205.865680
203.938880
217.900307
203.092435
209.748362
204.091534
207.469660
204.364832
206.057085
203.530769
219.087177
204.835178
217.376584
204.319988
210.030565
204.230812
209.727174
204.226848
213.227504
203.857380
207.655988
204.479036
204.888554
203.042101
210.392868
204.416771
206.564418
204.371118
209.008447
203.479797
214.158294
205.182767
209.828797
204.829873
205.970904
204.504096
203.615489
204.100812
205.747941
203.308740
207.365911
204.640150
208.341290
203.888106
205.902236
203.701526
206.944399
203.584966
211.011580
203.952061
207.298903
204.561124
207.656199
203.518582
209.672839
203.953216
204.641803
203.811969
208.076501
204.333606
232.012345
205.058365
211.289943
204.181481
217.851048
203.909384
204.678317
203.794168
217.498923
204.502794
210.799513
203.163913
205.725133
203.614042
205.462493
203.841130
209.332866
204.195643
211.143522
204.187632
213.329491
203.667509
226.594174
203.801241
209.190018
204.725648
214.410317
203.926725
216.506192
203.127546
205.174230
204.504251
206.717863
203.331064
215.544261
204.115516
206.693864
203.942686
209.880785
203.371648
206.878211
203.931056
212.223717
203.934576
207.773429
203.590122
205.562872
202.944382
212.317653
204.209115
204.550453
204.293867
203.886715
203.396474
207.846881
204.215686
204.792785
203.299666
206.725073
203.598147
207.181133
204.169549
202.520919
203.396232
210.062336
203.756683
215.702100
204.643140
204.834250
204.669269
208.940762
203.448144
205.522851
204.335339
214.937587
204.664588
209.665330
204.784270
212.059819
203.705458
218.159959
204.204926
212.579965
204.446228
207.003057
203.703662
205.445759
203.647712
213.128482
204.300374
215.988961
204.110889
206.821016
204.015984
208.621398
204.216173
213.267245
204.014698
205.301079
204.368956
207.080895
203.685287
203.317132
203.709659
208.732047
204.680704
221.976462
204.350972
206.482242
203.492914
218.280146
204.662862
237.214313
203.491716
210.308973
204.982273
203.479187
203.519586
206.656871
203.857808
209.458699
204.282758
205.117886
203.019178
209.131281
204.163879
208.197493
204.735164
209.014436
204.156867
209.718430
203.798065
211.156885
204.133227
209.183443
204.269712
207.244481
204.565175
207.617796
204.302166
213.503728
204.322552
212.358777
204.879064
207.628403
203.068738
210.639228
205.257463
207.400235
204.218203
213.749095
204.540309
216.955804
204.567882
214.899290
203.652351
207.998833
204.618264
207.673215
204.048873
213.994860
204.634118
208.571906
204.104728
211.637616
203.944236
213.442448
203.916183
207.704527
203.607090
206.857533
203.163882
217.106341
203.098305
210.323949
204.569077
211.111755
203.176001
209.707814
204.209094
208.075585
204.227081
213.664351
204.641347
212.088461
204.250884
209.494024
203.463872
230.249334
203.715422
214.034624
203.807075
217.340849
205.698347
216.112389
204.428358
209.092036
203.784384
206.740691
203.554063
207.048770
203.817729
206.952366
203.794797
209.516437
203.582759
206.689346
203.196269
208.985683
204.901325
210.913657
204.014502
205.276237
202.574039
210.519196
203.881854
210.472782
204.685224
216.190413
204.351643
209.882343
203.607027
208.071290
204.024784
205.694135
202.881286
206.471972
204.238345
209.065009
203.421596
206.049761
204.212750
208.650652
203.964498
204.536108
203.978590
221.517305
203.890623
205.738217
204.199397
207.807651
205.233386
216.675132
204.423134
206.021889
204.581796
210.962332
204.998663
208.193483
203.420261
213.183188
203.361511
206.684403
203.241374
207.538427
204.395374
205.182497
203.339688
208.940648
204.630791
211.921174
204.720268
207.895067
203.478463
209.453859
203.813240
209.045620
204.714691
211.646719
203.744869
212.910999
204.277759
208.570202
204.290795
212.946893
204.074491
210.990024
202.978438
203.884445
203.797014
208.380663
204.097721
228.562783
204.091857
206.046051
204.037915
208.371309
203.693690
205.507719
204.282827
206.301711
203.831444
205.626106
203.786332
209.369750
204.466113
204.237236
203.935690
204.793713
203.546355
215.514576
203.863139
207.583826
204.080110
218.513371
204.560240
204.589482
203.737941
208.600304
204.537375
206.977835
205.528841
210.839363
204.307922
216.428292
204.369630
212.179829
204.075012
210.556370
203.507824
214.851173
203.870731
207.328171
203.208105
207.626226
204.243042
205.286102
203.077182
208.565476
203.718219
212.519046
203.909223
207.751137
203.726273
217.256545
203.758542
218.123571
204.215610
205.921349
203.564632
210.415589
203.491063
210.832831
204.183782
209.877328
203.900855
219.780606
204.506200
228.556054
205.122239
210.632901
203.478999
207.254182
204.457316
203.350545
204.289960
208.568737
204.813536
222.904580
203.464990
208.104790
203.556161
208.250002
204.362950
212.204110
203.166043
210.850774
203.361364
206.357869
204.271269
239.226650
204.092280
211.698585
204.085497
206.368207
205.323620
208.487022
203.899891
203.157123
203.626774
204.021051
203.784505
206.916695
204.249468
210.539447
204.488014
204.490177
203.110108
206.704066
205.242721
208.568159
204.018970
208.748549
204.344507
209.219932
203.118613
208.472924
205.140963
206.979077
204.344408
208.269649
203.895124
206.304158
204.019375
203.306777
203.429140
215.909759
203.935216
208.904144
204.243495
205.157275
204.056789
208.974887
204.451766
209.750885
203.231160
204.142482
203.433945
212.263355
203.333002
212.855642
203.759205
209.555606
202.942821
214.285655
205.088271
207.898293
204.341568
206.063049
203.835250
209.588044
204.173267
225.644625
204.636947
208.959892
203.753081
215.602209
204.675372
207.818595
203.087358
213.115742
203.875041
207.815824
204.213327
211.597837
203.453871
205.976702
204.135047
212.974508
204.456195
207.995793
202.902193
206.357496
204.457470
207.708749
205.054181
206.213962
203.945073
205.747948
204.101319
210.199481
204.712660
209.031738
204.100028
220.390423
204.437894
214.429399
204.205293
213.750231
203.914902
206.609979
204.003735
207.040277
204.443190
204.935883
203.811682
216.881595
203.738185
212.213139
204.012106
207.165747
202.970945
212.881870
204.310721
210.719224
203.181479
211.999546
203.230299
209.348435
203.537468
209.235421
204.113412
219.542560
204.828175
204.328148
202.352348
209.004556
203.824587
210.392388
203.898626
218.301144
204.379716
212.363607
204.264184
211.070052
204.348510
234.722116
204.901377
211.126580
204.225873
206.780988
204.674284
213.937436
204.420026
208.690701
203.527401
205.457167
203.777527
210.980443
203.575982
204.418452
203.946992
220.247187
204.343402
225.665483
204.401322
207.822122
204.389767
208.470012
203.936490
209.130201
204.191068
223.296365
204.397212
217.989032
205.795917
208.194917
203.056346
208.869373
203.660497
206.514108
204.047622
205.594391
204.997777
231.996145
203.635027
208.899601
202.992863
211.690863
205.871441
209.275312
203.831016
207.967076
203.744778
220.220668
204.950250
206.814341
203.849624
204.270293
203.410377
208.997415
203.961047
215.769272
204.238383
213.064699
204.847217
214.134317
203.852226
209.566548
203.629416
207.145458
204.850226
203.721431
203.715957
220.128895
206.825638
208.138878
207.596898
206.635063
209.297580
204.283952
205.750743
203.985171
207.038785
209.149967
208.954746
208.817666
206.421284
221.368813
206.141923
207.835645
209.431526
204.295234
210.241019
210.251292
205.959025
207.107364
207.259968
213.008452
209.404147
210.490951
207.380652
204.451781
206.237667
207.115826
210.171210
309.546673
208.346370
217.122367
206.691305
201.888013
205.735358
207.315624
206.578294
205.488515
210.318795
212.717907
207.466767
207.161502
206.698856
207.793045
207.420299
205.070994
213.287124
208.259277
207.337892
223.708050
207.877017
211.422484
206.838043
243.832332
206.501569
208.184964
207.777420
210.313954
207.494664
211.360863
205.973424
205.050041
209.316264
209.135380
207.977975
207.166437
207.899720
205.072626
206.614046
204.999862
209.566346
211.576525
217.417267
206.211586
206.799415
213.398290
205.978058
206.374369
207.548502
209.023118
205.928005
207.812342
211.959585
228.182164
207.309291
221.719095
212.799726
214.042975
207.127903
202.989229
203.531310
212.739729
210.160068
214.526913
208.635461
204.161237
205.967139
205.236127
207.248132
204.737322
205.536799
205.720978
207.760291
208.876987
206.107941
204.887454
207.376131
204.610978
212.402669
215.139330
209.637819
226.211147
207.622526
206.210961
206.469371
205.892724
208.638118
204.391919
206.741491
236.925025
208.167816
216.280744
210.467384
212.454822
209.565795
207.536383
218.159031
210.662830
205.757772
207.763931
206.086508
208.907686
209.785280
211.493227
208.129040
209.991424
206.452760
208.157002
205.731800
206.704779
207.418683
206.299056
208.796950
206.349524
209.739809
212.688673
208.028907
207.461911
217.066844
209.427335
208.546915
206.584367
206.975091
205.670604
208.567582
206.649294
207.041273
205.726604
210.942581
215.730442
208.577555
210.990993
209.040568
210.102298
210.836824
216.559004
207.393348
208.277080
207.480218
203.910780
207.333154
214.267425
206.957309
218.668610
205.198084
203.762248
205.373515
226.114734
206.241748
219.385748
207.045222
208.021112
209.396760
211.535761
210.060991
217.689468
208.121162
211.793962
207.083521
205.040195
207.441905
213.820005
208.347226
207.869543
206.912048
208.058819
205.824903
206.419625
206.595429
205.008684
207.142194
209.326574
206.951239
203.758337
206.381558
211.804998
207.431717
203.856132
206.297993
206.007089
207.181017
207.741472
208.282602
205.247930
207.530207
213.868180
207.418190
210.650609
205.991290
206.476547
208.893361
211.268011
209.079327
209.237917
205.198387
213.079958
208.159243
209.387561
211.415529
204.934930
205.803006
212.120160
206.270592
238.340046
205.643994
207.956493
211.105146
206.099567
207.797370
205.246347
206.451183
215.444858
206.552995
213.629374
207.927755
210.614901
207.816808
211.208875
208.062717
212.445063
208.869456
206.520990
207.684638
208.892201
212.668859
207.490317
208.007439
210.819356
208.991038
209.127372
207.964561
210.745256
212.598421
209.766531
207.777428
209.462436
207.721817
207.274420
208.339564
207.437276
210.470159
208.571147
210.701670
208.056981
208.505330
212.466187
208.280070
218.596044
212.017803
205.898078
205.020028
216.004497
210.274142
220.152763
209.182419
209.103290
208.747478
208.929373
213.012244
206.569309
207.403600
206.285271
208.232076
215.375783
206.363161
207.697686
207.386101
208.894281
209.045833
218.659231
206.042977
216.934766
209.843714
211.078187
207.185625
209.769592
207.479823
218.066471
212.129344
208.105820
210.254616
204.179833
208.336198
207.007782
210.049407
207.775933
215.078212
210.483086
207.369687
213.879954
210.300120
205.485282
209.200349
204.432765
205.483435
215.831872
212.301232
207.170619
206.041868
208.732630
205.140144
211.940407
207.650979
208.732797
207.594716
216.555803
206.140645
212.059310
207.343869
207.774239
206.875396
210.328376
207.080684
207.587500
208.777793
206.489395
208.181728
206.803428
209.261526
206.143315
208.281199
207.994391
209.875437
211.177134
207.523189
209.197878
205.532697
205.739706
205.717770
214.812539
208.244100
219.365401
207.836852
213.767014
210.140650
207.475778
205.849210
214.823595
206.915343
203.665505
206.753368
214.166829
209.290993
204.973764
206.188758
205.998724
213.138941
205.761906
206.211349
213.568429
207.893661
211.603447
206.401793
206.437203
207.194207
212.607837
217.024144
210.258210
209.988468
208.535629
206.970175
204.712947
208.718349
206.210816
206.434569
203.352803
206.217830
206.985566
207.148004
210.351150
207.250358
205.076659
210.968124
204.710667
206.337280
213.647235
205.594419
217.886476
206.502217
204.442824
209.075730
208.874613
207.842695
210.113205
207.983538
202.966903
207.448445
210.801005
207.493040
205.169278
206.873373
208.936370
206.061912
208.165989
205.025600
207.822095
209.770887
225.030183
209.325874
204.784957
209.031310
206.154631
205.894643
216.995804
208.730501
206.610770
207.862621
209.460571
206.540906
206.543810
205.670130
203.616438
207.490230
208.125256
207.040250
206.079555
205.877075
206.659064
206.685214
213.180592
206.884172
210.164469
210.848869
211.275725
206.974038
205.497288
210.300140
211.561421
211.349769
213.181853
208.623419
209.056195
206.527395
212.372998
207.052934
210.257196
210.986948
204.296101
207.221481
205.495277
206.369944
214.254231
210.228020
222.870659
211.802707
212.544888
206.406099
225.287889
209.406958
214.898261
207.315234
208.222656
208.368058
202.302359
205.089469
211.610387
207.312318
205.220833
206.418438
204.789343
206.753658
208.118731
207.694429
213.101913
205.917903
215.122333
208.206607
205.626463
208.400656
210.091148
206.518470
211.165278
209.495575
208.543362
206.964990
205.813516
206.709799
219.206125
210.657023
207.215341
206.927661
206.014474
207.465417
211.053575
206.104568
216.247523
207.129482
203.864747
207.170201
217.960176
206.930677
207.551148
205.650097
205.464797
211.143658
211.894521
208.904775
214.914816
206.835238
204.116264
204.795233
213.376483
208.576619
213.872729
206.265648
206.746801
208.551032
208.402088
209.075570
204.934100
206.983545
210.205051
210.894311
205.925626
209.553158
205.374095
207.938186
212.794942
205.320340
210.121297
209.877568
206.992660
208.007524
220.322463
211.066516
209.701225
205.301894
206.788405
208.840031
210.777844
207.315357
211.439882
206.587221
208.576115
206.722583
201.641877
204.000205
204.639476
207.873816
207.737879
207.729519
209.416060
211.686427
224.615031
206.662664
205.108536
206.932127
205.215847
211.645969
204.832743
206.668125
212.634329
207.012436
205.840579
212.899285
210.419247
207.286029
206.884359
208.543313
203.858011
211.047037
208.191784
207.065278
211.805100
207.732611
204.307531
210.899955
204.033733
206.882400
205.513290
205.693307
211.604412
206.796669
208.058603
206.142059
204.036983
206.271868
209.088956
210.634278
205.751031
208.544661
206.820582
206.020769
205.465556
209.395536
211.221076
207.415252
205.160772
209.027271
211.805165
206.071687
208.170580
207.892492
218.589994
207.988056
209.213677
204.910506
213.199062
206.402214
221.151815
207.448249
217.711302
207.691096
207.910966
209.509251
202.474352
205.974612
205.761740
206.843193
208.326928
206.951783
220.129866
208.078700
205.602679
207.252436
207.229183
207.543653
211.636969
209.618170
204.515408
207.861368
205.340052
206.802602
208.892630
207.599043
212.929152
209.376471
211.215560
207.347104
206.148341
207.779283
207.733856
207.038574
209.977495
208.891834
225.938988
206.426595
205.870329
208.313801
227.845940
204.955315
216.376456
209.681788
241.901381
209.890057
219.961994
206.338298
206.747307
212.362127
209.593700
210.093668
205.884861
206.482994
226.214657
209.702848
209.517008
205.635524
208.631291
209.086525
206.545203
207.388840
206.229080
207.481118
205.553204
207.988490
207.407408
210.311287
211.771427
208.306697
212.117931
207.948531
206.056601
207.601307
213.326528
209.491027
213.066291
208.769452
215.406852
214.062303
207.973887
207.564602
206.526632
207.785612
211.580968
207.723354
208.158332
207.410383
203.765873
206.717299
226.618250
210.451051
204.793243
206.878298
215.817286
216.119263
217.603843
208.798011
204.323106
205.760317
215.055626
208.933562
214.402539
206.030266
205.626975
210.807447
204.386524
208.115637
208.673458
208.743439
207.309047
208.730663
208.120074
205.467418
208.308841
206.980559
216.087151
207.241883
208.533234
207.221402
204.842761
209.951704
206.689285
206.832372
215.402995
208.529860
204.696621
208.833525
223.189300
207.018628
209.529970
221.130383
213.728544
207.867581
204.978995
209.887324
215.042212
206.263234
206.859143
210.805779
209.716227
207.854407
209.473251
206.756052
212.023712
206.467216
204.743140
208.179043
213.792412
209.576244
207.940802
209.689846
206.742265
206.494306
206.093392
215.847977
223.718138
207.659632
205.341524
205.748893
213.546502
214.617812
205.316581
213.522422
207.779294
208.321233
212.567189
206.660735
207.871693
222.504607
217.977881
226.621172
205.109563
221.438541
205.113453
226.284875
218.562206
220.515209
227.250165
216.288877
212.118551
219.002656
205.063130
214.546424
207.417891
222.596105
212.444443
214.212625
203.151168
214.538317
215.680581
209.976000
202.612386
220.724278
206.375614
216.124664
203.727379
212.991717
205.782608
220.321868
208.561150
229.250385
209.953612
223.825399
210.386342
216.380711
204.637789
225.715696
206.252558
214.157008
207.539687
221.348801
206.920721
226.885273
210.647841
239.009175
211.475303
212.676857
209.025387
214.033890
207.171689
222.416480
205.755519
216.463468
212.333368
219.597806
211.682134
221.513774
211.102993
214.389913
206.444920
218.684564
208.882322
216.908318
210.140845
215.497957
206.253014
226.307333
210.776539
229.609926
208.737753
216.041161
207.336135
212.573682
209.058211
222.711997
205.081272
219.335553
209.979007
213.626451
210.079909
218.395392
206.066999
230.226583
203.119906
214.347484
228.436539
212.700547
205.524035
224.788119
213.753142
218.640851
229.942024
217.892522
212.184556
233.533588
209.515159
217.875520
205.692055
225.798432
233.090949
224.920781
219.797765
212.776036
212.938552
212.471377
207.537088
218.508212
206.027216
230.658524
210.051332
209.092310
209.882314
220.040387
205.971442
212.258872
214.435799
223.142105
208.677238
224.411477
211.151819
221.059425
213.116265
213.528499
208.750632
232.335525
205.955204
221.966221
207.443299
232.856536
216.018374
213.353613
228.068384
216.991732
212.004509
236.200652
208.907285
217.325531
224.762504
230.290680
203.400562
233.107466
204.526733
236.432223
206.167486
216.462578
226.511672
210.469934
207.051180
212.923709
225.791257
213.420295
213.143613
247.676030
218.187571
223.140242
212.509624
215.192728
207.757784
220.482991
212.829972
217.443541
209.227027
214.793916
205.664479
224.165686
209.633871
225.645088
205.513591
228.563906
204.238345
227.299798
204.482708
221.901533
204.471604
218.488230
209.199762
224.153379
207.864913
218.557759
215.553010
213.860182
215.176966
218.324348
212.617333
220.162109
214.843614
215.486119
206.912436
223.896309
208.448576
215.340325
204.245110
215.056352
214.152373
225.849110
209.922386
220.328766
217.595969
223.025433
212.123618
218.113746
208.506988
213.957389
214.543076
214.110522
204.238979
214.525837
206.576061
214.299507
215.926228
217.361377
228.848123
227.253708
212.728630
214.462576
204.984123
222.552630
212.001704
214.137168
215.886666
213.363124
205.158829
221.676862
207.997370
220.491808
204.506083
215.759837
212.874136
212.425954
209.122973
216.835530
211.820461
216.277590
205.635083
211.548670
217.931003
220.226603
206.856686
215.534762
209.051571
215.422113
208.611432
217.723832
202.247360
221.492343
214.298891
253.421474
207.407347
220.681062
213.038191
210.223562
205.623944
219.349483
217.143639
218.435595
209.491081
228.966805
206.794530
221.529992
207.664939
216.366217
205.693528
224.318346
205.828648
216.216567
210.646958
230.196233
207.014005
218.323807
211.635881
220.657113
210.752704
215.110739
204.505738
215.640205
208.191245
219.589697
213.403125
217.871403
208.259808
216.911373
216.925590
217.590762
209.925810
226.903809
208.453721
217.042902
211.050553
225.889521
208.246126
250.529238
204.526984
212.951839
221.524658
216.391870
209.327765
222.007023
206.889703
215.642686
207.534587
214.482800
211.669889
217.252553
215.778816
219.812406
209.299517
225.300737
214.320182
228.805646
208.340207
250.099470
217.244176
214.347733
208.954245
215.701340
209.514513
218.594183
213.848314
235.214644
216.675694
222.311083
208.672096
217.488075
209.664736
214.247836
205.499325
219.639653
209.961665
226.810741
206.591688
221.612526
209.934729
215.108866
205.046453
213.611184
210.805853
215.131164
213.605298
221.876192
209.383163
218.109685
206.700771
217.646963
215.539002
216.970416
225.539947
221.494582
208.935845
219.534277
217.383115
225.204889
203.645417
217.055473
214.685770
215.168492
207.508303
223.388790
206.361277
216.621392
210.991328
227.064884
206.908851
214.084845
210.793276
233.094410
204.885463
218.020829
205.921360
223.548197
220.334556
224.021432
211.541706
219.409826
210.991541
222.576551
210.310490
228.387071
230.877859
223.951130
209.274033
244.678664
210.381468
229.796935
213.447614
223.886216
204.057739
227.692920
208.189178
220.732491
205.881754
218.966056
206.110736
218.776700
210.836676
216.688682
206.271131
214.150612
213.459064
214.928210
205.672194
216.913288
213.226812
227.248831
211.840552
216.200583
211.060481
213.492417
205.305104
222.079092
212.148314
213.008687
212.262382
227.992774
217.276350
215.225575
220.464158
212.889485
206.567149
217.258352
205.767186
225.058210
207.640415
214.998714
207.705358
211.831194
211.806289
218.945309
206.752962
219.401441
205.927562
212.115506
209.115051
216.064637
211.205184
219.633481
204.484223
225.743847
205.039606
220.018586
213.399152
225.365569
210.030428
215.670855
204.373492
215.349269
203.620549
218.315146
219.312946
213.032731
206.679580
223.988060
213.975435
217.187559
207.561533
219.232348
210.196294
216.327340
208.345915
212.232341
209.301180
210.325426
214.488281
213.732021
208.559279
228.484483
211.884128
213.505045
207.849058
215.964568
210.141264
218.183114
206.827195
213.553040
203.046983
220.694984
219.267694
220.198281
206.566030
234.721360
207.014227
231.602097
205.858229
220.973030
207.013494
213.381117
204.144507
216.352632
214.842342
213.857365
218.677603
224.879961
212.874788
217.289469
223.436447
221.148600
212.277592
218.505735
223.710643
208.928883
208.553625
214.640887
222.652338
214.658557
205.329899
220.701170
214.400553
243.518814
221.803376
223.246772
204.208806
215.450280
212.532411
222.492802
207.934081
223.504321
209.399390
217.885350
205.596944
225.595668
211.022847
216.708158
210.684196
222.861133
208.259352
216.529245
207.700791
215.824421
210.677937
215.240434
206.371753
216.048290
230.160643
213.742399
204.207789
213.258588
205.293162
214.423231
205.492333
215.400560
208.429778
236.055017
209.087146
211.903839
210.702078
215.970749
207.495027
217.931904
206.019718
230.499307
203.449113
221.907946
205.703637
219.747619
204.522158
215.925404
208.944782
210.005496
206.965540
213.741659
211.720682
222.458182
208.280588
218.729411
206.185062
214.899051
207.628737
223.496649
210.940781
216.145448
206.767668
218.330085
210.399403
216.140987
213.245382
217.133333
207.119007
214.482506
236.449899
213.774653
204.726861
216.803942
210.976428
226.890666
208.977487
223.783645
205.882129
216.172964
212.022287
224.745184
212.111229
231.238164
207.006269
214.119853
206.747285
217.219338
217.555536
227.573909
208.361793
222.969777
204.050360
212.413436
205.675770
218.286785
206.113369
234.293013
208.889027
218.084220
207.672021
214.138187
212.018185
219.768835
212.804501
218.224938
214.179926
215.851128
204.332069
226.200630
205.890513
224.663615
208.727169
220.486264
211.752943
216.600900
210.771796
223.278399
208.297306
216.641239
203.503527
218.143632
209.096687
222.112399
208.083678
226.359582
206.113704
214.039009
205.956403
216.083464
209.186202
210.263544
211.139665
219.970503
220.808887
215.902701
227.134273
215.677948
213.587209
215.572223
204.433306
221.278810
210.810359
221.069493
206.114415
219.726141
217.283568
219.715625
215.117925
214.682331
203.111891
216.666773
224.964174
214.379395
205.051060
221.847822
212.601577
221.177169
205.701583
216.264728
206.367724
240.796854
210.352825
215.629415
209.485938
230.602044
211.877293
220.913244
207.939433
216.742649
205.258224
215.423734
204.482901
215.307286
208.392556
225.154608
207.521020
217.874418
208.360561
215.162073
211.459875
215.839602
225.603168
221.047764
208.909212
216.576157
210.129150
220.044342
206.999139
228.562026
210.504812
220.517385
220.401520
223.276571
207.022976
230.765922
209.613429
214.005997
206.646185
217.743334
204.459800
217.291265
208.036139
223.312729
216.174119
216.695907
207.404178
217.061625
212.922832
211.458237
223.664672
221.381088
206.185535
215.079243
241.695526
221.155375
215.281642
225.721404
213.658649
220.562950
214.297342
218.620837
207.690161
221.126838
213.018741
225.578696
212.631284
216.072677
211.537401
214.396134
206.559334
217.949076
207.952096
215.485652
204.733711
219.743535
205.248653
215.471684
221.945449
222.987584
204.854942
220.564692
206.735170
216.506353
204.213991
214.539558
209.432743
221.418566
207.737560
227.046291
206.933786
222.561768
205.822570
219.104345
211.877655
220.178700
207.549835
223.873666
207.925190
216.724512
227.013832
219.192335
233.284548
222.900480
205.637850
213.291469
210.218765
214.440993
212.883943
214.092762
222.208529
215.426514
219.279323
213.966817
238.377918
215.387373
210.202911
221.674640
206.367996
211.959623
212.118000
219.263359
212.861861
233.073750
204.010528
222.419709
210.700486
217.036298
220.773759
216.411403
205.684646
226.946883
204.658791
239.121663
209.204248
240.471708
206.122280
232.961267
206.529872
253.859488
209.995361
255.685822
207.510925
243.034763
208.971451
241.077795
204.435148
229.198940
206.774715
252.549025
206.185318
230.957568
210.079787
228.625974
216.098426
221.762892
215.755448
233.548327
228.569204
252.391550
206.436050
231.466529
217.065190
241.414489
209.433020
236.684067
203.795798
250.763782
211.898289
264.789343
214.266315
244.740383
207.577679
238.645840
206.135657
252.410102
213.540954
260.012156
230.109189
234.255783
204.516803
254.540328
205.191168
247.405141
225.760560
241.920597
204.101791
239.020130
215.198213
259.244297
211.972543
279.695405
212.523874
246.060743
204.549665
236.612621
206.047415
243.693249
209.703895
228.171286
215.528156
235.237796
218.647207
248.152938
214.820811
254.597499
205.907158
247.309905
218.269081
240.399753
209.249832
240.965783
216.826138
237.487734
206.164225
252.564736
207.310025
245.604417
213.497621
250.917854
206.589080
272.245408
214.557763
227.891239
207.204122
267.148795
209.228861
250.740942
205.394630
236.136262
204.473862
229.569509
213.907540
253.457840
203.869818
226.405304
217.712272
287.816298
207.132605
239.406097
214.898952
243.348853
213.952236
253.807245
206.150022
243.882667
209.867142
221.990826
207.613945
240.907356
209.897158
228.064845
207.079533
278.441680
221.407786
252.876712
202.973805
260.422759
213.652445
234.061903
205.867697
305.543169
207.239993
227.820481
214.157427
223.347167
211.233445
234.866320
205.527027
274.831995
207.742869
277.591484
211.850171
233.011191
208.039207
258.393256
209.485491
245.969559
209.397635
242.095864
208.685187
250.245630
204.609298
242.435059
210.848722
240.246261
209.528161
227.906332
206.375529
236.116071
207.106961
239.264667
208.334070
246.084905
213.678288
245.013490
217.222259
235.364868
210.195700
270.969525
215.948694
246.419713
211.671707
230.823624
210.939273
245.389126
214.897183
239.937067
206.043812
227.835993
208.661749
234.047296
237.204036
256.219787
205.880318
240.754249
218.964156
263.792087
205.227343
248.468373
221.825676
289.333155
204.441622
223.413149
205.482554
254.726922
209.791513
247.370035
209.967915
223.086223
210.417594
225.786377
202.746652
234.156935
202.696858
230.389678
205.001616
232.931038
212.708343
303.925636
204.402692
245.295748
214.639649
239.097530
223.685169
225.061748
214.470382
260.539232
206.999685
237.133908
202.743026
237.333682
220.242151
260.273095
213.859624
240.660666
205.690065
254.057588
209.169048
247.264884
211.791727
313.991952
212.607270
261.183932
207.793837
230.545739
207.120484
254.321773
206.766557
234.561552
211.953838
281.251012
213.944453
232.686779
221.411984
238.150325
209.149397
255.145218
218.219471
246.164397
206.033272
245.132875
209.733963
233.798300
206.673746
231.013673
206.701263
238.229737
207.205408
269.024620
208.578514
242.588787
211.253959
227.470768
205.304754
328.291264
213.419259
239.955736
215.980930
261.998915
208.801657
248.519295
219.973135
240.349500
208.501178
266.213437
208.394269
252.045854
206.301425
232.443982
219.398495
243.793511
206.134761
248.597585
207.913232
232.398103
208.288250
254.696781
209.084646
242.493796
220.028689
237.924374
206.886985
234.995170
211.000465
258.191555
210.232248
232.768964
240.895110
242.450700
211.907241
236.092573
206.864875
231.873876
207.116404
237.257632
218.171569
232.856381
213.414547
228.339420
208.081139
273.577678
207.666493
249.787012
209.050092
258.911913
213.780202
243.843776
214.945049
251.970241
213.412898
244.226982
215.619192
236.905874
207.776903
244.644771
220.031018
231.414136
209.884951
228.801985
204.009837
268.191448
216.422869
237.095656
210.326698
319.139491
220.166002
228.101402
218.457350
229.678293
209.039923
246.397421
208.642023
234.558640
210.832124
240.623695
209.618632
239.521281
215.952252
232.942496
221.474092
265.490498
206.596380
251.087595
207.538118
238.637534
207.307375
253.170946
214.958069
231.091207
211.967472
227.303505
206.441664
258.242448
205.707887
264.735994
212.485725
233.176707
205.237236
229.087975
224.575280
240.396153
207.675195
259.430602
210.772705
222.911298
206.243907
228.995990
209.626092
228.345629
217.279808
269.309891
206.746323
238.231722
220.960418
257.943275
210.097038
229.269814
212.507573
227.595355
206.540775
231.082657
209.447535
236.001159
208.004536
259.336505
211.503765
229.222940
207.492811
241.724337
232.700525
244.567177
230.384535
226.910936
223.775105
255.550358
204.713798
255.116814
209.080005
256.383263
205.298513
237.270433
210.038792
259.808471
210.515253
251.604558
213.763908
231.279849
210.053503
218.593637
207.048241
233.804282
207.998491
239.583409
207.442927
238.582730
206.973990
260.443484
221.649790
264.059846
205.035493
229.452687
207.414661
230.340189
207.862509
241.324599
212.688239
236.020094
203.383064
255.080680
209.510067
234.202636
214.566845
257.688072
206.536805
248.968045
212.440908
237.618465
211.325304
240.737709
212.218013
243.329193
207.821501
241.048586
217.801950
248.657520
209.628264
236.031757
208.025903
224.894269
207.934687
242.128254
205.418274
235.015898
221.858560
231.291277
226.790819
244.255840
217.911964
242.960073
207.358308
243.559425
206.253796
253.286028
217.568645
259.092438
208.398438
217.298705
207.239136
256.604925
208.101145
250.038854
207.152259
234.837786
205.378487
251.629358
203.582749
233.548074
227.375092
240.630387
221.819661
251.083697
204.706253
238.285640
205.794028
249.093763
204.322340
234.814541
205.077803
220.611929
208.329170
290.430725
230.508160
232.627448
207.057626
231.940579
206.362250
271.036038
204.917125
226.067910
215.725194
233.173766
205.233000
255.130438
207.406535
290.797640
211.780774
239.843747
210.934381
242.904416
204.926669
235.089346
214.982081
240.706106
210.398070
246.803317
207.033786
243.614005
206.762725
297.125098
229.711587
255.238608
208.662301
218.596353
209.459363
249.117421
214.426190
348.433711
207.410473
242.314685
206.507334
248.902751
212.850308
253.738804
208.424078
234.712839
207.847434
239.042566
211.260483
234.523317
210.994909
233.214933
209.393813
240.566247
224.336234
245.230964
206.755595
266.788947
209.683963
247.295537
210.030115
264.360164
222.752458
246.083710
204.652472
239.206173
208.647996
240.288849
217.246073
232.134481
208.570260
236.141586
207.804290
245.717224
205.680835
305.868443
205.240136
229.274232
209.318881
236.245127
211.531432
238.825767
269.028529
251.553653
223.147869
239.063102
207.082406
252.363875
206.710864
256.744678
211.924021
231.114855
211.571750
260.910362
203.926018
243.996590
207.843160
245.282729
210.115183
268.013708
208.763215
230.882557
205.926593
233.115573
213.508623
268.639701
206.224830
225.036682
231.675434
244.436713
208.696326
233.074285
213.398705
236.025332
213.528924
228.279376
209.727642
240.400177
205.185155
239.410850
207.563936
246.825951
219.742353
262.383501
205.942182
254.114014
208.601795
252.349236
209.727880
233.660890
214.692483
235.827416
208.309983
234.948728
205.809453
255.637101
206.117383
257.796028
206.123883
222.398485
202.410852
290.293338
215.924085
230.878813
205.187821
228.052956
208.840070
241.416905
208.969332
257.111909
222.631462
235.728587
203.758431
253.953293
202.553061
223.991658
210.328444
257.761458
207.657372
238.662856
211.137399
237.175587
221.392899
250.235772
213.511304
229.666742
212.601808
234.797317
206.062738
253.430505
212.639158
230.254292
207.087879
226.955810
221.659564
252.195390
221.147655
254.707250
217.332358
235.326430
207.458282
230.250863
208.113404
224.810285
206.956569
225.377209
221.141545
251.522190
204.988140
223.711205
212.651942
238.945718
220.115213
242.712880
207.895417
235.190959
218.010757
237.139874
210.327618
222.163513
212.728087
245.775497
214.553532
243.576469
207.810965
241.654067
207.777022
306.158914
203.633129
260.093861
209.610108
250.068400
219.038316
272.073383
217.486130
256.321175
205.351491
240.438788
203.624417
230.030562
207.205542
223.637181
203.863805
227.674233
212.910450
239.307540
209.360684
248.239840
209.222916
248.752471
204.845511
232.618460
211.142812
245.805574
205.505518
242.317483
204.373049
261.596999
204.074504
255.098207
207.633959
252.424188
204.627176
238.038415
204.284395
300.528326
214.487338
262.228913
210.611487
242.382381
205.102471
240.838561
205.048500
272.082517
217.045217
246.410115
210.162052
248.977565
210.304059
235.239818
206.829798
247.210496
211.907158
254.529586
220.641437
244.007808
209.918561
263.987447
211.350541
234.225338
207.774450
221.236679
209.736083
223.618214
210.032866
245.458480
218.499097
245.358051
206.967945
227.015364
205.482777
248.622652
206.913806
259.073140
208.864569
225.130913
206.341283
235.449320
204.591050
228.599863
218.545144
257.012434
210.927611
222.372590
219.548686
237.310971
219.892337
231.694023
228.306940
254.401029
216.040383
287.313560
207.392115
257.604112
203.407779
266.127554
206.209071
235.096699
206.982401
309.813688
205.068638
267.572937
213.239382
261.742805
210.357319
251.668879
206.592049
262.005649
205.504654
288.925194
211.977119
249.455144
205.556360
304.503540
226.610188
306.605594
215.296095
259.665577
212.170953
251.268852
210.774782
264.503575
217.614813
282.693567
205.696773
256.838357
212.045683
295.534418
207.418621
296.117809
215.933039
258.808012
217.876182
276.768447
203.155698
326.320122
210.314913
319.433753
217.179420
264.981737
213.062955
258.218412
206.598923
242.771765
204.497677
307.949776
205.943791
293.631421
204.835769
307.644057
209.188776
299.108962
210.399678
285.280150
208.976076
249.057748
211.840506
279.680895
207.130849
251.168823
209.706113
258.261673
215.303686
316.538886
213.179469
257.986630
208.450776
315.047017
211.836410
267.497658
207.820849
261.968327
209.453757
347.437181
212.493656
323.860168
213.188733
260.689424
219.661165
287.032963
206.577951
301.520332
205.024163
319.056808
206.689205
238.975794
209.182233
294.607226
206.081114
313.873526
213.347705
300.696802
204.169094
278.648137
211.454831
264.461926
211.388600
276.646980
204.906854
278.396697
218.617984
267.697333
206.981824
265.546781
235.782904
326.322400
212.144595
291.045841
206.117242
275.832600
216.072476
252.281767
209.117009
306.216158
211.516798
273.861794
206.615172
285.938844
203.836191
282.762621
209.029500
266.459414
209.333311
273.034985
209.602417
337.169222
205.391940
272.119880
202.955809
286.421293
206.997339
297.697739
217.847680
261.883757
208.436442
263.287199
207.440397
249.984437
205.733119
306.110606
213.225824
247.946717
205.384956
248.416321
207.061843
280.572242
207.509035
319.470808
214.374708
305.075928
242.057206
297.353345
206.535053
302.296978
205.921691
274.630034
213.087693
270.919912
207.898796
255.344373
205.241414
271.493332
203.608595
275.265618
209.057186
280.263364
203.747093
255.453450
208.330931
265.387167
204.026833
287.841594
205.746908
371.593025
204.051182
246.453543
205.169401
270.346848
204.477689
270.785173
206.468288
318.270711
205.591779
300.924452
207.029516
294.744429
214.237671
276.815319
205.753822
270.324343
208.754555
279.711764
207.553718
346.819615
206.784289
285.835203
207.869290
318.479687
224.230742
251.908756
209.900247
291.177595
207.472971
272.833187
208.750058
360.794680
204.080418
295.322976
205.907021
295.774134
211.209066
250.348343
206.984978
283.880535
216.702587
242.181030
215.244441
241.207632
211.339360
392.835707
209.000188
282.057587
206.048486
278.471647
209.310701
311.606113
205.933623
250.407097
212.713517
300.158765
207.420609
290.174450
209.327892
254.344457
212.958910
251.182614
205.533928
271.916095
206.287236
341.363225
205.876816
244.450300
236.764597
332.276724
204.660315
302.607621
207.391819
309.312717
208.376339
322.201630
207.679674
270.758158
211.610845
280.928718
203.411110
295.039110
220.369578
285.969800
215.375029
288.004904
205.595853
281.712715
207.279590
308.811052
217.278181
327.072231
211.026499
243.380171
206.915657
291.570598
208.457615
248.963186
208.831027
322.571917
217.037157
302.472001
204.561569
262.208380
209.794473
307.677126
209.713473
298.884981
204.614810
333.708558
212.667216
283.520070
205.388885
295.424932
205.058439
290.276646
214.594932
288.088782
205.882686
260.522641
211.761044
305.564564
206.326680
286.338506
217.133781
298.012148
211.397270
245.716315
214.368379
246.992413
209.699878
278.723164
204.856992
256.493586
205.428769
228.197480
208.700517
374.426678
219.010649
245.148925
221.628662
270.094217
212.228692
258.904981
204.999785
272.405142
223.902243
265.621140
208.014252
308.340125
205.430167
279.230863
209.799718
244.851815
210.327847
287.684993
211.845804
301.115586
231.271024
278.788445
206.734430
291.882675
206.719289
276.133749
219.404048
303.498959
208.113264
312.246570
208.571015
300.499019
230.202203
372.393184
217.196419
286.366547
206.744286
311.537583
204.327822
290.869135
206.513109
292.505671
206.193895
276.460853
202.697278
298.411891
205.047978
286.616944
210.856484
259.281517
207.823730
339.882192
215.936891
283.766740
210.200327
344.358101
206.740570
307.052389
212.306216
283.876102
209.164603
269.964752
208.315986
261.204702
207.408650
308.643540
209.202422
281.760059
204.014556
274.144405
207.715956
259.987778
212.407547
407.976032
214.053434
269.347920
210.708006
256.072554
218.722464
297.554675
221.327410
298.439481
233.014812
315.340774
202.772395
265.237380
204.053397
280.661044
209.247035
248.097582
212.043597
269.610341
216.164142
338.082290
207.766676
333.183654
207.494313
279.684434
209.937201
272.566281
209.722736
268.999000
211.413892
258.314543
207.269554
276.682033
216.652321
321.125022
205.646250
318.484012
206.308030
253.364719
215.616569
273.898500
204.831380
324.218079
213.797457
324.863661
214.328779
280.678968
210.087610
321.000325
215.043758
340.942887
219.502933
260.275447
208.705440
296.660154
204.806470
283.150818
212.833853
238.250056
214.110248
255.980660
207.218236
248.004279
209.981035
323.193528
211.665900
255.595464
209.637830
266.671507
208.941620
286.394833
206.898649
263.158005
209.677782
272.408939
207.779840
306.273318
213.754180
342.630168
206.306378
251.701280
210.669338
277.930846
213.963035
300.594997
210.336546
295.153312
212.808067
291.047546
207.531133
246.848264
210.686726
284.578085
204.386054
254.637592
215.271060
297.664514
207.380883
299.394154
210.694982
277.546731
206.553742
286.443884
210.862625
278.293234
207.659800
281.008592
214.579350
240.809348
205.110815
264.165894
210.114017
285.483069
214.693871
255.141753
208.367630
297.135774
214.462237
297.997035
208.315356
277.096070
205.127864
339.453217
213.584848
294.506385
207.696142
347.415763
218.125373
242.511861
220.739398
240.212237
210.684144
268.999069
206.800510
308.180221
204.909624
311.945173
206.184204
402.695401
208.094730
257.776160
207.480793
250.304904
224.624932
281.256191
208.475158
364.073658
209.804242
275.138220
211.115768
301.372475
205.886812
262.219373
215.297213
300.817612
214.377441
296.258079
233.592348
343.168365
205.098730
301.716762
207.801386
291.303854
221.970340
302.040375
214.903624
313.592291
209.478016
276.864725
212.822158
288.472163
215.457864
296.265071
229.657843
250.863051
206.703337
277.468275
210.030636
306.556027
205.023830
301.396990
210.867696
364.707101
208.148412
317.094082
209.778889
298.027810
217.937610
283.774180
205.599029
296.656656
209.420753
300.208096
224.314939
277.030998
208.168983
288.692111
204.648365
312.214934
214.090341
281.077975
219.609644
307.463980
203.845127
324.717074
207.267970
256.951727
206.027039
277.503938
210.598452
308.974735
207.509540
315.344006
209.992005
267.725368
208.434782
281.298675
207.579730
379.584078
203.850276
309.172551
213.829477
298.678017
207.308940
317.512182
208.994850
266.363096
209.910206
234.184882
203.811700
263.708201
203.813104
327.843777
207.504106
264.628394
215.002231
307.154051
204.224699
308.957017
210.599372
281.573239
222.598462
308.565696
220.393246
256.517441
209.510516
307.785514
209.402173
289.897102
206.543656
319.366480
207.737269
313.020513
206.694231
275.081594
207.227119
300.056166
206.273051
290.801546
213.626114
285.283588
205.007368
254.644321
210.304740
306.519407
208.592819
277.534431
203.828726
294.947003
211.461185
321.306112
206.347444
282.002004
211.624878
304.414545
212.773404
273.815645
207.943868
258.858896
209.141702
351.754680
213.359874
241.848295
203.466547
267.552939
207.791166
285.315380
202.661447
361.317385
224.525278
263.636059
212.920300
303.328891
218.748785
286.673689
221.696337
264.308267
214.935351
273.096858
203.290683
237.459900
214.501942
245.273139
204.796957
290.355264
204.299778
315.883582
206.430900
256.255384
212.124989
296.284619
206.240849
268.310335
206.393738
277.810725
210.311531
247.976233
206.885837
236.800602
208.494191
297.016847
205.088806
247.639521
204.853224
267.939155
207.831497
272.723854
211.664755
269.254183
208.770925
260.495794
208.299757
252.149148
206.378036
277.576198
220.557126
283.410419
213.695347
267.747000
204.751113
312.409450
208.833613
250.400945
204.734088
267.950590
205.881909
373.434467
207.221936
273.500245
209.653781
273.075434
208.745188
291.141603
219.136004
231.942551
204.887249
289.313304
211.702555
259.265901
212.012810
357.646923
206.077286
359.223847
206.687047
271.854335
218.575312
268.915835
208.893058
288.188436
207.927910
317.179081
210.669785
354.233944
206.871329
279.690119
224.404743
256.031046
214.200443
260.438849
233.891525
321.340398
211.180443
306.638188
208.723926
278.042524
205.947346
282.891499
208.062437
244.972584
205.458299
258.611111
207.847660
374.271663
206.808833
337.507094
224.889125
339.477253
212.662933
271.073856
213.817259
272.183551
216.570758
279.805225
207.271918
342.976455
206.992695
381.233145
221.439752
366.539764
212.680407
369.542296
216.203141
315.722187
210.933041
368.923167
208.485449
372.216520
219.867159
389.511867
208.942543
491.430765
235.646879
393.592392
211.545680
368.039871
211.372993
378.351843
212.526281
358.413607
209.214364
302.770428
220.013836
338.178607
209.730919
314.116817
224.440042
427.291367
205.574998
341.180670
214.021754
346.418874
208.207791
356.935562
206.111286
296.744671
206.058997
356.044900
206.590121
395.975281
213.699253
309.926375
206.521170
373.541607
207.818633
318.988685
208.781342
361.040509
205.243016
385.608964
210.013302
321.628719
208.449333
285.137339
209.983131
349.665036
205.094650
265.565656
208.320790
496.504030
212.881072
307.607341
204.464368
421.282299
210.498253
371.481455
214.330804
344.054671
207.218045
391.473540
205.381317
403.355675
206.556405
299.276237
210.199142
301.255157
205.635851
354.687611
212.557846
363.433897
211.281307
341.653891
207.146718
361.756619
208.419571
314.456125
204.540099
380.488414
207.905765
400.814737
208.533953
394.779745
202.867409
314.528949
210.090984
471.109919
203.480422
438.028182
213.012349
414.718396
205.627161
458.548978
222.344830
417.920998
209.494398
298.391557
207.427956
314.958969
226.524192
346.834484
221.986863
456.618000
207.512577
282.802752
207.871948
318.395091
217.931866
298.065870
222.745209
402.711163
205.910298
357.979477
206.713215
365.724520
232.566032
398.208324
210.554812
381.303884
210.014658
335.885354
210.605266
308.600611
223.453686
378.151485
208.391268
363.881095
227.341543
350.168847
206.396055
444.540820
212.041945
280.905515
207.177475
321.266942
208.084255
338.860855
212.055772
388.330963
211.454890
324.095780
212.017361
445.535445
212.800828
352.462294
212.296911
317.357532
205.745740
321.378484
212.901996
370.686271
206.494486
411.221601
204.920765
314.130075
205.388665
324.269796
213.171461
376.975253
214.540563
310.120576
205.046591
315.639079
206.655511
356.582897
208.517126
467.229209
205.904200
311.910858
208.698681
330.218007
206.980117
288.701236
204.876520
366.475283
221.297383
297.398291
205.441290
338.386568
212.349421
469.943950
235.401824
349.246781
209.497555
509.854541
209.541547
335.264771
213.177253
410.661006
209.118086
342.157323
204.749643
306.665126
209.680518
382.001933
207.254106
374.969953
206.577476
415.009671
218.459859
298.874027
207.503763
416.416478
205.947187
577.607788
220.076998
304.221504
204.911406
466.847322
218.696396
382.787234
219.110506
353.339513
207.500536
561.953561
204.045824
493.498351
208.159075
318.818323
212.126712
348.686713
204.801260
321.662763
207.341884
378.422415
209.528171
397.634351
211.302754
356.190210
208.709266
379.906267
204.630445
354.590544
214.079170
286.153167
206.747965
364.149760
205.366121
285.710231
213.585617
314.851283
208.679165
380.382417
210.611159
541.931912
214.035621
395.699172
203.729606
453.156404
205.477110
290.774226
226.760109
393.507656
205.819889
295.249514
217.452039
316.400194
208.757051
418.115700
213.126620
301.767814
221.073890
346.621994
223.539786
314.883139
214.612366
324.613019
216.317670
371.086363
207.297467
401.125140
215.789738
405.387091
211.954796
512.181342
207.036325
302.789098
209.514617
338.364079
213.185229
465.012831
208.407586
360.536971
204.990165
323.145121
229.923960
372.335166
209.961694
356.097845
210.841114
405.697029
227.743479
375.524563
210.290748
363.977258
209.576229
386.280478
206.444281
433.419864
211.152884
428.487815
207.214174
330.193538
207.541875
345.447871
209.357308
316.414268
205.530366
542.929855
207.147917
364.407035
204.796037
618.917470
216.210248
285.559369
210.568791
488.791088
206.508680
327.612791
206.477182
322.785770
216.881932
519.212203
213.347827
317.169318
203.841763
329.503892
205.084685
417.612238
208.728366
282.666586
205.070898
310.832025
206.267630
370.144731
212.609681
352.420922
205.758287
362.192146
212.553806
437.898144
209.074691
354.602736
208.072449
399.278941
218.047786
408.088822
213.492476
387.349405
209.609696
270.081665
211.922544
337.231989
219.270747
430.240475
213.500909
488.182557
205.425578
375.632285
216.177132
329.134920
205.394842
397.502047
223.709217
377.538612
207.818848
365.375506
209.691135
415.743264
251.984834
365.982965
258.677499
364.612602
209.685638
495.907640
212.421328
316.523466
205.913891
368.042822
224.755660
390.277155
218.518047
361.715017
211.082515
314.520974
216.810604
299.852588
212.639804
361.005667
208.809483
393.292473
220.502289
377.907324
209.129717
398.688989
206.853229
421.997714
207.959867
317.215465
204.922977
397.063688
213.072913
342.069143
207.094620
348.474451
204.824926
388.905394
209.262351
363.892793
207.716623
324.545762
214.040578
358.424902
208.008785
343.891390
213.716371
340.852194
211.051763
296.054115
207.873597
278.691853
207.179318
356.339090
203.822239
360.117212
204.412969
271.880873
213.942594
286.541936
204.123745
312.909913
209.645339
437.420302
217.518624
376.402862
209.106550
324.315649
217.235350
391.169180
210.663054
496.144110
223.925754
308.032337
209.861095
378.719769
217.552892
519.555203
205.389156
441.262090
206.654360
309.252124
212.144024
353.975004
209.651964
383.980449
207.247378
415.705038
208.786161
417.891966
205.086691
354.018370
203.477370
326.096235
221.749676
322.947465
207.425464
316.298634
209.702799
437.088783
214.594754
380.978562
207.697959
324.089192
204.195955
673.295712
210.610516
321.545471
205.850026
540.147584
247.196731
312.492898
203.744675
364.327454
212.943574
328.373752
206.990086
315.406183
214.974339
333.104292
208.657069
331.072679
209.500666
445.064071
229.448677
313.569425
205.958863
476.958271
208.138668
404.523799
210.177787
383.882509
208.638415
299.734761
211.508021
380.611732
207.729418
409.021811
203.499887
381.605031
210.297553
322.480866
209.249818
344.097990
217.174769
376.527202
206.170016
431.079302
204.102189
399.587937
211.068083
339.908553
205.186016
365.268301
206.014851
561.295923
213.095049
406.301265
209.825390
371.529640
214.656326
450.942696
212.110873
292.995472
211.914862
335.912047
212.929576
295.428374
205.506695
395.985951
221.545844
445.948230
206.336076
316.374592
207.911127
353.152576
207.613338
343.982567
214.865140
374.616133
207.827610
285.691133
206.051538
323.909620
221.410977
367.551296
220.847186
381.931747
210.610421
373.554598
218.433258
351.378765
220.753265
339.549105
206.488391
352.839081
217.723224
384.675301
204.098633
449.897291
212.168040
280.634718
206.065384
306.003596
222.979618
381.012845
209.102310
297.203830
205.569469
364.570659
214.881430
370.482933
216.907778
426.691649
208.279577
273.380426
204.149877
354.760863
212.078705
345.268981
205.216531
479.005121
228.897872
345.942976
213.600389
310.899353
202.494732
349.712971
206.607041
335.602185
207.642020
315.298419
207.293944
460.274626
208.274766
300.022107
216.451223
444.925032
205.826379
624.892338
205.429902
394.908606
212.925285
378.560546
208.875745
304.454175
212.339723
474.014901
205.972290
320.468313
210.113267
383.445068
208.472499
454.238524
210.945492
388.358456
209.832987
394.529167
203.817168
426.851395
214.248720
321.976785
203.767892
387.553901
204.031282
432.084301
207.724848
368.531662
206.866952
505.665758
209.657150
429.347189
205.489430
318.188500
205.820186
317.576024
205.904396
406.553114
205.666527
308.841321
208.844452
314.647067
217.514765
368.405685
209.555666
320.438638
215.578964
276.607631
222.221821
312.128441
204.412714
308.211483
207.371146
492.093633
216.676257
382.538900
206.277269
293.548355
208.216546
413.821678
206.304768
530.017757
209.942297
384.918155
207.607668
558.864411
216.537277
338.274305
216.469141
379.260028
203.618626
378.934733
205.235790
439.697782
207.925093
320.829821
210.606918
340.874688
205.938462
370.579164
207.239600
373.673026
208.577605
330.438527
207.694834
322.660775
210.353159
365.440324
225.554623
330.972046
203.974174
320.271916
215.269918
359.277441
203.686262
309.036557
217.797470
362.350995
226.364924
377.565209
219.392411
393.319631
207.925448
313.844854
224.657902
388.149715
232.578763
497.952141
208.403000
349.279375
209.663595
514.280658
204.928752
301.499228
215.832369
352.792990
205.034669
415.102661
215.753539
349.459346
205.406522
396.140033
204.594795
447.832334
208.175147
497.093824
204.567354
349.194710
210.954787
297.749431
207.710473
505.157672
210.084447
344.299601
205.416683
316.192336
216.355936
421.083850
207.153483
361.783245
219.954868
337.432540
233.976729
312.904215
210.874441
294.357364
217.267782
329.116242
207.291662
373.008825
218.594232
392.946411
212.206937
337.721225
227.457629
382.526733
210.199106
389.378242
213.595636
292.518372
208.639614
335.206387
213.004022
325.883966
207.819459
332.192017
207.712540
479.045821
218.329098
279.191990
207.944278
328.133845
212.198441
430.529741
209.417579
490.188944
208.478280
437.285886
215.594928
600.002503
207.444700
534.556202
206.033076
440.535808
211.546016
567.746147
207.108709
461.132068
205.262131
349.431379
204.919406
510.162056
215.642815
609.297135
213.075891
457.937951
212.291168
663.509455
206.690430
419.911318
213.684054
352.372114
214.939214
963.339220
206.038545
360.128002
204.707379
396.870908
206.037799
883.464231
203.755638
461.794773
213.884765
406.995945
214.697064
530.487228
203.723538
488.373854
209.000299
413.692932
207.709111
486.862817
206.519350
377.909869
207.001112
525.389814
211.175069
419.780812
210.911465
389.623084
208.775987
461.343483
214.439763
453.205853
219.655467
597.655648
206.955658
429.303141
207.662753
646.699583
219.312446
598.315655
208.570067
402.485920
219.457038
563.240104
213.953098
403.497583
213.247828
629.999163
214.578847
997.516892
205.845973
454.607375
209.293943
572.148728
205.299222
580.566397
210.507021
498.367842
205.751731
529.942038
210.184559
735.502084
217.479244
550.373722
212.505879
748.950034
207.666911
584.490652
224.418740
610.587278
216.612626
597.770565
209.288920
601.484120
206.889126
451.697886
220.656715
337.676236
210.315938
369.569578
205.832041
469.476883
207.594732
550.111880
214.058441
729.020675
214.376355
474.030890
205.502149
528.556431
209.244763
366.679685
213.437064
567.446390
214.274521
569.555857
210.371274
516.963984
208.848129
496.220980
219.688606
702.362684
209.952549
488.134198
213.557194
453.547412
207.476087
438.772928
213.346150
670.089383
205.466205
415.527705
203.799365
346.125081
216.767664
434.423261
215.480241
535.696629
205.225118
637.224237
209.268538
603.855154
215.927312
601.393864
209.100046
497.496149
206.968618
520.238600
209.791388
605.853516
210.674266
499.238347
217.458847
545.651653
213.249589
732.863970
208.801036
425.400059
208.700935
384.141695
213.103647
411.713189
213.893146
753.214170
209.910344
396.560627
212.465283
533.178745
208.115590
403.442339
212.697251
528.707833
208.245285
671.929938
209.966883
426.289467
216.322505
611.328904
209.514571
700.999659
211.047404
407.094689
206.291173
471.658231
207.887076
609.923669
207.090805
507.612284
208.636809
391.701101
206.623877
521.364563
210.686017
765.262652
208.532803
549.714659
209.720410
523.139995
217.827750
438.665176
206.168276
540.749725
210.403379
669.698191
207.625097
480.998474
207.442904
388.556137
209.062418
670.463854
205.989307
385.656482
210.607549
564.642430
212.771666
396.803315
209.833186
433.565504
204.731078
796.444733
207.837468
441.633356
207.644932
414.200186
211.373685
439.956854
204.856351
621.928992
207.687405
522.086815
249.396973
714.093405
207.020579
516.719702
212.561840
478.150459
207.804334
442.795011
203.682713
565.218932
206.799288
346.451328
208.470334
395.692717
210.549076
565.353414
222.186909
724.035079
210.340960
430.069282
218.354843
459.112914
207.986540
633.033593
210.633161
402.061354
217.215853
486.569109
206.381239
641.150572
221.716075
506.236590
210.756214
534.574857
213.665508
411.164865
213.105058
664.319498
209.376665
405.476599
207.240896
545.156062
207.558347
432.612077
208.157952
575.038098
216.909671
525.331137
207.139298
556.996236
211.926942
434.187811
211.178506
535.366333
205.212923
386.934850
204.838696
784.282572
210.667183
530.433882
204.889772
518.044226
209.872793
503.256343
210.637232
422.375167
216.928211
649.500884
214.516073
659.125658
204.185017
431.470931
209.969489
348.672759
216.602913
695.027803
209.647931
485.998823
206.836881
498.697895
217.913517
390.037769
212.210447
558.978185
219.510642
789.272682
205.377999
528.585654
248.485275
690.487389
218.873913
789.174425
208.791464
869.261098
209.417430
628.777681
210.751751
524.376513
204.838550
496.019455
208.257078
645.383362
213.675153
660.392392
207.009546
532.832338
207.849160
535.160069
213.805300
814.455697
211.465473
862.592085
205.526382
404.939705
207.679292
498.473296
211.016327
510.548519
203.035856
443.647800
209.130447
425.884317
206.929351
550.555577
207.386883
674.696991
206.392013
710.332342
216.239575
445.804780
208.591804
498.089473
212.747610
491.051318
211.777726
525.205236
204.809230
456.458929
211.096127
506.544588
205.659889
629.490026
214.148319
588.853594
201.588203
511.776580
208.946959
1255.83434
249.096015
734.319289
207.608998
659.393582
210.121099
341.781296
214.794739
531.285322
205.396093
721.291854
224.993139
548.646863
211.363670
391.994092
205.497338
656.989361
209.410693
2530.88831
214.855502
395.192102
206.942925
489.952056
207.273203
575.895161
206.532097
491.664782
215.762923
429.647769
207.911448
723.951796
208.068454
432.526580
207.613351
494.344553
209.156620
616.369841
212.445445
530.434897
205.513171
607.229647
214.826132
425.296213
205.927090
1077.78899
203.008115
439.303525
208.684745
480.068202
209.554079
611.556415
205.137857
780.255962
204.734444
376.455386
207.906160
438.669890
216.886214
540.020173
206.812375
436.923574
212.090267
501.481950
212.005865
553.373838
207.704426
373.246274
212.774698
470.013689
214.560056
475.636234
212.982335
483.551552
216.308254
484.503809
219.857977
408.218513
208.316503
565.843466
220.120621
549.571972
206.865353
342.704416
206.792178
476.388905
214.291554
450.774740
206.235249
385.570909
211.080859
475.654717
222.604890
461.547507
205.465219
454.874837
218.110472
450.003028
203.260716
595.350927
234.988782
537.100945
210.253778
565.191792
204.696600
549.510887
208.439703
548.548423
212.194265
448.203058
210.843226
486.178195
207.700844
552.129267
211.382529
480.718246
212.148627
584.042816
208.321333
417.836356
205.318401
454.095282
217.111316
791.551953
209.713933
513.659678
212.070832
662.738493
206.484087
520.478358
202.888189
683.626172
207.155093
539.482853
208.725220
575.202734
204.403902
538.189201
207.695815
594.280987
225.747209
360.921806
207.865350
583.492566
208.883097
454.549650
207.314639
415.256035
210.185025
494.367585
204.693015
534.150750
209.170101
485.091135
207.094768
500.224020
206.357519
412.195186
207.457313
716.231489
207.658070
691.371303
211.254888
563.656420
216.411801
555.348561
206.498173
566.043555
207.059853
447.237840
211.352647
463.017354
204.167156
410.295184
219.696255
506.760622
209.670105
479.713834
210.173738
484.397175
202.889906
580.230396
208.214376
435.506005
216.351611
575.212430
203.651891
522.403689
211.989069
434.977004
233.573517
427.431599
209.266009
596.260501
224.514474
411.887806
208.065962
478.084747
205.230303
395.019895
205.014542
439.330277
220.199704
421.787304
207.972023
663.278522
204.915605
550.687073
204.676494
495.442791
208.350301
537.282784
212.466828
280.059058
209.048525
548.711035
206.577131
537.494375
213.849498
638.403363
218.160214
474.430895
219.631394
467.272254
204.326039
656.571289
208.062501
436.519207
206.303302
877.301816
206.978790
526.674126
212.050627
695.116162
213.323751
473.108341
213.858313
800.058239
205.488051
775.276083
205.526772
1038.49178
212.603106
447.759105
218.654432
493.557332
204.741995
575.254503
220.077740
457.170051
209.535690
473.496300
211.154062
546.499359
214.605651
375.425156
224.529696
457.661839
204.157188
419.538027
213.527182
992.659167
211.327104
969.913146
204.912604
533.975982
204.198499
471.293146
214.520658
464.466253
218.636691
712.320010
212.079883
506.360134
208.565727
412.836294
229.265276
658.786852
206.496527
599.677527
206.411547
546.089933
209.743883
424.355951
206.660697
539.491025
211.808224
426.211652
263.097473
712.052824
212.083641
375.078103
212.246860
400.981462
209.033358
741.274983
208.417378
1015.24265
210.211318
372.122241
208.698346
441.163252
220.194828
500.111795
205.984389
632.096377
217.483540
479.208924
206.258560
601.575751
214.139290
449.760805
208.189708
460.714532
205.360401
538.954210
208.194905
451.496189
213.792753
584.080723
205.569343
474.703397
218.500931
650.901254
209.012918
650.633835
220.639379
529.366021
212.207899
579.833220
212.766891
445.306661
207.328734
453.817053
258.018244
691.626717
247.802182
451.653818
205.962575
418.447185
206.459162
490.865661
217.731244
899.463950
208.030077
427.299930
208.319527
610.640283
211.232631
461.148449
204.658722
581.778244
207.170703
407.792800
211.132052
455.542662
209.288501
474.688704
206.562356
342.514964
206.752990
699.374554
207.141235
611.695895
209.857617
808.499877
211.382395
350.809762
203.403677
323.893406
209.761984
402.394354
210.766367
381.395027
208.464136
508.357989
215.477748
374.849379
207.951623
458.109718
204.167361
412.570286
214.338163
373.068527
206.396488
608.120553
206.541448
561.567390
206.328028
331.820555
208.340203
476.366311
210.043869
664.494639
205.056760
1309.85958
212.587067
506.428237
205.359128
674.588664
207.620735
675.249656
214.621288
637.027318
207.954231
453.231950
230.828551
476.589519
210.719197
669.481998
215.767732
535.967728
206.211078
397.835341
205.994788
382.359411
212.667160
441.946573
203.919862
564.593160
211.251501
635.891387
204.832734
1254.51607
203.808355
599.415634
210.261046
644.425531
209.129057
881.595350
202.816519
657.370346
209.501819
580.679501
225.742015
1521.41761
209.242153
1295.44397
205.461349
3047.95242
206.860360
1002.35204
206.378646
963.821821
206.376209
631.694225
205.582175
1224.16786
204.297132
868.588058
212.766977
2007.77526
210.371356
566.403850
210.679636
594.789837
206.942312
762.163581
209.085037
790.361959
205.820340
610.309775
205.068259
660.188903
206.308694
588.211696
205.829879
1023.23376
206.447991
824.398504
207.292158
856.491107
204.205123
1486.49744
212.293563
739.877556
210.213917
660.252175
221.286172
855.160961
204.403053
1358.06231
215.139260
1078.48919
206.157566
1554.91193
221.111319
1021.40959
204.773522
1324.11597
217.213573
3603.40046
204.732711
1003.98346
206.063054
610.549441
208.219347
488.386078
207.332277
938.976125
208.151117
755.722583
206.252222
1343.81060
206.551610
682.874802
205.832287
966.650285
209.059889
1809.05632
207.568815
572.823080
207.304730
508.724237
211.546955
690.479389
217.073800
986.070928
205.760757
1349.06921
208.908192
1701.43339
206.356155
924.633325
204.713288
698.138973
208.791970
575.640591
211.776709
700.286800
213.232849
441.182887
204.019173
650.886622
213.422212
582.233356
210.031448
1677.79586
207.374209
1040.33563
216.516911
1103.74831
213.487161
576.289530
213.040448
1519.32798
209.405736
442.646851
208.324295
658.346876
207.307124
562.735775
207.488462
527.551718
207.236173
1864.37304
214.897793
872.287188
210.045430
1090.27621
206.368782
923.113807
216.343506
1292.94256
207.150082
810.245995
206.822161
649.895381
205.812199
1149.00709
205.275137
628.425036
213.462192
602.031316
219.978352
1993.63246
226.047060
1133.20556
219.291816
457.469103
207.530815
916.692528
213.178459
3506.87008
212.386961
582.020653
206.304419
802.855465
209.443233
824.434933
208.887578
2633.86577
216.050247
711.096212
206.716817
665.964398
209.610205
793.681928
226.536894
926.823570
209.531590
1828.17905
211.767795
975.933331
206.555573
630.295183
209.372706
512.202637
203.075052
1850.10367
222.302111
636.697835
206.873818
535.447686
207.470130
1175.04486
220.652333
1071.00262
216.062613
465.187730
205.829167
1315.90542
217.699815
459.212466
209.470450
1324.78850
206.955059
743.342578
208.797322
806.770173
210.545961
644.658725
212.687894
1618.63636
206.360322
760.650388
206.668224
2527.71450
211.526634
691.970526
221.493562
428.657690
209.708962
1928.90623
207.799853
633.569619
207.392175
904.231570
203.575753
703.927444
202.717227
865.742782
207.159064
775.037000
232.523102
620.926137
210.250572
728.521072
206.485695
1464.16219
210.394682
770.158031
221.714178
715.652222
208.807592
715.474405
210.327293
2090.78993
203.434593
804.712564
208.558323
923.815210
212.279813
631.323377
206.737897
683.791440
204.763588
721.538750
207.471374
1971.49505
213.294759
511.305661
211.571780
863.666999
206.437754
771.147025
208.751991
614.019470
210.062036
1292.96748
206.062745
1170.37625
211.525470
735.301849
211.168057
685.574794
207.530776
664.950325
216.198349
550.897498
208.037008
1161.78868
207.511219
3746.00124
207.173483
932.650725
208.024195
732.498922
213.832807
848.987053
203.933342
808.359337
231.562419
968.406074
211.319597
725.166073
207.580462
835.173841
229.113784
657.031356
206.989471
738.562338
203.475405
668.204217
217.505460
2117.40502
210.179898
1070.64124
219.453203
786.578602
208.548932
655.072470
202.233040
1637.81058
211.968969
462.074328
210.757545
644.906805
204.859720
3266.65718
205.052624
4480.11988
210.918170
724.198645
206.765416
916.656737
206.954983
1976.58530
204.246570
684.967891
227.289590
1496.29567
206.375491
735.153449
216.394238
626.581305
206.598942
1010.19293
206.780493
1283.88301
209.832180
561.081254
236.307741
464.601812
207.345682
700.310495
205.021181
581.477047
206.403078
1792.51251
203.048529
491.964754
208.108744
618.156186
234.830565
748.645029
207.402555
1393.27852
205.302328
1612.72356
219.337377
722.558708
236.600390
395.330849
206.190272
625.053605
207.174617
556.200800
208.632316
765.166626
213.607689
1508.92365
205.588323
972.686844
207.485438
3005.11589
212.361416
538.827623
208.571717
896.647714
207.801922
491.375654
213.209122
1889.59885
204.581027
516.166912
207.987752
900.865287
212.567937
1266.88712
210.298417
1867.16625
212.305025
768.538362
206.455528
1193.80416
205.066185
1454.40821
217.066050
1539.11804
211.837313
593.697284
210.842757
1174.79384
206.348613
688.899225
211.194118
703.375546
204.717208
6713.00874
208.852560
438.124550
208.520092
1980.33909
214.504811
581.647368
206.661602
888.623972
205.575135
669.419319
205.639979
586.992018
255.805467
1293.85708
219.749895
533.604617
205.844365
546.348314
203.644913
2494.68566
207.761631
854.167584
209.716529
1833.97130
211.683392
1727.69978
204.832364
612.706017
223.923338
2946.74295
209.396119
638.066180
211.381519
815.242753
207.603345
1095.22139
227.713094
1668.14932
206.083958
1143.37855
205.219926
644.273451
205.071460
822.632473
207.802912
927.699466
205.654269
588.326577
209.389905
651.190117
208.473164
1141.99655
211.390477
887.420867
229.510625
527.573596
206.988330
876.306226
230.979660
489.471971
207.328115
15718.6731
207.148949
1773.65848
210.471961
830.708735
214.608311
618.202493
203.405920
561.252606
211.568812
824.108160
206.146915
812.080825
210.560298
1136.99818
220.580969
1188.93650
222.890733
644.117339
205.905989
909.562906
210.684614
1255.71645
206.331331
2387.68188
212.794987
1208.24265
208.835320
2091.65721
207.752881
790.827499
215.762617
499.572161
210.410078
914.711741
213.003857
1356.70273
206.091137
717.242783
206.121160
1280.26271
206.836062
653.880607
207.469048
823.475539
218.554812
4256.50416
207.857019
913.897556
206.699900
821.033340
210.210261
1297.61191
212.194862
787.296566
213.350829
922.259523
204.686327
589.223436
210.177085
1005.28130
210.181226
754.536282
213.769430
703.758683
207.234207
535.743041
212.216031
803.400661
212.353876
699.304567
212.292492
761.223571
207.251858
447.403275
206.646077
613.598028
212.498618
1926.00647
212.411059
615.663339
214.821385
620.819080
204.685297
567.721725
227.587599
1644.98336
216.078409
909.971038
210.384296
920.165869
205.858285
878.785732
215.768105
2508.20691
219.691702
441.211140
217.567602
1064.46685
209.721834
1087.03665
216.164686
472.524502
218.432835
1260.04290
211.667546
627.382849
223.559274
2591.84401
214.846899
724.915630
204.304053
713.383295
208.967972
1258.71249
208.579724
3074.24436
208.916926
1033.52453
210.824671
1647.16874
222.890942
664.357235
204.682583
596.841016
208.307399
715.866215
218.491604
581.057241
213.218987
1768.86147
210.977162
2489.11567
207.308030
995.038629
204.769921
4999.47436
207.187442
821.193680
211.104678
1132.02686
219.525338
852.535057
216.178503
1280.99548
206.503654
1547.08693
204.620578
1207.88508
205.623224
572.557076
206.704276
752.811051
207.283784
716.746920
253.054187
1715.42862
213.218853
1167.18410
205.727101
733.333023
216.480063
721.552433
215.772154
922.063341
208.354559
975.658387
202.607751
1456.94238
208.800676
773.072834
208.520965
582.559357
208.500366
743.988168
207.232292
529.522350
214.025290
1823.72998
203.116612
2248.72842
207.917607
504.228158
212.679688
567.639844
208.109913
1366.90929
226.389407
775.757014
218.725798
589.162206
212.682673
5316.63350
216.448207
1195.88787
209.284183
3530.45138
208.716872
1046.71282
208.439270
568.928622
208.516994
427.622223
219.798306
1081.18975
203.580484
1035.11999
209.457300
563.906842
220.092144
429.528667
206.951917
451.668400
208.832710
731.797020
208.225282
1224.85558
208.435088
1049.54342
207.044009
1729.15175
209.071397
806.181574
216.345867
891.147162
218.466945
940.103360
211.810468
446.927427
206.203022
507.787908
207.115321
1028.11976
206.324171
1604.87400
211.188996
462.221436
217.721661
862.160431
209.522236
1712.79963
219.505595
1336.53334
216.353233
641.180829
206.472130
699.660173
215.324801
1074.17846
214.868917
801.376062
209.946121
570.112677
206.226716
2778.65053
205.808998
787.529673
206.632996
476.523666
211.956151
1102.84067
209.021793
2781.54446
215.105982
3669.70577
209.724865
736.312495
204.947181
601.829635
226.248085
1710.57989
210.090460
704.270581
205.062461
824.261583
207.947333
1086.17023
204.475302
722.051328
207.979678
640.613316
215.507735
749.294186
215.793796
890.064680
211.846782
933.582670
214.113678
841.783831
213.564173
1633.35533
215.270127
455.586654
204.951405
694.946083
222.755371
844.026096
257.226006
3200.50761
211.150017
989.848230
214.231168
1653.55058
205.612239
618.364353
214.893543
778.001691
215.075936
1427.75716
206.065025
531.036090
214.683935
1124.98033
304.793344
628.951646
206.751995
726.993330
210.998332
733.263517
207.833142
581.159797
205.745776
672.617238
208.832531
1090.52718
204.225949
889.337764
209.242599
764.451001
205.833418
3618.63699
205.823620
3204.35089
210.032008
2736.08846
206.924136
3870.03964
210.370197
1338.66773
205.148762
1024.53355
212.703426
1927.88202
206.048896
4884.57076
213.276331
4480.66223
209.771033
4374.91554
203.669453
2359.17203
207.981876
764.363480
208.070750
1158.78081
209.575472
867.543711
220.518151
2690.04698
211.238618
3696.09781
207.260193
2657.58459
207.299974
977.725139
210.054074
1393.31862
208.355954
935.020694
205.886062
1687.00200
204.937371
2283.31462
208.529857
1642.64797
208.090670
1390.66845
206.344404
1556.21319
212.658774
2472.98753
233.047299
3817.51729
205.724090
1286.68246
212.771404
934.497523
207.322608
2458.98623
205.895790
1318.60686
202.927493
2416.85002
210.670986
2599.93671
226.494780
1570.21644
218.545062
2571.03582
214.381546
1463.59878
210.599994
2369.59640
207.511674
1798.54225
204.810651
6179.02751
212.301233
1063.26814
207.210240
4822.53983
210.774243
3232.66602
214.688435
794.237761
218.862350
1470.40750
206.973438
1962.21501
211.277417
1987.61482
208.672556
1023.59881
216.092397
1222.92667
210.472878
8633.64012
210.415329
2203.45466
212.218970
908.755092
206.158395
1076.54151
209.109656
1741.20282
209.204203
6074.46021
207.224397
4311.20104
210.855154
816.547644
222.479138
2104.78042
219.139855
2553.25077
212.598155
1827.83386
218.222489
4274.32914
208.031284
5273.71891
218.089510
1113.07788
209.516121
743.815795
207.168375
4633.20502
209.823582
1602.65858
210.209174
1174.01632
206.421561
1275.05781
208.616819
1954.91806
205.685477
1849.83914
207.035444
714.398050
219.732094
1301.47777
205.638789
636.477834
208.344987
3379.01408
210.533638
1611.89528
205.949763
2668.65796
208.618959
4501.56661
207.142533
1543.62349
211.148165
1985.24374
210.899397
761.503119
209.864094
982.743741
208.419058
1169.28654
207.931307
2000.52246
209.528373
1860.52229
216.074535
2768.66926
210.049557
722.377597
208.044759
2991.13676
211.218632
2780.41606
209.886843
2096.55918
211.315665
1915.54379
219.029056
5293.52962
210.434277
1229.11282
206.152077
2792.39846
206.448084
1909.83571
209.029366
4374.62116
219.157354
1151.03631
216.056447
3013.07648
225.743963
2453.96556
227.054706
3202.82372
211.881963
2332.16767
223.381277
3938.42881
212.931566
18106.5494
204.657285
809.552571
215.092526
910.618540
206.549678
2127.41120
211.770207
6557.82668
206.480440
841.939724
214.652966
715.756656
208.818247
4250.14759
211.624241
865.016391
205.484234
962.266101
206.716674
905.046285
212.550877
1831.96139
205.470606
902.529559
209.939546
2653.56824
215.246402
2979.49140
206.723153
14586.4884
210.618070
775.268676
229.514551
1345.39859
208.167980
993.314225
204.644289
653.662105
207.663883
2111.48916
208.817951
867.475503
208.370110
749.855094
211.283428
5253.74051
206.945903
2218.41004
219.825724
977.359101
206.052319
3366.27522
203.059725
2807.65020
205.366148
1990.67155
204.453429
4040.07097
243.219637
1066.16231
204.045370
3383.54376
205.746058
1282.89890
205.311218
3049.02264
211.009867
1805.36080
206.108813
2343.91450
205.919276
3039.09795
205.608089
811.761878
214.438522
3573.91571
215.062685
1241.62231
205.809059
802.656468
206.606173
4192.78492
217.904300
895.710349
208.372753
3040.16713
206.956459
1148.45350
212.489543
4273.23549
209.485042
4695.67210
212.542574
610.511285
210.675998
684.737213
212.540816
1937.72445
207.340838
6223.29431
212.227445
970.637968
204.683754
1144.39369
250.736758
4078.46525
217.152303
1802.96291
207.655323
1537.25717
210.989113
2002.77951
213.125476
1564.04992
207.791674
1642.16008
224.798658
1795.27288
210.385213
1422.93969
212.525140
2688.54812
203.971506
650.282876
210.102797
1591.73132
219.926721
2490.22592
212.180606
2034.00228
207.539859
3442.13166
216.435727
1907.11405
208.543866
2193.51658
210.718948
946.496440
206.015150
2953.29692
208.471853
2062.66552
212.699697
1519.78397
205.229418
903.260556
209.237428
2234.69248
207.117379
1675.63301
208.160954
1322.47417
207.227603
2383.42001
210.652617
2788.12879
205.229632
2305.62341
219.479717
4542.88784
212.970765
1309.89384
231.357162
12913.2289
210.709623
602.194174
210.170306
1548.66409
207.043451
635.131243
217.038694
3560.08195
216.461894
723.965731
202.873445
1762.16746
210.553644
1348.24027
211.609282
2628.27207
206.147345
2290.46780
211.119417
1289.01851
230.336605
4247.05139
209.604266
2651.40499
205.355017
1157.92490
207.976189
1649.06291
205.365101
2481.33781
216.829714
1480.15246
210.317109
3472.46423
217.298862
832.635854
225.532355
1226.47609
207.033258
1597.38116
227.923985
737.722925
209.245276
776.997907
208.177393
984.599784
207.226986
5044.90520
206.805411
2423.68592
213.431758
2085.53964
206.994923
747.177150
216.597490
1447.20406
205.257910
1293.64178
205.955170
4781.41139
209.149084
846.004692
218.825727
16281.7301
209.299165
2365.80024
209.381811
888.741362
210.382629
2475.85942
205.187506
2893.19048
206.105389
6072.81634
208.243071
3495.43880
209.589320
4227.05578
208.383859
2008.36235
204.935942
2234.93184
207.988496
3484.27182
205.712827
1038.39104
205.427804
1355.90791
217.095560
2912.58064
219.135962
3719.91981
206.397349
3333.88473
213.506840
1799.65667
210.310624
1441.00326
204.861029
2909.72781
226.502233
589.241193
210.084907
3815.99382
210.116686
1857.62893
235.842769
1910.31005
204.459213
530.380994
206.290893
5733.64266
217.448609
3150.31380
204.879905
1836.12396
210.847469
3872.31123
206.878561
2588.94284
207.264467
2347.81395
208.244055
1751.00253
215.209513
1830.56390
208.016500
1799.80495
210.159546
1292.79276
207.146025
1812.38808
209.272560
2665.73083
205.788799
2058.70190
240.230821
2755.18144
208.831933
1579.74525
212.316628
2735.82587
206.482422
2880.76295
206.562604
1133.31614
205.453543
2790.58534
206.100416
2267.48525
211.797740
1829.76050
207.564486
722.356346
206.275084
1126.57818
213.970192
2184.92309
208.655854
1942.87735
205.166007
1259.48027
204.879262
2340.48684
217.172016
2363.01129
206.859769
4153.32510
209.382477
1323.98317
227.098334
2166.94558
214.557530
1093.49914
206.557621
2395.14369
207.418775
617.099058
205.370374
1611.97821
208.563586
952.928845
210.803180
1354.25469
204.365043
1053.66954
213.427235
574.720015
209.325568
5027.04769
205.676650
1058.94882
206.326051
3214.00646
205.018442
2738.97470
209.079076
784.950356
206.502351
5623.78542
223.513455
992.353248
209.486928
1605.04127
219.482150
1648.24812
212.649360
4466.82899
208.332995
1279.92775
217.292570
3003.07413
222.594818
598.844442
219.440113
799.200103
221.653115
2140.50700
211.001877
1350.72605
204.876911
806.443947
202.750277
3290.67657
220.580665
790.541999
214.751408
2600.88611
207.410259
3852.06082
211.176704
1872.81126
209.686560
3753.22591
217.073780
4629.35380
237.319228
4866.09556
212.097163
1416.51314
207.533186
960.589806
208.310364
3700.76062
207.204738
3267.16556
207.308963
580.102438
207.009212
1508.28513
210.221138
984.648168
204.643038
2158.40222
206.405399
2419.02169
205.094581
2672.28284
203.436671
836.605256
210.146824
1285.35369
215.328250
1058.32243
206.626147
2134.93127
207.114804
4616.59233
207.482108
5685.40433
205.871211
2924.45456
212.903325
936.527977
207.892528
12123.2858
208.940363
4928.42215
207.812552
19366.8533
206.487360
538.085289
210.505636
575.348666
206.478421
1530.92142
217.152512
992.294508
209.378473
2690.35587
212.034111
2614.31641
207.373240
2974.41097
207.713514
1165.40430
211.931505
3428.82249
209.759615
963.524152
211.245314
13399.3464
210.353091
706.699116
208.493852
8109.87996
216.856924
1997.21672
208.311845
7417.16718
211.867074
770.821661
211.536273
1814.50214
211.743519
1631.50640
205.639256
2648.10145
213.935645
1931.82705
212.248390
1413.78628
210.139275
886.459078
204.176897
1713.97975
251.001168
1992.09151
208.376374
1284.39832
235.659206
3130.95026
206.865408
1749.09153
207.950892
9111.11766
211.813231
2588.76711
218.144393
2080.25445
206.364597
2095.82856
215.082901
3714.94708
220.212083
1477.45647
205.218070
703.896181
212.745978
1177.96101
210.361788
2188.27533
219.809065
2327.35819
208.371459
2151.01372
211.877396
933.400698
206.659065
1657.31638
206.596497
1847.17973
207.237421
2517.86051
207.401043
726.152471
206.844213
1682.57710
214.104872
5682.82351
210.871950
2634.40366
215.281800
3318.25597
214.496012
896.769529
212.310563
1356.55868
206.188719
1717.57164
204.101807
3540.41444
217.335697
1028.40167
205.720445
2324.05557
211.528843
2326.15910
221.272236
1836.00272
205.330141
1544.43462
265.263288
1076.65900
205.055241
2454.24296
205.401294
5467.03253
208.458203
2650.09029
212.953173
4921.62808
204.332076
2239.50852
205.214337
1995.14364
207.424736
2432.98183
206.851874
3290.54881
210.699419
1342.04709
217.074705
868.142067
209.004022
4150.41311
207.263956
2697.47869
206.362337
1441.48874
206.481127
1257.69719
204.379270
1501.98289
204.302368
7759.73241
208.284696
853.043373
209.008977
1847.89093
210.695979
1456.43107
208.074531
1255.67351
211.197863
1810.21408
217.900648
2469.67246
206.235959
3269.47282
209.690646
9658.40786
209.952351
5839.97524
209.237868
6078.52567
206.857609
8134.00319
208.179223
3086.46603
216.721620
2327.95343
205.212587
3410.11219
211.431146
6673.55088
205.996052
4838.35535
210.361603
6279.61077
212.997975
5192.38229
207.243934
1778.52112
206.151857
27650.2432
219.252540
1980.92689
211.854377
1866.81756
213.234083
2587.51758
213.495081
17904.1385
214.077958
2881.54928
212.555454
2242.17543
226.360508
4390.38190
207.101278
1931.43717
222.698593
5007.68894
208.194226
2852.21923
208.169448
8613.30858
211.602815
9907.29300
207.791133
3941.90310
206.187797
2949.26827
205.546776
5088.26800
205.849770
30411.7589
217.808292
1098.23684
206.406057
6323.56183
214.726968
3530.90388
208.625995
19434.5555
209.614739
2256.86509
210.224074
3021.56969
215.735694
3687.18203
220.269531
2631.27900
211.692122
3163.50696
211.203252
4335.61214
207.904891
4458.27932
210.246564
2066.95220
207.480190
5966.82343
205.588950
5194.35485
215.785957
2221.62328
210.264133
1780.14514
211.247906
16756.3066
222.003403
20082.8907
209.658127
4564.75012
211.598166
1227.49529
209.871911
3547.31417
210.575904
3235.34840
206.254071
2466.45980
211.989517
3706.74556
206.756461
2173.51774
205.560719
1116.21343
219.409117
6878.60646
215.043607
3354.28259
205.148965
1570.55609
209.746235
5012.44659
211.177965
3838.46943
211.936286
21359.8713
211.059891
4493.88574
209.616937
24012.8670
207.792369
2914.26861
208.989396
6659.93450
208.330425
2164.78350
204.578578
24093.8993
207.086750
3028.60241
212.065189
5161.41599
205.383381
25003.4313
209.539365
3857.66690
212.085021
3446.08825
210.032959
34654.3128
217.550143
2906.13087
216.380292
3498.29120
214.929542
2739.12302
209.468413
1510.26690
214.800363
7614.46065
210.105447
15452.3474
210.442848
3923.84880
220.899735
1714.15174
214.744618
3848.27903
210.738616
3400.62693
205.961012
32779.5765
209.119147
2652.94388
210.849487
3080.02848
210.475562
13823.0457
208.570933
35077.3752
219.899755
8915.15970
207.260515
5772.88414
213.009801
6433.20087
215.333117
11669.4029
209.024592
7353.92567
222.723479
13452.0611
214.174889
4203.06139
209.574209
16249.4080
210.815330
4829.43284
206.660186
23037.7358
211.567048
5382.09250
206.112949
925.535315
207.628742
4282.28294
213.111086
5678.23833
210.810612
3263.53533
213.358472
2000.03477
220.373076
1732.45037
210.457623
18916.7624
209.264031
2660.01678
204.040309
2192.50839
212.595860
1510.01085
213.353305
5027.18568
205.829032
4263.70273
203.601937
6820.32372
207.716162
3170.03577
210.839119
3059.87451
223.624787
1655.58937
211.216205
4623.81011
210.231134
4668.73861
230.863453
111183.950
211.269456
1033.64595
211.621120
5112.25522
207.298097
3791.44218
209.565907
4862.40933
211.068336
3386.75970
213.087875
2525.18779
207.101812
73913.4022
220.514906
10125.4741
207.264204
14003.9255
206.386862
3014.71583
213.117144
5448.54967
205.989511
6267.91753
215.189204
3356.67699
208.972887
3313.27448
222.601989
6620.81997
207.711777
790.791437
206.087562
8636.00115
226.538977
3558.90321
207.575835
4940.19739
220.109625
6777.50097
211.802584
4940.05227
212.012280
5432.67389
208.064625
31088.9037
226.050813
3715.32370
205.732831
1275.60619
210.315223
3611.64275
206.541466
2868.82606
235.781836
2683.74446
212.833427
11969.7602
212.342655
910.048341
205.670143
1395.28946
203.970568
1318.98541
210.562062
3335.11356
204.592899
11883.8850
215.379384
3046.63722
207.183231
2213.96054
211.773106
9386.71442
205.109139
3289.17148
206.692838
3874.68397
213.746638
2004.36968
217.286408
3474.19949
203.471539
2179.05420
211.346517
4147.40623
207.082025
23328.3964
208.815027
16819.5367
208.242410
4378.43915
208.209377
1763.54983
206.701434
4527.00277
208.263674
2952.52704
206.690098
2244.96830
207.110482
1412.88231
212.309405
3239.45652
208.762032
18388.8583
212.525400
2357.54377
216.822710
3985.91309
214.050439
16968.6597
210.221845
3242.37005
206.713484
4243.55651
216.615935
5093.35813
239.493685
15507.0640
208.473607
1536.24380
207.819675
4065.65141
219.026035
2854.12979
396.237207
2699.49990
206.936430
5035.43410
221.371846
2921.95566
218.455742
1838.89015
206.203497
2617.62195
206.539782
5808.22474
210.023184
4166.39126
217.973708
6418.39945
211.013198
2584.82314
205.711727
2967.23413
208.800973
2045.55958
209.716051
4793.07943
212.969182
3871.48804
202.491290
1599.17724
207.369684
13591.7430
209.085793
4254.94926
218.871041
1105.78747
207.562994
2004.06715
211.164465
21821.6048
221.254109
20716.4632
228.955967
1980.92976
209.252674
1299.78771
209.166175
4282.05817
203.982651
4079.92574
211.713672
12966.3804
211.679749
2051.37898
218.514129
3584.58387
208.119306
3636.36814
211.325486
3527.66291
211.014333
3420.45762
204.050468
4728.16325
205.783112
3712.11916
207.926359
62012.6936
214.838732
21019.3063
215.095402
1808.58935
215.878801
2617.86633
206.114498
9298.86344
207.786136
12884.2728
207.320887
5092.83731
207.562519
4888.31396
206.637536
4886.12691
204.189001
2845.65121
209.651403
2265.06279
212.907230
4404.59132
207.133148
12469.3081
207.342250
5619.61148
210.818191
49904.0456
204.397667
3571.55108
216.160626
6087.66887
223.057773
11177.3778
205.508568
2975.76821
210.523509
3634.91374
210.458838
3197.72135
209.622330
26871.7971
209.385506
3444.14175
224.526791
6067.14836
224.908999
18404.9056
207.201659
1960.52055
203.590165
4593.44460
204.574117
17045.9750
210.730345
2864.00169
207.091499
7273.79296
208.133379
1825.58390
204.228798
3920.15453
229.264760
17470.6258
209.933198
30159.6201
213.160849
1647.21268
213.405766
2093.12252
213.943619
2583.12226
210.117934
4852.21408
204.541923
2905.65159
209.038827
3381.38111
211.416169
2702.55409
210.237256
10065.5700
209.730836
1899.58644
208.134063
11769.4656
228.537451
5881.61808
206.923522
3754.48561
208.528423
1659.13761
209.137626
6011.00078
210.678343
3088.63081
211.132561
2440.95891
205.223479
1468.43643
212.935674
1226.10682
203.409684
10021.9310
207.039614
4072.34876
211.026125
2348.79267
219.932174
9943.33947
205.971959
3629.74711
213.474426
13620.6130
207.967409
3625.34066
205.583416
3076.37667
206.973264
19592.2693
203.795074
4049.32278
217.222608
29240.9605
215.782290
6236.66431
212.411230
3248.44805
208.973320
15008.2242
206.435030
5951.25950
208.861472
5426.69207
210.245831
4027.95363
208.907552
8381.83962
205.204780
4745.18383
214.918022
19104.6527
208.768966
2727.67068
203.588858
1588.58934
219.217014
3204.99089
208.909367
2915.49486
207.718842
1387.32448
213.873698
2305.89943
213.961214
4128.00630
215.113989
2807.26091
212.888228
7314.87605
213.000406
4259.93313
207.541930
3738.07427
215.295134
11246.4699
283.835317
2973.35854
208.813111
3008.08730
203.660381
3963.83338
214.579568
1468.72765
220.768431
1964.45463
208.753281
4846.25571
223.654263
2506.25046
215.791664
2953.87708
207.114687
2111.58229
208.827696
5351.65253
213.472035
4258.00587
223.594631
2316.01853
210.454567
1402.03404
206.175512
4391.79352
209.955932
3665.39620
209.524125
3983.78234
207.377679
4407.61968
213.422069
2499.35915
211.858856
4555.73182
204.878399
2285.51623
204.736144
4503.65669
212.519188
10296.8844
208.705299
11851.6238
212.244280
1196.96838
204.753865
33342.9397
204.849769
3602.15321
211.342476
969.867508
204.448591
3199.40336
207.010463
6091.34846
204.634425
914.825679
212.264360
6110.72789
208.033688
13981.9145
210.119407
1889.18702
210.093172
8754.64358
203.694641
5400.95154
209.305279
22268.6310
216.882577
4465.82278
208.790817
5372.76956
210.238599
4255.76545
219.006537
21524.5676
208.689175
16132.1237
204.186430
9950.53935
211.471927
3333.65302
212.835583
5281.76164
203.071501
5234.97040
204.245875
3804.76055
220.715820
11472.9560
211.464753
1747.20408
216.659133
2346.81238
216.573943
5087.80256
205.857749
3009.97460
223.074149
8125.54570
208.599077
5552.63444
205.669371
4785.10165
208.680087
40566.0844
212.476196
22586.6044
230.225125
2126.16363
219.062601
1901.94899
214.225264
20454.7024
217.199674
3007.57811
214.013989
4108.98915
210.353951
15726.6887
206.697658
3511.09416
212.857222
8050.70054
229.802262
23020.9399
205.323076
2089.95477
220.401080
3812.93051
221.334826
3954.75892
218.977093
2128.41788
207.837981
4404.75935
212.937913
5260.82161
218.843638
3020.14154
225.562259
2349.24626
206.250925
4801.38698
205.533309
47923.1503
206.801929
3666.07324
212.586095
4532.41881
207.732530
28729.6687
215.814637
4256.49563
215.050691
3317.19879
210.004172
12879.5065
207.127307
1349.05565
208.301181
2802.63423
207.725870
12838.1636
206.955414
4253.00445
207.960213
19048.4822
205.753259
4120.44915
230.146915
5532.23669
213.169916
3895.75772
205.558898
2076.71263
210.496218
3865.45345
208.409513
3574.45755
213.514158
20529.1876
215.903952
8231.54870
207.280639
35421.5219
211.163212
1029.81009
215.147545
4731.97881
217.251842
15011.1192
206.934494
57264.1030
205.009248
4929.64159
210.068683
11517.2042
222.202723
6409.59366
208.754543
27802.1191
213.771755
6853.79328
212.320842
35784.7248
208.302273
18913.0624
204.890121
6897.65048
213.316363
18005.1958
208.504734
12526.6315
205.205045
18625.3093
212.244559
11329.0428
220.033404
2920.61829
217.380285
8622.20511
208.149533
8244.29257
219.942571
29809.9453
222.272338
10537.3123
206.754385
34333.2080
203.263416
6925.30613
207.447070
6825.76860
230.898763
34482.7395
206.354977
4167.40016
209.820142
2940.45792
213.716240
21279.1791
210.634762
11612.2137
210.148140
2881.22392
207.992689
11559.5987
209.156797
2476.05634
207.751533
3492.79395
203.299293
14197.5513
210.505797
14190.5590
207.695959
3363.44834
206.092539
11254.1252
205.414425
18629.6117
208.486555
5442.79186
209.017507
32529.3066
209.878703
3017.42070
207.351816
17749.1712
212.985864
33809.7360
208.227514
28564.9898
203.603469
68162.5583
210.948510
35953.6124
224.043231
5712.84862
206.271008
46325.6031
210.935620
23448.3114
206.861784
9819.52560
209.812558
33104.5769
210.767699
17068.5162
208.608966
2830.92746
214.584254
6460.90523
209.832848
11198.3750
212.881332
156521.291
207.923889
31558.3584
210.102045
13216.5539
210.636218
1907.50687
207.785945
7040.69875
205.065292
12702.3308
216.379198
20419.7965
205.777635
77251.0565
215.799538
5762.53453
217.663742
8410.94537
204.662789
3237.25156
212.795931
2224.82127
209.163973
8328.48924
204.361189
14013.9979
207.412187
43284.7265
205.134663
17670.8384
212.126742
28577.7857
214.698862
4358.03186
204.530979
39167.8496
208.537075
4081.98899
212.393750
14635.0875
206.172084
7598.61504
211.408571
4481.62944
206.608366
17354.5104
210.770064
18890.9014
207.023264
9995.29697
206.239435
44888.7543
204.006400
24059.9415
227.922398
39814.8128
218.389170
8314.79783
205.628468
20189.3231
207.124509
12454.7336
223.970144
7048.28971
206.926322
7388.99561
217.063308
25776.1609
214.732425
17997.3248
204.753380
7600.27779
215.510257
16190.5601
209.741913
10083.6308
204.858934
1477.08120
209.953317
222263.649
210.407503
6223.87832
207.215815
3749.66358
207.677868
19100.7001
214.549907
8649.88052
205.782423
593616.940
212.559521
15773.6513
213.228721
27602.8425
220.713346
12952.8189
207.348869
7030.82644
204.207486
7790.74804
234.785046
21872.7808
211.406933
10929.7751
208.118855
16948.5641
212.602253
71862.9842
228.146431
7860.09925
206.161300
23106.1382
208.552388
57636.3601
221.686641
8199.26740
208.261865
70171.7387
203.959635
15367.2750
208.370362
8912.93195
210.343522
4117.33849
210.595114
18174.4637
207.497433
14168.5749
208.721959
29407.2869
210.496541
11607.6027
216.411635
292498.956
207.050093
4075.89545
206.357564
17518.0713
223.515990
6651.44493
204.411444
5769.17684
219.433194
16615.8999
203.904143
2768.93774
216.952246
6700.32345
211.692708
2057.01814
208.621794
15685.4547
212.137475
8017.42908
213.207253
11314.0894
209.436638
4952.97104
210.421578
4302.26767
212.223565
282771.214
221.504538
17413.4932
211.255857
6705.74178
206.316839
15831.6785
211.834538
8502.49193
214.016597
9658.44131
207.483321
6506.07332
213.308364
27251.4857
206.207480
30165.2391
210.987599
3824.42934
208.247731
33417.3890
212.035186
4389.20952
221.978404
17563.0480
209.841308
1746.84979
205.177611
4843.09481
204.459558
6141.22815
216.474031
29529.1778
206.148706
3086.22990
214.351900
41141.7503
208.937520
2843.89581
223.622251
97359.8594
214.646483
11880.1665
209.403073
18947.7789
207.848451
30100.3266
214.090450
5939.88823
204.583768
3258.52999
209.982479
5225.72465
208.251649
16821.1839
206.657019
9317.62511
222.740844
18165.2749
221.384928
23868.4923
210.686902
5554.90222
216.684613
4514.63506
203.883408
3489.81282
206.178758
16669.4467
213.434519
2404.94138
212.268390
15452.3588
225.563360
3777.36829
206.734000
9983.98665
204.483379
3106.08602
214.217518
5692.78638
212.581767
40535.8659
213.041584
11561.3339
206.868166
33818.5105
211.016868
5547.92411
207.535483
3696.60563
219.108370
13192.4336
208.885680
26343.9732
208.008040
4308.63615
208.880505
174288.856
209.345605
3712.39791
211.687443
32752.6123
205.509718
5631.31870
207.788068
38692.0985
204.773803
4016.95975
208.498139
7858.91207
216.039584
16328.2517
205.792211
3654.62262
208.881851
230859.702
206.702827
6340.42375
204.257730
44709.5081
207.482568
6549.95621
213.660318
3492.68128
231.265826
7611.80209
206.675346
11114.9999
215.115750
5940.45260
204.955806
21865.0834
204.223557
6560.28747
208.236077
7379.29842
206.062868
28392.8039
208.102715
3009.91703
209.426190
7341.49817
205.636845
19526.4460
206.920090
92461.5236
208.818230
16632.4617
206.843511
233515.599
210.534860
14895.3149
207.379242
14229.7000
210.891320
11103.4355
205.143364
28874.7774
214.681841
48868.2998
216.368932
3612.12527
208.624437
4619.97801
210.532969
5272.90586
208.294461
8290.93701
211.372052
23649.2571
214.160440
23929.3152
209.087488
6376.23735
205.827244
44385.7936
204.096384
20213.3747
210.285598
2943.53085
203.236893
311614.108
210.109232
1890.65791
237.523088
5899.89523
207.155917
22467.5956
207.004583
4045.16370
213.855876
30427.3719
216.330995
30049.6481
209.357760
2610.30380
213.379477
37988.4862
214.937586
4507.62300
204.980185
7996.90518
204.540527
8314.49236
211.049781
2214.26051
215.632064
9346.20407
217.591873
91912.8377
211.242715
4312.03208
212.463861
6132.39354
206.915996
3749.40104
209.641057
20471.2388
209.405699
3928.72381
209.020925
4380.68922
208.275523
11402.3523
208.103570
7054.25456
208.565282
11088.5245
209.482146
15115.3404
209.219174
55289.2601
206.187149
6562.84509
205.383730
66351.2078
212.518881
14379.8640
208.528366
34854.3240
204.361802
7008.75184
213.148522
96073.0669
215.835451
35020.9941
210.108244
18487.6665
212.434487
2872.27465
211.007825
6041.60420
212.325719
296292.076
234.929572
49404.8582
218.187744
13083.5080
208.782318
4507.20884
212.679135
11657.0641
212.499833
1612.29879
206.509056
7280.97421
210.586537
337465.654
222.384422
3834.43224
207.452893
5330.63406
212.013117
3820.00343
210.088977
4310.28910
213.555400
4064.80284
222.495160
7439.25299
206.260325
4000.17767
209.659565
5221.50204
204.838088
13718.3982
204.304430
4043.05230
205.752591
19616.9116
214.379682
44819.9303
213.969782
12087.6970
217.569677
4640.26476
229.739319
8899.81999
205.463670
2779.14172
206.505272
4580.11404
208.135757
6962.22396
206.261560
8174.87388
220.189351
46011.1098
209.831687
14792.3200
207.668026
28005.7879
206.989619
45543.8930
205.151012
40635.3711
215.731593
17381.7243
212.103991
3993.28127
212.319874
14430.1015
205.210767
18676.4457
212.297455
4009.48527
204.460955
5630.59444
203.644803
115472.146
210.458769
29544.6100
206.990416
9817.11994
208.366911
8107.36130
206.527085
14630.1504
207.963339
15098.9525
207.688437
39920.6511
206.520637
4406.22236
214.675889
36569.6513
209.912507
20357.4168
227.809269
2465.21138
207.516565
67033.5362
213.196108
6202.94398
208.436255
4368.97868
210.201348
26020.6922
231.263347
14616.6459
211.264320
4031.97928
207.410692
4367.73499
217.136334
6340.36262
209.579391
9443.15841
215.420400
9207.54407
212.059862
59270.1940
203.218122
37279.0843
207.203983
48137.2336
221.790188
1554.78943
206.846885
6796.42106
204.528682
25639.2733
214.050823
29415.3260
211.641436
11579.2878
207.145336
6805.66340
226.699182
25071.4109
214.222460
6457.43647
210.779500
5375.10120
226.431989
383158.401
210.151469
16177.0712
216.746515
4126.57874
250.678035
2158.67579
205.799672
2801.03809
207.807590
35990.1940
202.578074
15560.7377
206.887852
4301.04087
215.950839
24771.9038
212.578405
15433.4480
216.061590
19754.9968
218.565643
3502.73953
207.998025
52373.3657
224.210775
50470.6234
214.567577
26117.2452
208.434362
57426.4094
213.274577
4996.23720
220.044929
2922.88451
207.251909
46270.4421
216.414355
71267.5918
251.532453
12367.5063
206.195854
34344.2432
209.798283
6869.25996
213.010513
20328.8911
205.451312
23010.5722
210.612467
14233.0366
218.377285
54261.9518
215.581584
3659.46060
206.850002
33132.4154
206.723242
20896.1491
206.580007
335340.470
210.170672
2240.95458
220.675480
15218.2122
203.848256
8107.19313
215.636184
4838.27509
208.971360
3401.44753
206.889078
34908.8868
215.760312
11648.7809
213.894780
41412.5184
208.457819
2634.77170
217.868054
5906.84434
209.928538
12400.3002
231.251503
20917.4662
207.691917
32879.2949
217.175068
8742.34323
209.581536
7589.02131
207.550397
15570.6238
210.334554
3944.60348
210.919869
13672.2569
224.256763
17952.2646
210.776280
25637.7342
208.101490
24594.5598
204.594672
6288.31683
208.356089
4929.51824
213.876917
5933.80027
212.990887
34079.1832
212.800766
46890.9743
208.643238
9701.31244
211.137867
19034.8005
221.233662
3750.65726
206.804378
7900.73167
215.668324
19222.8728
209.617130
40992.9622
208.264426
14577.5323
207.376765
17361.6419
210.381284
35490.1086
209.049626
94433.5622
259.005007
11237.3083
207.724112
6647.33170
209.686008
29326.2186
215.514762
22788.4303
