210.50930334 6.132339836498971 203.99979344250002 0.5565634899352605 0.0
210.37989814 7.691868854628923 208.1318027425 2.2373212119456967 0.1
210.61791158749998 6.155889903074593 219.8819735425 6.565364071329662 0.2
211.0362182425 6.765393460568702 245.159487925 17.3622108598036 0.30000000000000004
210.3794279925 5.93106717742941 287.36151755749995 30.867883454161174 0.4
211.2576378275 7.093401341716499 371.204397045 64.28407782664047 0.5
211.0322036 7.219786274416623 541.5429711075001 171.54776725611302 0.6000000000000001
211.205236135 8.492886455200258 1116.168884145 1055.1769577605896 0.7000000000000001
211.0502110875 7.2451295126948025 2470.47172464 2247.159871898661 0.8
211.927978985 11.461485087865091 7541.419745199999 10431.46288373482 0.9000000000000001
211.449402335 6.939708697592898 26602.10654735 55839.29593845289 1.0
