-1863 -942. -524. -336. -29.1 -53.4 -314. -407. -281. -149. -131. -134. -133. -135. -130. -212. -213. -202. -202. -187. 
363.2 156.6 104.1 134.6 -159. -209. -270. -281. -294. -249. -191. -128. -99.6 -158. -168. -152. -145. -170. -161. -150. 
-361. -155. -132. -96.2 -571. -606. -423. -476. -393. -322. -285. -325. -305. -297. -358. -339. -328. -318. -283. -259. 
230.4 264.0 95.47 341.4 233.0 260.7 109.6 77.87 67.04 -16.4 31.55 16.83 -68.0 -71.6 -71.3 -4.49 -9.75 -13.2 -5.90 -13.7 
-1014 -566. -426. -266. -360. -276. -145. -155. -110. -87.4 -68.5 -19.4 -66.9 -80.9 -107. -101. -158. -110. -71.2 -72.0 
2.526 1.827 -2.25 -36.6 542.6 456.2 531.3 493.5 444.4 482.6 376.4 352.9 310.7 252.9 220.9 160.4 153.4 137.8 149.3 155.8 
31.11 235.7 247.3 162.5 285.3 306.4 242.5 230.5 180.7 207.4 192.2 149.0 138.8 154.2 216.4 156.1 158.1 148.7 120.7 134.1 
442.0 785.8 472.0 -90.6 -36.4 -40.6 -24.0 -39.8 -5.01 21.42 9.307 33.36 37.22 42.13 59.85 -3.32 -17.0 -25.4 -62.5 -61.6 
-20.0 212.7 177.5 84.74 114.1 133.7 102.4 75.70 262.0 232.7 200.3 82.82 77.13 83.98 74.43 43.93 49.86 74.57 55.76 54.76 
182.9 186.8 114.6 89.45 66.09 46.62 -9.14 -60.1 -13.1 -11.9 69.21 13.27 12.01 3.311 24.62 -35.0 -41.7 -61.7 -63.2 -102. 
-42.0 24.21 7.731 17.87 37.25 -9.17 -85.5 -73.8 -76.8 -75.2 -51.0 -72.5 -51.6 -127. -87.6 -82.8 -59.3 4.863 -13.6 24.99 
121.3 429.4 265.7 251.6 137.4 70.02 -16.1 35.65 27.81 -5.76 37.14 -15.2 -13.1 -39.1 -37.0 -39.5 -40.0 -38.8 -53.5 -33.8 
32.96 -18.8 -224. 108.6 -72.7 -57.2 -2.95 35.36 53.31 45.89 7.413 -7.13 -85.4 -107. -93.6 -107. -97.1 -90.8 -86.9 -83.4 
-123. 141.2 119.0 58.20 138.2 12.35 32.54 34.76 -19.5 -20.3 24.92 25.43 53.22 78.71 55.23 84.91 59.16 44.72 46.64 52.31 
-605. -688. -392. -292. -225. -209. -192. -173. -172. -208. -208. -179. -156. -143. -152. -179. -182. -172. -165. -202. 
108.6 42.26 0.067 -225. -176. -146. -219. -188. -143. -123. -138. -129. -123. -117. -64.1 -96.2 -90.8 -83.2 -57.5 -55.5 
-62.2 -47.4 -134. -81.1 -21.0 -9.18 -17.1 -113. -100. -127. -117. -175. -162. -159. -148. -144. -66.3 -67.9 -78.4 -87.0 
4.526 -338. -222. -169. -249. -224. -190. -173. -156. -129. -135. -126. -129. -105. -100. -93.7 -75.6 -104. -97.8 -92.4 
-96.9 -47.8 17.54 10.68 10.36 23.26 121.6 140.0 117.6 100.1 90.95 97.14 95.33 75.13 68.55 68.26 60.31 68.74 67.51 61.30 
-34.6 27.90 7.336 -37.6 -46.3 -113. -106. -93.4 -71.6 -64.0 -48.5 -45.0 -34.1 -51.3 -46.8 -46.6 -33.1 -35.9 -41.6 -49.6 
-182. -6.31 8.888 32.79 26.33 46.52 74.84 60.11 52.97 31.60 26.73 50.73 35.36 31.23 27.10 18.80 21.64 76.49 70.99 96.89 
76.61 42.59 -66.1 257.6 241.1 211.2 182.6 158.3 148.8 133.9 124.4 97.11 55.37 67.17 39.83 37.09 26.47 19.26 28.77 26.41 
3.517 130.8 -16.0 -34.3 -41.2 -39.9 -33.0 -20.6 -24.1 -21.1 -13.6 -16.9 -17.4 -6.58 21.82 25.19 12.07 23.92 18.77 2.997 
-80.9 -63.6 -40.9 -43.9 -120. -96.6 -84.3 -64.0 -56.4 -71.3 -89.0 -64.8 -60.0 -56.2 -53.0 -53.2 -49.2 -61.4 -52.2 -42.2 
0.512 14.48 -32.3 -25.3 -17.8 -10.6 -30.3 -29.5 -29.4 -10.8 -25.6 -23.5 -44.8 -49.5 -61.1 -60.8 -50.2 -55.2 -57.1 -34.5 
-25.7 20.52 40.32 30.30 46.37 35.97 30.96 29.99 28.52 35.51 35.35 29.05 29.09 38.43 39.64 43.33 52.36 43.73 46.42 44.04 
-193. -92.2 -55.6 -36.9 -15.2 -22.8 -11.6 -3.82 -5.84 -8.59 -17.7 -17.6 -18.2 -17.9 -12.9 -13.1 5.107 6.932 14.06 14.21 
-81.6 -154. -95.9 -61.2 -49.3 -37.5 -32.4 -1.98 -1.51 -5.26 -5.11 -16.6 -13.4 -24.9 -16.5 -30.5 -30.5 -20.4 -19.2 -18.8 
-365. -166. -102. -93.9 -62.6 -53.0 -38.4 -26.5 -7.94 -6.13 -8.36 6.048 -3.04 -1.84 -3.40 -2.52 -4.69 -6.47 -7.69 -7.54 
-5.34 -2.02 -0.86 -78.6 -62.6 -49.0 -76.5 -47.7 -37.7 -47.7 -43.4 -42.4 -38.6 -18.2 -24.8 -22.8 -17.3 -20.9 -17.0 -19.4 
165.4 44.02 60.63 122.5 99.95 82.84 72.62 59.08 52.45 41.47 35.91 23.58 24.59 31.24 30.24 30.15 30.42 33.02 30.04 28.21 
-9.89 -18.9 22.27 18.30 50.67 29.73 28.44 73.01 62.63 68.99 57.16 64.56 53.21 49.69 51.12 48.06 42.90 42.66 23.46 21.86 
-2.71 13.39 3.907 22.37 8.319 27.11 22.37 19.88 14.67 12.90 27.34 11.90 10.78 8.292 6.751 6.640 8.113 7.647 6.539 -0.49 
68.17 2.149 -4.73 20.40 10.60 2.635 9.169 -23.2 -12.9 -8.17 -5.84 4.634 4.397 1.646 -0.44 2.029 1.160 3.758 5.069 4.744 
-48.7 9.277 4.946 15.90 11.44 -28.9 -25.2 -34.4 -28.3 -36.4 -29.2 -22.7 -20.9 -19.4 -17.6 -17.6 -16.0 -16.5 -15.3 -13.7 
23.49 34.22 22.31 17.97 29.56 35.81 65.39 60.44 51.20 37.17 37.70 33.52 7.010 6.197 10.21 13.12 13.62 5.532 -2.34 -2.21 
-90.2 -63.6 -45.5 -44.7 -36.2 -21.9 -17.8 -17.1 -17.3 -18.2 -15.2 -14.1 -14.3 -19.2 -14.9 -9.22 -13.2 -13.1 -12.6 -11.1 
-29.0 43.67 36.03 28.02 31.45 33.77 53.17 47.22 39.96 48.41 40.20 35.57 41.21 38.25 32.88 28.06 25.03 23.79 31.80 19.46 
74.60 32.46 25.17 12.93 -3.08 -2.53 -4.73 1.336 4.003 7.545 7.346 2.507 11.99 15.51 16.08 16.40 27.13 31.73 31.51 31.17 
6.575 24.17 5.755 2.763 -30.5 -29.2 -18.7 -9.58 -22.4 -20.7 -17.0 -13.3 -14.0 -5.54 -6.94 -5.12 -6.47 -6.80 -5.69 -3.39 
-1.78 95.70 50.18 34.47 27.87 33.86 30.99 26.66 14.79 14.20 8.865 7.620 10.37 16.17 21.76 24.56 15.70 14.68 13.05 20.50 
-174. -115. -57.4 -24.8 -8.64 -29.8 -33.5 -27.4 -29.2 -26.8 -28.9 -26.2 -24.5 -17.1 -14.7 -11.4 -9.18 -8.67 -8.12 -9.21 
-147. -73.3 -57.0 -59.8 -48.6 -27.1 -27.1 -21.2 -15.8 -13.3 -4.08 -3.61 -19.1 -22.3 -20.6 -19.2 -23.7 -19.1 -19.1 -19.4 
70.38 35.49 23.62 17.19 30.14 18.14 22.43 18.88 16.82 10.98 3.041 -1.53 -8.68 6.194 5.543 12.90 19.41 24.10 22.71 13.39 
-101. -54.1 -41.1 -36.6 -28.8 -23.7 -14.3 -12.2 -10.9 -9.84 -14.7 -18.8 -15.8 -9.25 -7.25 -3.57 -5.41 -8.07 -8.37 -5.88 
-12.9 -0.76 -1.94 -1.46 10.33 8.109 8.653 7.383 -9.81 -19.0 -28.9 -37.6 -31.1 -40.0 -37.9 -35.9 -32.4 -30.7 -30.0 -28.5 
5.332 23.21 11.60 7.103 49.55 75.88 64.66 47.16 36.58 45.99 39.73 32.57 30.41 28.32 20.42 18.74 27.34 30.85 26.62 24.80 
-25.0 -1.23 -0.26 0.650 0.984 0.483 -0.57 -3.75 -3.79 -0.89 -2.92 -3.90 -2.87 -0.29 -2.11 -1.85 -1.08 -0.77 -0.95 -0.97 
110.9 21.56 19.40 18.19 14.78 13.86 19.10 18.29 18.86 21.70 27.28 27.89 25.89 24.39 23.11 21.94 19.49 19.00 17.40 10.32 
8.993 11.88 -6.27 -2.91 2.861 2.447 7.764 6.409 8.696 8.818 6.727 8.104 8.371 7.290 7.122 4.592 0.678 1.672 0.977 -0.30 
8.084 6.001 20.29 16.61 13.45 10.74 8.370 5.575 4.740 -5.82 -5.87 1.935 -3.78 -1.58 1.539 7.620 3.979 1.683 2.277 -0.99 
36.95 27.55 31.39 44.26 35.42 44.99 38.84 33.94 32.21 30.87 33.23 30.57 22.54 24.12 21.63 21.85 21.71 11.50 13.25 7.171 
-5.88 2.292 7.271 6.441 -10.8 -11.8 -10.5 -14.1 -10.1 -9.31 -8.29 -11.9 -3.57 -4.53 -4.12 -2.23 -4.67 -3.00 -7.00 -9.13 
-50.9 -23.8 -9.50 -7.32 -5.94 13.95 39.47 33.91 30.05 27.10 23.60 22.45 20.54 19.51 13.19 15.01 11.37 9.551 7.935 7.470 
-0.08 54.78 52.58 37.92 40.61 35.95 33.07 34.35 32.35 30.37 28.82 29.17 28.96 27.16 25.68 34.91 32.78 29.94 30.84 23.92 
12.78 10.53 6.652 2.181 0.374 -7.30 6.560 6.336 2.457 16.33 17.99 23.63 20.69 18.25 16.10 13.26 10.38 8.017 4.098 3.424 
20.84 4.304 -0.79 15.90 -1.06 0.984 -9.29 -17.3 -15.5 -13.9 -12.4 -10.3 -7.96 -8.18 -6.16 -7.26 -7.77 -7.94 -2.10 -2.24 
96.00 74.34 58.00 44.52 30.75 51.16 42.12 35.11 34.25 27.18 26.01 23.83 22.17 21.58 21.33 21.90 23.48 21.34 18.24 15.62 
-4.43 7.853 23.20 19.00 42.35 33.56 38.59 33.48 29.56 26.17 26.84 28.32 24.90 31.86 29.82 26.68 25.33 24.26 18.17 12.69 
-56.6 -91.0 -21.0 11.91 9.855 8.095 6.102 5.370 10.96 6.494 -10.8 -11.1 -9.79 -0.81 -0.79 4.746 1.666 1.022 -2.32 -3.09 
1.590 -37.0 -27.9 -18.9 -16.9 -10.5 -9.54 -3.16 -9.23 -8.01 -7.14 -11.5 -10.4 -6.14 -7.92 -7.50 -7.74 -7.33 -9.78 -14.2 
-45.6 -15.4 -7.58 -5.63 -5.48 6.226 3.513 2.264 2.696 3.272 2.808 5.266 5.104 12.26 13.64 6.650 -1.34 0.356 -3.19 -1.05 
57.59 27.21 23.62 14.75 11.56 15.24 -0.69 1.423 1.100 -8.58 -9.88 -9.26 -8.21 -7.97 -6.73 -4.06 -4.38 -8.51 -4.06 -2.24 
-5.51 51.63 30.11 22.62 13.70 11.25 11.24 10.60 1.715 3.329 -8.58 -10.0 -14.6 -14.4 -17.9 -11.8 -11.5 -11.0 -6.88 -7.05 
2.837 -38.9 -27.0 -11.8 -10.2 -5.16 -1.17 4.435 -2.91 0.070 -0.90 -0.75 -1.94 -2.25 -1.72 -1.68 -0.50 -0.27 -0.29 -0.64 
-13.9 -19.7 -19.2 -13.0 -14.3 -11.3 -3.37 -9.13 -15.7 -15.5 -12.5 -11.7 -10.0 -9.20 -4.93 -5.65 -5.21 -3.91 -4.11 -2.87 
83.18 42.83 43.44 44.85 42.91 31.01 25.45 22.63 5.410 7.292 8.524 8.470 7.515 3.800 3.355 3.920 4.314 5.471 4.486 5.341 
-3.41 9.572 0.288 0.654 -1.84 -1.27 12.00 21.77 15.29 14.67 22.20 20.44 15.89 14.68 25.32 23.20 24.83 24.98 22.97 21.98 
25.86 -7.49 7.792 -0.33 12.65 12.66 9.851 10.72 2.378 2.437 -0.06 -1.81 0.082 0.095 0.189 2.346 2.239 0.927 2.676 2.677 
-22.7 -9.48 -8.16 2.422 3.636 0.869 2.865 4.971 4.140 7.205 6.101 5.719 2.910 -6.10 -5.68 -4.71 3.031 2.676 4.516 8.645 
-4.32 -28.1 -18.9 -14.2 -17.3 -3.94 -34.7 -30.5 -27.1 -24.3 -23.3 -22.9 -22.1 -19.5 -17.7 -19.6 -17.9 -16.3 -15.5 -14.8 
-0.94 -6.53 13.46 10.82 12.74 11.17 7.578 9.134 -2.08 -4.80 -4.88 -8.42 -11.3 -7.04 1.556 -5.99 -2.78 -4.25 -2.06 -8.67 
-1.80 4.028 2.773 1.499 -5.33 -3.20 -2.95 -2.04 -4.07 -3.98 -3.12 -6.45 -10.1 -9.59 -10.9 -11.1 -10.9 -9.42 -11.4 -19.9 
21.77 11.62 6.792 1.131 3.307 3.531 12.68 13.82 12.59 10.80 9.538 7.676 7.836 6.263 5.828 5.287 4.484 3.593 1.383 1.259 
14.31 11.62 10.13 -10.0 -8.04 -7.30 -6.28 -5.53 -14.2 -11.1 -9.36 -9.58 -7.53 -7.80 -6.75 -12.5 -12.8 -12.2 -12.7 -13.7 
-32.0 -19.0 -9.50 -7.29 -1.40 -1.33 0.478 1.033 1.618 1.275 -0.91 -7.30 -6.78 -4.02 -3.75 -2.54 -7.56 -7.88 -10.0 -9.09 
19.48 3.852 9.898 1.648 -1.17 1.469 10.77 5.622 4.962 10.44 16.52 15.95 14.69 13.94 11.26 11.05 9.864 8.160 7.734 8.521 
8.326 9.069 9.313 10.44 8.340 6.315 5.427 5.227 3.064 -2.44 -1.83 -5.99 -4.20 -5.59 -8.81 -8.90 -4.06 -2.82 -1.98 -2.47 
-14.8 19.31 12.58 11.62 -10.1 -6.66 -5.51 -3.90 -8.60 -7.54 -6.67 -0.54 0.137 0.867 -4.37 -4.19 -2.05 -1.94 -2.05 -2.29 
-21.6 -11.1 -6.70 -1.17 -1.44 3.052 0.754 -8.96 -8.89 -4.90 -4.54 -1.82 -4.43 -6.39 -6.31 -7.51 -7.18 -6.72 -1.38 -2.87 
5.718 9.846 27.89 -15.7 -8.02 -5.31 -5.35 -4.24 -4.28 -3.52 -0.88 -0.85 0.243 2.619 1.167 1.318 2.331 5.148 6.695 8.759 
6.300 4.853 -2.50 10.48 -2.37 -1.44 -3.37 -6.47 -6.35 -5.98 -6.25 -4.65 -3.33 -3.76 -1.84 -3.26 -3.34 -3.36 -3.01 -3.45 
-3.48 7.530 9.764 7.802 5.239 5.875 4.445 5.506 5.830 4.166 -2.96 -1.99 -4.37 -4.96 -3.70 -3.49 -3.52 -3.49 -3.76 -0.83 
1.271 0.688 11.68 5.928 4.683 4.713 4.038 1.088 -1.12 -0.94 -2.52 -0.58 -1.18 -1.07 -1.59 -5.37 -9.32 -10.0 -8.81 -8.54 
3.746 11.00 4.503 2.439 -0.86 1.608 1.495 0.494 0.134 0.422 -0.19 5.507 -4.02 -4.29 -4.31 -6.66 -7.62 -8.84 -2.89 -3.78 
33.63 7.786 7.230 -5.17 -2.35 -2.14 2.446 -1.29 -2.72 -2.37 -3.03 -2.69 -2.08 -0.58 -0.30 -0.88 -1.00 -0.91 -0.93 -3.03 
-3.40 -8.50 -12.1 -10.0 -0.64 -5.87 -5.48 -9.59 -8.13 -7.06 -6.91 -4.42 -2.58 -2.02 -2.41 -1.47 -3.92 -2.67 -2.54 -4.49 
1.166 46.85 42.27 30.85 24.36 17.41 14.67 14.12 12.97 10.52 9.314 8.488 24.13 22.74 17.95 17.38 17.70 14.51 11.82 1.923 
-5.92 -1.43 2.503 3.351 3.381 12.08 14.43 13.83 11.92 10.34 13.20 12.50 10.86 10.48 8.783 8.595 8.608 6.891 9.090 8.120 
11.18 6.627 36.80 26.58 18.77 18.90 16.66 22.85 20.99 20.81 17.86 15.41 15.69 15.31 15.88 14.89 13.59 12.72 12.03 11.37 
-4.25 -15.5 -9.27 -8.37 -6.08 -4.08 4.595 1.584 -5.00 -4.21 -2.35 -2.14 0.681 0.391 3.601 3.580 1.985 0.972 0.600 -0.42 
11.07 5.749 10.19 17.07 10.95 -0.05 -8.72 -5.46 -4.82 -5.55 -6.88 -2.45 -2.13 3.252 2.989 1.439 4.100 3.809 3.611 3.511 
10.98 1.584 0.734 -2.64 -2.74 -5.55 -11.5 -9.83 -8.79 -8.70 -7.82 -7.18 -4.07 -3.34 -2.66 -2.46 -2.48 -4.41 -5.07 -4.36 
-25.7 -11.6 -8.22 -9.36 -2.21 -3.02 -9.80 -5.85 -3.95 0.258 0.379 0.442 0.218 -0.57 -0.55 -0.08 -0.65 -2.34 -0.52 0.249 
-23.3 -22.1 -39.1 -39.5 -27.6 -18.9 -19.6 -13.6 -13.3 -11.4 -11.8 -11.2 -10.4 -10.5 -9.53 -9.47 -8.75 -8.73 -13.1 -6.09 
-0.54 -14.3 -5.80 -6.27 -4.82 10.42 8.681 13.76 15.51 13.96 15.40 13.11 11.81 11.94 9.538 9.142 8.389 12.96 13.68 16.41 
3.746 -1.64 1.442 -8.99 -7.13 -5.47 -5.41 -1.32 1.856 4.514 -1.25 -0.53 1.253 -1.72 -2.24 -0.42 -1.36 -1.74 -2.80 -3.34 
5.115 -1.98 22.58 9.238 14.42 15.40 18.30 16.72 14.80 13.02 11.95 12.56 7.585 7.241 5.424 2.051 2.258 -1.80 -2.36 -1.64 
0.030 5.602 4.933 12.25 13.16 15.20 18.71 13.73 13.97 13.05 11.25 10.46 8.983 10.01 8.344 7.750 10.26 9.754 6.583 6.363 
-40.1 -37.3 -29.1 -23.8 -9.92 -11.3 -14.9 -13.0 -11.6 -16.1 -2.30 -2.62 7.465 6.929 5.402 5.104 4.747 5.435 4.657 4.309 
-2.95 14.08 17.57 10.63 7.245 7.997 6.435 3.601 4.214 4.401 4.527 2.775 4.152 4.790 3.589 3.695 3.204 2.703 2.482 2.301 
-20.1 -1.37 5.508 6.474 4.240 3.343 21.03 9.859 11.47 9.078 8.282 8.893 7.579 7.239 6.751 6.944 5.993 5.791 5.763 4.630 
90.96 37.98 24.31 -6.79 -6.38 -6.65 -13.4 -11.7 -9.00 -9.90 -8.44 -6.20 -6.13 -5.62 -4.61 -3.13 -3.51 -2.63 -2.47 -2.55 
-13.2 1.254 2.273 -0.70 5.374 0.315 -1.53 1.374 1.250 4.902 1.980 0.961 0.541 -0.24 -2.53 -3.18 -3.36 -3.14 -3.03 -2.67 
-10.5 -24.0 -8.23 -5.81 -14.7 -13.3 -13.4 -11.6 -9.28 -8.43 -11.7 -12.2 -10.8 -9.06 -2.22 11.89 10.79 13.24 9.887 8.408 
-72.7 -41.3 -46.8 -33.4 -30.9 -25.6 -23.8 -20.7 -18.9 -15.5 -17.4 -14.7 -16.4 -13.7 -11.5 -10.6 -10.0 -9.97 -9.31 -8.03 
4.480 -4.64 -12.2 -7.06 -5.45 -6.17 -12.2 -7.98 -15.3 -13.8 -12.6 -14.5 -13.4 -12.7 -12.1 -10.9 -9.67 -9.20 -7.30 -6.53 
14.06 8.023 -3.67 -3.35 -4.08 -3.93 -4.49 -3.76 2.086 2.853 1.432 1.851 2.821 4.172 4.555 1.983 1.844 2.817 0.640 0.450 
-2.77 1.191 0.606 1.120 8.434 5.312 5.034 9.893 13.01 11.16 8.457 11.37 10.52 9.395 11.33 11.56 11.96 11.12 10.30 9.893 
-0.24 -0.52 6.749 4.991 -0.76 -1.97 -1.51 -1.30 -0.96 -6.17 -2.25 -1.67 -1.99 -1.62 -5.64 -4.78 -5.38 -5.01 -2.52 -2.39 
-16.2 -23.1 -15.6 2.821 2.625 -2.67 -12.1 -11.0 -9.20 -15.2 -14.7 -13.3 -11.8 -11.6 -10.8 -9.77 -11.4 -11.0 -10.2 -5.83 
28.90 4.863 -6.94 -3.58 -3.03 -0.83 -2.32 -2.40 -2.64 3.584 3.253 2.096 -2.12 -1.78 -4.46 -6.06 -5.75 -7.28 -7.67 -7.24 
0.374 11.30 9.985 16.91 13.69 9.847 -1.01 9.087 8.607 6.984 7.187 6.045 5.759 6.471 6.692 3.698 4.001 3.723 3.733 3.511 
6.932 15.71 10.27 16.84 23.07 18.88 20.97 12.37 10.65 9.678 7.434 6.748 10.76 12.44 16.52 12.18 10.93 9.046 3.778 3.402 
-3.70 12.87 4.266 -0.54 -1.58 -4.20 -5.13 -0.32 -0.00 0.675 1.323 2.478 1.607 -0.85 -0.93 -1.19 0.966 0.398 -1.32 -0.99 
27.86 22.50 9.896 11.53 8.746 8.865 7.573 6.272 5.824 3.520 7.044 6.364 6.117 5.378 5.095 7.349 8.240 9.673 11.71 10.67 
0.282 1.015 -0.05 0.382 -15.3 -13.2 -14.4 -11.8 -10.2 -7.41 -7.27 -9.64 -10.6 -10.3 -9.97 -8.06 -7.32 -11.0 -6.99 -6.59 
-1.22 8.238 5.537 2.905 8.978 8.357 11.60 19.84 17.81 15.65 13.03 13.72 12.89 11.81 5.348 3.847 3.888 2.071 5.307 5.457 
4.468 2.241 0.248 0.606 -0.14 -0.56 -5.16 -12.4 -12.7 -12.8 -14.2 -13.3 -12.6 -12.1 -10.2 -8.14 -7.56 -7.20 -6.78 -7.54 
12.14 6.460 2.247 -6.67 -3.81 -3.12 4.593 3.366 3.873 4.972 3.077 2.871 4.127 3.685 -0.01 -2.73 -1.64 -1.84 -1.59 -2.03 
22.87 15.38 15.18 10.40 7.797 7.918 8.301 5.059 5.562 4.715 9.638 8.367 5.167 2.803 4.263 1.505 2.884 2.145 2.117 2.269 
20.96 7.967 14.77 9.229 7.022 9.053 16.77 20.31 17.92 16.85 11.30 8.120 5.807 5.576 3.267 2.600 1.462 1.944 2.106 1.590 
2.257 -1.99 -2.62 -3.80 4.870 3.537 2.837 5.128 4.059 2.461 0.934 0.464 -1.27 -0.46 -1.70 0.946 1.087 2.271 2.469 2.458 
9.025 -4.57 -11.3 -8.55 -6.85 -4.75 -2.49 1.177 -1.36 -0.53 2.744 2.383 3.714 3.865 3.814 4.005 -1.58 -0.70 -0.86 -0.09 
8.814 6.294 4.042 -8.21 -7.30 -5.35 -4.69 -2.09 -1.55 -1.30 -4.65 -4.60 -2.27 -1.81 -3.05 -2.77 -1.86 -1.78 -2.34 -2.24 
-47.3 -18.6 -13.2 -23.8 -20.8 -19.8 -15.6 -14.5 -15.2 -13.7 -11.6 -11.2 -10.3 -6.66 -6.11 -5.04 -4.80 -4.51 -4.96 -8.37 
-1.95 5.368 3.863 -1.72 -1.95 -10.9 -9.34 -8.52 -9.60 -8.25 -9.34 -12.7 -12.2 -11.6 -10.3 -8.30 -8.05 -6.73 -5.81 -5.73 
6.718 2.555 -0.39 -1.98 0.324 -1.47 -3.08 -2.70 -2.58 -2.41 -2.68 -1.97 -4.47 -4.24 -3.74 -4.32 -4.92 -8.87 -8.11 -7.93 
-4.89 1.336 1.855 1.472 -1.21 -0.36 -1.21 -0.78 -0.93 7.699 8.053 7.291 2.075 0.417 -1.85 -2.45 -3.21 -3.04 -2.44 -2.42 
-0.65 1.084 -0.42 -0.07 -4.23 -5.91 -6.12 -7.00 -7.12 -10.9 -12.0 -11.0 -10.1 -2.54 -2.58 -5.68 0.614 0.565 0.740 -5.74 
-0.06 -12.1 0.580 -3.47 -2.04 -3.88 -3.25 -5.16 -4.44 -3.20 -3.02 -5.09 -3.11 -7.88 -8.87 -8.34 -8.67 -7.08 -6.87 -6.90 
29.91 14.73 8.608 0.815 3.529 4.463 2.030 3.356 4.962 3.487 1.557 3.402 3.534 3.276 3.593 1.787 1.581 1.087 1.398 3.870 
-14.8 2.153 9.442 6.928 6.981 8.096 10.10 8.900 7.856 7.332 3.040 2.605 1.793 -0.22 -1.20 -2.52 -1.63 -1.35 -0.67 -1.26 
-25.4 -17.6 -17.8 -24.8 -18.4 -16.0 -13.2 -12.2 -11.7 -13.1 -11.3 -9.97 -5.27 -4.76 -5.24 -5.51 -5.27 -5.23 -3.04 -0.72 
4.393 1.864 -0.05 5.761 3.870 -1.07 -0.90 -0.86 -0.94 -1.14 -1.08 5.268 2.288 4.634 5.527 4.615 4.234 3.829 3.584 3.396 
3.260 3.305 -7.16 -6.18 -4.92 -4.07 -6.18 -6.98 -7.72 -6.89 -6.87 -4.97 -3.69 -3.19 -3.24 -3.13 -3.40 -5.82 -6.94 -7.69 
-7.48 -54.2 -35.2 -22.1 -17.6 -9.22 -7.95 -7.39 -5.98 -6.00 -6.73 -5.42 -3.21 -3.64 -4.16 -2.20 -2.27 -3.08 -1.12 -1.10 
-0.04 12.19 26.69 22.33 16.08 15.76 9.515 9.444 8.638 1.888 -0.81 -1.06 0.082 -1.58 -2.03 -5.40 -5.18 -5.52 -4.76 -4.44 
-31.1 3.686 6.102 -1.92 -2.93 -2.30 -0.59 -2.70 0.012 -0.38 0.397 0.864 0.825 0.883 1.056 1.304 1.245 1.134 0.709 1.833 
20.06 18.21 7.617 9.479 10.27 13.85 11.89 9.978 9.490 8.940 11.10 10.39 9.632 8.599 8.389 7.799 8.257 7.732 6.880 7.084 
-16.7 -9.28 -3.89 -2.56 -4.16 -3.40 -2.71 -2.90 -1.42 -2.99 -3.24 -2.84 -4.20 -3.97 -5.46 -5.19 -1.87 -1.91 -1.89 -1.58 
7.626 3.073 -0.85 -1.20 18.35 20.41 17.37 15.11 14.04 12.59 13.67 12.50 11.46 11.15 11.20 10.64 10.48 10.49 9.892 9.717 
48.84 6.392 4.535 -4.18 -7.20 -6.84 -7.07 -3.38 -3.10 -1.28 -1.12 -1.16 0.453 0.660 2.589 2.567 1.821 2.752 1.700 1.962 
5.643 -13.8 -12.1 -11.1 -9.03 -7.40 -6.49 -5.39 -4.22 -1.37 -1.67 -2.26 -6.77 -6.33 -4.86 -6.03 -5.75 -5.56 -5.06 -4.15 
4.417 -7.95 -5.57 -0.99 -0.78 -2.25 -1.07 -2.60 -1.68 2.416 2.607 2.940 5.110 4.763 5.073 4.632 6.961 6.761 5.847 4.887 
6.613 4.668 -6.60 -11.2 -8.85 -8.50 -6.17 -2.53 -1.67 -0.92 0.221 0.306 0.154 -0.09 -0.06 -4.48 -4.25 -3.94 -4.76 -5.78 
0.261 6.567 8.730 -5.16 0.191 2.535 4.414 3.925 3.700 3.133 2.874 2.298 2.096 2.376 6.252 5.886 5.917 5.258 4.721 4.425 
-7.22 -17.1 -9.23 -9.95 -7.42 -4.08 -2.27 -2.33 -1.42 -0.90 -1.65 -1.69 -0.46 -0.25 -0.32 0.266 2.129 2.409 2.297 2.139 
7.184 -2.02 3.865 1.508 0.422 0.362 -0.05 1.457 10.11 9.592 10.35 9.473 8.957 7.300 6.112 6.055 5.572 5.271 4.769 4.520 
1.263 -16.6 -7.09 -3.03 -3.07 5.284 7.305 7.558 6.990 5.499 5.353 5.062 4.765 4.401 4.263 3.904 3.550 2.795 1.855 1.963 
0.064 -1.48 -4.33 -4.49 5.635 3.007 4.220 3.706 3.389 4.495 5.577 3.069 2.896 3.064 2.904 2.791 0.834 4.947 5.507 4.644 
-18.7 -18.8 -14.6 -10.4 -7.86 -4.81 -3.84 -6.59 -5.00 -9.39 -8.62 -8.01 -7.30 -7.46 -6.88 -6.57 -6.46 -7.13 -8.44 -7.75 
9.309 3.387 2.166 2.690 9.633 8.447 5.606 4.946 0.389 1.489 1.374 1.413 -0.08 0.305 0.300 0.413 1.143 1.251 1.258 1.314 
-5.68 2.408 1.220 1.477 2.037 1.091 1.201 -1.67 -1.77 -4.01 -4.34 -2.46 -3.05 -1.99 -2.54 -2.66 -2.53 -1.51 -1.14 -1.96 
-19.4 -9.12 -6.54 -5.23 -3.19 -1.33 -1.12 -0.65 -1.33 -2.28 -0.95 0.292 1.432 1.332 0.544 0.991 -0.15 2.231 1.522 1.433 
-32.4 -5.25 -3.47 -2.79 -2.19 -2.41 -2.06 -0.59 -1.26 -1.47 -1.63 -1.42 -2.17 -1.82 -1.56 -0.37 -0.46 -0.32 0.142 0.482 
24.88 23.47 20.05 16.95 17.74 10.46 9.035 9.047 7.032 10.00 8.973 8.788 7.869 6.746 5.781 4.630 4.483 6.920 6.733 5.861 
7.515 -7.88 -5.25 -3.73 0.792 -0.31 -1.23 -1.08 -1.91 -2.35 -2.36 -1.79 -1.65 0.596 0.462 0.778 3.282 1.966 1.761 1.644 
-1.85 1.254 12.92 8.331 6.196 3.632 2.880 2.611 1.174 0.417 -0.01 0.139 1.594 -0.74 -0.87 -1.64 -1.09 -1.48 -1.49 -1.19 
-26.1 -17.2 -9.03 -6.42 -3.22 -0.13 -0.33 2.900 2.196 -3.76 -2.24 -3.13 0.859 -2.77 -2.40 -2.45 -1.24 -1.20 -0.81 -0.73 
-7.84 -0.78 -0.93 -0.09 3.578 3.617 2.745 2.101 1.560 1.568 1.142 -0.16 0.371 0.424 0.640 0.179 -0.02 -0.08 -0.23 -1.96 
-1.58 -4.70 -10.5 -8.17 -2.90 -4.79 -6.21 -4.79 -7.27 -8.16 -6.70 -5.85 -5.59 -4.54 -4.00 -2.57 -4.61 -3.71 -3.85 -3.28 
1.449 10.82 8.110 16.49 11.81 9.862 6.839 5.946 7.074 6.927 7.171 6.393 5.526 5.032 4.900 4.621 2.345 1.049 0.958 1.604 
0.605 -3.56 0.942 2.973 3.062 4.425 5.283 5.747 4.109 2.967 2.576 -0.24 -1.70 -1.57 -1.61 -2.29 -2.20 -2.61 -1.96 -1.88 
23.50 12.99 10.98 8.804 6.789 4.923 4.563 1.502 1.622 2.731 4.375 4.493 4.369 3.744 4.088 3.804 3.897 3.045 3.360 3.762 
-0.06 -1.73 -0.61 0.287 1.867 -1.49 -2.85 -3.43 -4.00 -3.21 -2.91 -3.02 -3.17 0.459 0.771 0.855 0.795 0.682 -0.42 -0.64 
9.658 9.504 7.077 9.173 10.00 7.595 4.687 5.337 4.333 3.956 3.959 3.923 3.705 4.549 4.329 4.234 4.079 4.966 4.873 4.680 
4.633 2.059 1.426 -0.17 -0.70 -0.89 -0.71 0.972 0.059 -0.24 -3.55 -2.90 -0.49 3.200 2.894 2.221 2.233 1.992 2.212 2.109 
-0.89 4.094 3.671 0.943 1.773 3.392 -0.59 -0.46 -0.23 0.089 0.678 -0.67 0.501 0.456 1.456 0.829 0.346 -0.03 0.182 0.620 
31.88 8.000 12.19 -1.74 -1.58 -2.49 -1.81 -4.36 -4.03 -4.30 -4.12 -4.00 -2.87 -2.34 -2.09 -2.02 -2.75 -4.10 -3.95 -3.79 
2.375 -0.17 10.59 6.200 3.573 3.646 3.094 4.088 3.564 2.964 2.814 2.211 1.540 -1.32 -1.24 -4.40 -4.09 -3.74 -4.35 -4.49 
-3.21 -0.95 5.542 6.055 4.743 1.250 1.319 0.302 0.185 -0.16 1.329 0.573 0.836 -2.59 -2.24 -1.04 -0.66 0.597 0.675 0.652 
11.96 13.96 8.883 6.595 2.329 4.538 7.984 7.083 7.225 7.159 6.661 6.582 5.875 5.818 3.592 2.848 2.543 2.056 2.084 2.713 
-15.7 -9.95 -18.0 -13.7 -9.49 -7.18 -5.50 -4.90 -4.80 -4.36 -4.49 -4.22 -3.02 -2.70 -2.54 -1.60 -1.42 -1.39 -2.36 -2.15 
3.597 -1.06 -0.87 -9.57 -10.5 -8.34 -6.41 -4.63 -4.17 -3.64 -4.20 -3.89 -3.99 -3.30 -2.28 -3.95 -3.79 -3.39 -2.40 -2.19 
-19.4 -29.7 -7.71 -7.16 -7.88 -5.46 -2.89 -1.37 0.523 0.150 0.080 0.015 0.146 -0.49 -1.64 -1.52 -1.40 -1.83 -1.83 -1.70 
7.378 3.328 11.47 4.786 1.619 -1.13 -2.27 -1.94 -2.06 -1.45 -1.35 -1.40 -2.87 -2.33 -2.46 -2.25 -3.54 -3.39 -3.40 -3.81 
17.35 11.70 16.72 14.12 9.626 6.765 7.400 6.248 -0.48 1.767 1.594 1.511 2.013 1.444 1.259 1.258 1.608 1.744 1.644 2.850 
-7.77 -18.6 -11.6 -6.55 -6.20 -5.08 -2.84 -2.62 -2.24 -2.02 -1.04 -0.30 -0.60 -1.01 -0.77 -1.15 -1.20 -1.60 -2.15 -2.50 
-2.54 -3.00 -3.06 -3.71 -3.29 -2.73 -2.48 -0.19 -0.17 -0.21 -0.98 0.576 0.224 0.603 -0.49 -0.74 -0.80 -1.00 0.145 0.285 
7.524 -1.70 -2.74 -1.90 -0.52 -0.72 -2.16 0.029 0.175 0.054 -1.91 -1.71 -1.65 -1.33 -1.03 -1.33 -1.31 -0.24 -0.03 0.447 
-2.79 -5.22 -1.49 1.397 0.210 0.596 0.145 0.206 0.157 0.311 1.603 1.165 1.073 1.095 1.233 1.192 1.672 1.633 1.876 2.117 
3.985 2.409 1.258 0.787 -1.52 -1.43 -1.67 -1.70 -1.76 -1.22 -1.10 -0.31 -0.24 -0.34 -0.51 -1.82 -2.83 -3.02 -3.05 -3.48 
-0.97 4.348 2.947 4.280 -1.32 -2.13 -1.13 1.370 1.280 -1.73 -1.50 -1.45 -2.86 -2.36 -2.01 -1.78 -1.16 -0.88 -0.91 -0.86 
-3.66 5.572 -7.88 -2.63 -2.10 -1.44 -1.25 1.917 1.424 0.375 -1.14 -0.85 -0.52 -3.34 -3.75 -3.54 -0.24 -0.27 -0.34 -0.31 
-10.5 -8.15 -4.36 -9.73 -10.1 -8.49 -6.84 -6.72 -6.51 -5.84 -3.98 -4.72 -4.39 -4.37 -4.13 -3.72 -3.03 -4.43 -4.10 -3.87 
-1.76 0.462 -0.97 -1.31 0.220 0.099 -0.91 1.710 1.835 -0.70 -0.67 -0.91 -0.35 -0.32 -0.22 -0.38 -0.56 -0.81 -0.73 -0.59 
5.265 3.712 2.423 2.626 1.845 -1.40 -1.79 -2.85 -2.56 -1.27 -1.20 -1.50 -2.55 -3.39 -3.37 -3.10 -2.04 -2.24 -1.85 -1.42 
-0.06 0.030 1.932 2.528 0.841 0.162 0.147 0.202 -4.57 -1.68 -2.65 -2.24 -2.71 -1.95 -1.80 -2.73 -2.35 -2.14 -2.05 -2.09 
-1.75 -3.17 -2.42 -6.35 -4.62 -1.80 -0.39 -0.44 -0.34 0.326 0.471 0.424 0.037 -0.61 -0.76 -0.54 -0.85 -0.72 0.277 -0.44 
-23.7 -11.5 -11.0 -7.33 -6.49 -5.40 -4.50 -4.98 -3.53 -3.70 -3.22 -5.91 -5.79 -5.04 -4.48 -3.83 -3.15 -2.58 -2.53 -2.38 
-0.95 -1.51 -1.98 -2.03 -0.99 -0.38 -1.24 -1.41 -1.09 -1.32 -0.80 0.029 -0.10 1.509 1.805 2.207 3.471 2.763 2.707 3.962 
3.824 2.295 2.230 1.461 0.690 0.910 -3.13 -2.64 -2.46 -2.88 -3.18 -2.75 -2.57 -2.28 -2.15 -1.83 -1.59 -1.21 -0.87 -0.88 
0.015 7.280 12.84 12.29 6.643 5.766 4.915 4.601 3.575 3.459 3.111 3.424 4.214 3.786 3.548 3.286 3.109 2.797 2.921 2.927 
-19.1 -13.6 -14.1 -10.5 -10.0 -8.46 -7.28 -6.37 -5.35 -4.51 -5.51 -5.00 -4.28 -4.00 -3.55 -2.92 -3.07 -2.92 -3.00 -2.61 
15.42 10.25 2.870 1.312 2.027 1.707 1.603 2.529 3.284 4.372 3.916 3.506 3.978 3.693 4.266 4.412 7.422 7.451 6.644 6.169 
4.649 2.506 -0.72 -0.64 -0.70 -0.74 0.397 0.087 0.137 -0.33 0.285 0.656 0.497 0.147 -0.14 -0.41 -0.37 -0.58 -0.48 -0.35 
5.437 3.086 1.990 2.313 -0.80 0.062 -0.30 -0.90 -0.82 -0.28 -0.80 -0.82 -0.59 -2.59 -1.53 -2.04 -1.84 -1.71 -1.59 -0.96 
-2.62 -1.79 -1.10 -1.24 -1.00 -0.84 -0.48 -0.41 -0.52 -0.62 -0.91 -0.66 -0.76 -1.03 -0.89 -0.76 -0.86 -0.79 -0.76 -0.77 
-0.17 0.228 2.470 0.680 0.046 2.043 1.867 1.751 0.981 0.702 0.679 -0.17 -0.19 -0.10 0.042 0.026 0.044 0.152 0.046 0.244 
1.728 0.995 0.520 0.203 2.847 2.722 2.576 0.809 0.807 1.092 0.573 0.487 0.345 0.174 1.492 0.850 0.964 1.126 1.282 1.259 
-8.64 7.159 5.030 2.009 2.372 3.161 -0.14 -0.14 -0.43 0.382 -0.62 -0.42 0.519 -0.45 -0.50 -0.11 0.021 -0.62 -0.68 -0.96 
-3.45 -1.91 -2.44 -1.21 -0.68 -2.37 -2.19 -2.50 -2.22 -2.14 -2.80 -2.23 -2.84 -3.08 -2.87 -2.84 -2.68 -2.53 -2.93 -2.74 
0.943 1.916 1.377 0.460 6.823 6.166 5.389 4.190 2.094 2.819 2.573 2.228 1.740 1.356 1.079 0.479 0.862 0.945 2.070 0.127 
1.248 -7.13 -1.68 -2.36 -1.86 -2.41 -0.12 -0.78 -0.69 -0.44 -0.44 0.005 -0.04 -0.26 -0.26 -0.03 0.135 0.269 0.269 0.898 
11.89 6.929 4.889 4.037 0.510 2.255 2.074 2.182 2.047 3.037 3.482 3.720 3.574 2.970 2.713 2.727 2.570 2.368 2.118 1.925 
9.056 0.502 0.526 0.962 1.686 1.409 1.817 1.139 1.876 3.100 3.473 3.178 3.211 4.057 3.723 3.490 3.134 2.884 1.786 2.457 
1.922 5.508 4.471 3.473 2.384 2.126 1.811 -0.62 0.134 -0.63 -0.90 -1.57 -1.45 -0.30 -0.30 -0.95 -0.89 -1.58 -1.52 -1.46 
12.11 6.647 4.385 3.340 2.067 2.046 2.010 1.597 -0.41 -0.42 0.194 0.209 0.316 0.196 0.131 0.805 0.848 0.652 0.523 0.263 
2.395 1.398 0.896 0.440 0.337 1.249 1.085 1.200 1.411 1.308 0.923 0.726 0.828 1.150 1.694 1.898 1.714 1.823 1.923 1.848 
-0.69 5.198 0.574 -0.37 -2.29 -1.77 -1.68 -1.69 -2.23 -1.88 -1.81 -2.36 -1.73 -2.63 -2.52 -1.91 -1.81 -1.85 -1.82 -1.75 
10.61 5.002 3.350 1.671 1.141 -1.81 -1.79 0.016 0.969 2.008 1.847 1.693 1.847 3.171 3.611 3.478 3.261 3.474 3.306 2.856 
-1.93 -1.07 -1.36 -1.19 -1.02 -0.16 0.951 -0.22 0.233 0.118 -0.55 -0.55 -0.86 -0.93 -0.71 -0.88 -0.50 -0.50 -0.53 -0.51 
0.685 -0.47 4.417 4.984 4.898 3.435 2.780 0.432 0.125 -0.19 0.333 0.333 -0.13 0.525 0.543 0.715 0.840 0.724 0.580 0.643 
0.317 -0.18 0.828 0.896 0.243 0.193 0.443 0.400 2.859 2.533 2.914 1.754 1.764 1.708 1.576 1.565 1.447 1.285 1.381 1.329 
-33.5 -16.2 -7.52 -6.14 -5.12 -4.16 -1.80 -1.01 0.756 1.581 1.479 1.935 1.584 1.061 2.157 2.029 1.547 1.998 2.556 2.070 
-0.81 -0.40 -0.23 1.216 1.436 1.219 0.326 0.343 0.523 0.851 1.027 1.005 0.098 0.158 0.818 0.624 0.747 1.079 1.049 0.739 
8.711 4.432 3.511 0.486 0.514 0.519 0.415 0.760 3.436 2.453 2.197 2.600 2.805 2.607 2.328 2.217 4.215 3.860 3.671 3.842 
-0.89 1.472 -6.39 -3.57 -3.78 -2.74 -2.16 -0.04 -0.80 -0.61 -0.90 -0.80 -0.94 -0.71 -0.97 -0.92 -0.77 -0.73 -0.50 -0.40 
-0.11 0.843 0.538 0.424 0.229 -0.23 -0.05 -0.08 -0.85 -0.58 -0.42 -0.23 -0.00 0.451 0.302 0.186 0.119 0.117 0.147 -0.54 
2.124 2.600 2.183 2.021 1.520 1.121 1.293 -0.21 -0.21 -0.25 0.934 0.655 0.695 0.613 0.144 0.144 0.133 0.411 0.442 0.822 
8.315 9.741 6.511 4.760 3.752 4.259 3.791 2.729 3.271 2.823 2.454 2.288 2.164 1.243 1.128 1.254 0.586 0.782 0.652 1.729 
0.398 -4.16 -1.47 -1.24 -1.93 -1.74 -1.23 -1.06 -0.24 -0.24 -0.59 -0.32 -0.45 -0.84 -0.83 -0.75 -1.54 -0.96 -0.76 -0.83 
-19.7 -14.7 -9.60 -7.19 -5.23 -2.51 -1.98 0.066 -0.03 0.055 0.079 -0.00 -0.12 -0.01 -0.26 -0.24 -0.73 -0.64 -0.61 -0.62 
-0.76 -0.15 -0.66 -3.61 -3.61 -3.56 -3.04 -2.70 -2.21 -2.37 -2.90 -2.65 -2.43 -2.16 -1.89 -1.77 -1.65 -1.82 -1.72 -1.65 
-16.6 -9.99 -4.92 -0.79 -1.08 -0.87 -4.71 -4.42 -3.64 -3.58 -3.56 -3.26 -3.07 -2.94 -2.75 -2.37 -2.32 -2.19 -2.07 -1.99 
16.50 7.993 3.497 2.579 2.139 3.602 2.305 1.365 1.212 1.423 1.332 0.916 0.753 0.790 0.583 0.382 0.356 0.387 0.461 0.508 
-0.15 0.210 0.202 0.206 -0.57 0.145 1.400 2.225 2.066 1.819 1.803 1.590 1.597 1.484 1.548 1.253 1.830 1.415 1.584 1.512 
-2.77 -0.28 -2.36 -2.81 -1.48 -0.06 -0.21 0.225 0.255 0.456 0.403 0.505 0.395 0.599 0.579 0.393 0.366 -0.15 -0.21 -0.27 
2.792 4.294 -0.47 -0.91 -0.73 -0.31 -0.34 0.132 0.171 -0.29 -0.27 -0.00 0.209 0.353 0.367 0.705 0.769 0.629 0.178 -0.01 
-1.10 -0.52 0.180 1.051 0.014 0.121 1.037 0.933 0.691 0.483 0.437 0.301 0.532 0.580 -0.10 0.163 0.294 0.040 -0.01 -0.03 
-3.63 2.970 2.441 0.760 0.250 0.374 0.507 0.454 1.508 1.408 0.220 0.156 0.550 0.570 0.805 0.832 0.825 0.435 0.414 0.429 
2.710 2.500 6.314 4.632 3.858 3.096 3.166 3.987 3.489 4.100 3.373 3.076 3.059 3.210 2.876 3.012 3.040 2.604 2.496 2.446 
0.087 2.526 2.153 1.909 2.436 2.173 1.953 1.763 1.806 1.894 0.825 1.740 1.714 1.540 1.404 0.649 0.814 0.894 0.791 0.739 
0.538 5.269 3.323 3.357 2.643 3.354 2.890 1.979 1.917 2.337 2.171 2.059 2.050 1.863 1.761 1.567 1.553 1.465 1.654 1.427 
5.254 3.379 2.041 1.149 0.860 0.766 2.537 2.207 -1.19 -1.51 -1.33 -1.20 -1.56 -1.62 -1.53 -1.31 -1.15 -0.20 -0.16 -0.11 
-0.31 0.111 -0.49 -1.14 -0.99 -0.86 -1.56 -1.36 -2.07 -1.86 -2.49 -2.28 -1.92 -1.89 -1.22 -1.18 -1.11 -1.09 -1.15 -1.30 
0.333 0.461 3.685 1.564 -0.39 -0.43 0.074 -0.74 -0.35 -0.35 -0.86 -0.39 -0.98 -0.53 -0.64 -0.30 -0.01 -0.13 -0.30 -0.34 
0.280 -0.05 -0.05 -0.33 -0.72 -0.11 0.687 0.710 0.254 1.447 -0.73 -0.72 -0.55 -0.55 -0.12 -0.10 -0.13 -0.18 -0.64 -0.54 
1.249 0.365 0.168 0.208 0.200 1.222 0.199 0.138 0.061 1.110 1.418 1.325 1.074 1.215 0.889 0.885 0.797 0.610 0.983 0.933 
-8.62 -4.35 -4.88 -3.89 -2.85 -6.09 -5.10 -4.50 -4.11 -3.70 -3.14 -2.33 -2.19 -1.93 -2.63 -2.39 -2.27 -2.75 -2.82 -2.78 
3.278 2.430 1.163 0.610 0.845 -0.22 -0.39 0.845 1.293 0.719 0.290 0.370 0.558 0.493 0.230 0.860 0.501 0.539 0.487 0.551 
3.505 -3.67 -2.27 -1.38 0.175 0.140 -0.17 -0.36 -1.01 -1.47 -1.21 -1.14 -1.08 -1.09 -1.05 -0.80 -0.83 -1.05 -0.81 -0.71 
-2.13 0.299 -3.96 -2.93 -2.68 -1.86 -2.85 -2.82 -2.25 -1.76 -1.95 -1.95 -1.69 -1.64 -1.54 -1.48 -1.30 -1.03 -1.55 -1.58 
-2.84 -2.03 -1.03 -0.07 0.237 -0.49 -0.24 -0.79 -0.14 -0.10 0.055 0.167 0.519 0.501 0.470 1.037 1.244 1.190 1.112 1.205 
-2.34 -1.12 -2.31 -0.80 -0.21 -0.56 -0.47 -0.73 -0.82 -1.24 -1.06 -1.18 -1.46 -1.51 -1.24 -1.16 -1.56 -1.31 -1.18 -1.14 
0.037 -0.10 -0.26 -1.16 -0.97 -2.41 -1.27 -1.05 -1.01 -1.29 -1.27 -1.68 -1.63 -1.80 -2.10 -1.94 -1.77 -1.88 -1.44 -1.45 
6.165 0.898 0.961 0.698 0.628 0.385 0.212 0.195 0.096 -0.42 -0.30 -0.32 -0.24 0.080 0.456 0.279 0.403 0.368 0.407 0.270 
-0.06 7.733 4.442 2.657 1.911 1.564 1.649 1.255 1.629 1.271 1.248 1.152 1.304 1.088 1.350 1.227 1.050 1.472 2.381 2.554 
-1.03 -5.45 -2.62 -1.81 -1.83 -1.71 -1.22 -2.38 -1.59 -1.45 -1.31 -0.96 -0.88 -1.13 -1.17 -0.75 -0.79 -0.67 -0.76 -0.71 
8.179 5.507 3.666 3.701 4.453 4.217 4.019 3.326 3.394 2.941 3.141 2.704 1.782 1.647 1.272 1.191 1.123 0.602 0.521 0.609 
1.124 1.430 2.140 1.956 1.456 1.014 0.249 0.171 -0.00 -0.01 0.018 0.238 0.634 0.709 0.559 0.424 0.444 0.552 0.603 0.267 
-0.77 0.154 -0.43 -0.64 -0.55 -0.07 -0.06 -0.58 -0.53 -0.59 -0.51 -0.68 -0.65 -0.47 -0.43 -0.41 -0.47 -0.46 -0.59 -0.48 
-0.16 -0.80 -0.20 -1.02 -0.71 -0.82 -0.86 -0.86 0.037 1.245 1.132 0.997 0.607 0.278 0.153 0.159 0.158 0.105 0.283 0.057 
7.988 3.867 8.946 7.085 5.604 4.863 4.164 3.058 2.903 2.484 2.181 2.444 2.225 2.086 2.079 2.010 1.988 1.915 2.053 1.265 
1.679 2.478 2.134 1.908 0.952 0.634 0.566 0.528 0.473 0.343 0.699 1.204 1.112 1.120 1.001 1.404 1.228 1.091 1.097 1.018 
-0.33 -0.23 0.477 0.634 -1.68 -1.66 -1.91 -2.08 -1.81 -1.75 -1.63 -1.45 -1.42 -1.07 0.316 0.292 0.276 0.061 -0.01 0.029 
-0.83 -3.18 -2.12 -1.95 -1.56 -1.22 -1.35 -1.65 -1.31 -0.85 -1.14 -2.26 -2.10 -1.80 -1.71 -1.58 -1.45 -1.31 -1.07 -1.01 
-0.18 -1.71 -5.68 -3.82 -2.72 -2.04 -1.86 -1.88 -1.61 -1.41 -1.40 -1.26 -1.14 -1.03 -1.21 -1.08 -0.96 -0.89 -0.83 -0.66 
-1.48 -0.28 -1.05 -0.45 -1.05 -0.92 -0.83 -0.76 -0.48 -0.36 0.388 0.282 0.347 0.358 0.378 0.161 0.187 0.462 0.122 0.094 
6.914 2.590 1.398 1.119 1.021 0.589 0.526 0.416 0.497 0.179 0.448 0.056 0.000 0.227 0.163 0.166 0.197 0.252 0.245 0.167 
-0.40 -0.52 -1.00 -1.05 -0.07 -0.24 -0.22 -0.24 -0.19 -0.19 -0.43 -0.28 -0.25 -0.28 0.002 0.004 -0.10 -0.10 0.040 -0.05 
-1.77 -2.11 -1.78 1.362 1.015 0.509 0.244 0.043 0.228 -0.13 0.113 0.908 0.839 0.724 0.720 0.614 0.682 0.667 0.727 0.321 
1.916 -6.36 -2.86 -4.18 -3.15 -2.48 -1.41 -1.27 -0.81 -0.65 -0.43 -0.45 -0.70 -0.70 -0.96 -0.46 -0.41 -0.41 -0.34 -0.09 
-6.77 -4.64 -0.23 0.585 2.916 2.224 1.629 1.940 1.668 1.442 1.297 1.072 0.954 0.901 0.163 0.139 0.269 0.156 0.013 0.038 
-0.37 2.972 3.415 2.643 2.287 3.099 3.328 2.708 2.982 2.787 2.633 2.459 2.381 3.049 2.503 2.352 2.420 2.577 2.480 2.168 
-0.11 0.980 0.714 3.089 2.438 2.179 1.423 1.247 1.305 -0.63 -0.68 -0.68 -0.78 -0.81 -0.79 -1.10 -1.03 -0.96 -0.90 -0.88 
-10.2 -4.57 -2.48 -1.89 -1.53 -1.05 -2.67 -2.14 -1.63 -1.63 -1.37 -1.07 -0.88 -0.57 -0.49 -0.61 -0.61 -0.51 -0.49 -0.47 
0.594 0.345 -0.38 1.117 0.981 1.644 0.558 0.415 0.463 -1.11 -1.05 -0.73 -0.52 -0.38 -0.51 -0.22 -0.12 -0.41 -0.78 -0.81 
-1.98 0.427 -0.42 1.910 1.436 1.169 0.576 0.505 1.472 1.227 1.109 0.963 0.917 0.896 0.781 0.950 0.897 0.967 1.188 0.843 
-3.34 -1.93 -1.14 -2.08 -0.00 -0.48 -0.11 -0.57 -0.62 -0.01 0.295 0.267 0.599 -1.26 -1.13 -1.72 -1.75 -1.72 -1.64 -1.55 
-0.77 -0.38 -0.45 -3.46 -1.67 -1.36 -1.17 -0.64 -0.50 -0.41 -0.25 0.037 -0.78 -0.45 -1.38 -1.30 -1.23 -1.19 -0.95 -0.45 
-0.28 0.153 0.679 0.060 0.046 0.027 0.177 0.149 0.315 0.186 0.329 0.454 0.932 1.136 0.958 0.648 0.579 0.615 0.587 -0.22 
-0.38 3.633 1.402 1.326 1.294 1.018 0.200 -0.19 -0.54 -0.38 -0.32 0.037 -0.12 0.064 0.045 -0.25 -0.27 -0.23 -0.26 -0.24 
2.184 1.700 0.337 0.241 0.360 -0.30 0.383 0.086 0.108 0.267 0.162 0.154 0.209 0.200 0.568 0.723 0.845 0.857 0.904 0.754 
0.546 1.790 1.206 0.911 0.636 0.511 1.008 0.579 0.481 0.415 0.375 0.398 0.424 0.490 0.245 0.116 -0.47 -0.44 -0.50 -0.53 
0.389 2.805 3.590 0.992 0.822 1.535 1.276 0.649 0.253 0.359 0.709 0.565 0.482 0.419 0.326 0.158 0.164 -0.07 0.043 0.191 
0.107 2.836 2.835 2.155 2.009 1.715 1.512 1.244 1.186 0.592 0.600 0.550 0.550 0.377 0.251 0.030 -0.08 -0.08 -0.10 -0.10 
4.816 2.762 1.016 1.128 1.010 0.993 0.374 0.294 0.262 0.058 0.318 0.122 0.168 0.080 0.094 0.145 0.288 0.272 0.185 0.264 
4.258 0.405 -1.05 -0.87 -0.60 -1.42 -1.11 -0.44 -0.09 -1.24 -0.92 -0.48 0.203 -0.46 -1.84 -1.90 -1.72 -1.61 -1.51 -1.41 
0.184 0.464 0.236 0.551 0.253 0.206 0.360 0.434 1.105 1.268 0.954 0.790 0.730 0.650 1.865 0.988 0.947 0.946 0.903 0.960 
-1.23 -1.09 -0.54 -0.74 -0.65 -0.62 -0.31 -0.59 -0.59 -1.22 -1.14 -1.02 -1.53 -1.45 -1.53 -1.40 -1.33 -1.26 -1.19 -1.13 
3.545 2.264 5.962 3.946 3.355 3.267 2.790 2.422 1.922 1.754 2.004 1.522 1.072 0.971 0.955 0.786 0.745 0.501 0.347 0.239 
3.444 -0.67 -2.40 -1.34 -0.00 0.424 -0.13 0.252 0.121 0.386 0.790 0.860 0.586 0.739 0.659 0.697 0.789 0.656 0.605 0.579 
1.413 0.954 0.520 1.835 1.641 2.896 2.194 1.923 1.784 1.282 1.257 1.135 1.312 1.986 1.895 1.911 1.707 1.945 1.910 1.826 
-4.58 -3.35 -2.50 -2.04 -1.73 -1.34 -1.48 -1.04 -0.61 -0.51 -0.67 -0.72 -0.69 -0.41 -0.07 -0.29 -0.28 -0.30 -0.16 -0.17 
-2.32 -0.12 1.445 1.143 0.608 0.554 0.462 0.352 0.386 0.410 0.406 0.270 0.778 0.805 0.916 0.619 0.674 0.610 0.909 0.812 
3.175 1.506 2.147 1.848 1.420 1.767 1.929 1.968 2.037 1.565 0.940 0.895 0.788 0.728 0.676 0.753 0.738 0.632 0.569 0.469 
0.074 -0.27 2.466 4.392 3.605 3.071 2.707 2.452 2.438 2.193 2.136 2.064 2.052 1.896 0.534 0.553 0.527 0.737 0.559 0.597 
-7.64 -3.79 -2.51 -1.66 -1.01 -0.69 -0.67 -1.48 -1.32 -1.08 -0.85 -0.67 -0.75 -0.35 0.019 0.014 0.149 0.059 0.075 0.045 
-0.77 -3.17 -1.45 -2.13 -1.30 -1.14 -0.99 -0.90 -0.78 -0.49 -0.43 -0.35 -0.43 -1.07 -0.91 -0.84 -0.85 -0.84 -0.80 -0.74 
8.607 0.337 0.476 -0.67 -0.07 0.149 0.142 0.209 0.712 0.707 0.986 0.587 0.538 0.805 0.658 1.012 0.893 0.753 0.745 0.413 
4.110 1.688 1.801 0.903 0.967 1.518 1.349 1.015 0.004 0.008 -0.20 0.073 -0.01 -0.05 0.027 0.059 0.026 0.118 0.237 0.190 
-1.90 -0.98 -0.04 -0.98 -1.40 -1.27 -1.41 -0.48 -1.01 -1.42 -1.35 -1.51 -1.39 -0.67 -1.33 -1.34 -1.42 -1.15 -1.10 -1.09 
0.173 1.094 0.767 0.310 0.057 0.123 0.044 -0.25 -0.21 -0.09 0.000 -0.28 -0.25 -0.13 -0.13 -0.33 -0.26 -0.25 -0.12 -0.25 
0.154 -3.20 -1.27 -1.03 -1.27 -0.94 -1.08 -0.98 -0.85 -1.46 -1.32 -1.49 -1.37 -1.30 -1.19 -1.13 -0.99 -0.93 -1.05 -0.90 
-9.81 -5.62 -3.94 0.345 0.392 0.152 -0.71 -0.55 -0.48 -0.37 -0.27 -0.25 -0.36 -0.31 -0.20 -0.20 -0.19 -0.41 -0.43 -0.39 
-0.08 -0.13 -0.40 -0.39 -0.58 -0.48 -0.88 -0.80 -1.64 -1.27 -1.69 -1.53 -1.25 -1.06 -0.99 -0.93 -0.84 -0.82 -0.90 -0.81 
-0.92 -2.02 -1.25 -1.57 -1.13 0.017 -0.10 -0.50 -0.26 -0.14 -0.21 -0.18 -0.17 -0.15 -1.03 -0.95 -0.61 -0.68 -0.65 -0.54 
2.442 1.183 1.275 1.596 1.456 2.996 2.786 2.554 2.296 1.582 1.370 1.090 1.006 0.777 0.712 0.480 0.553 0.600 0.459 0.124 
0.417 0.749 1.169 2.087 3.129 2.816 1.978 1.713 1.451 1.387 1.151 1.111 0.979 0.927 0.617 0.615 0.890 0.817 0.898 0.940 
1.579 0.668 -0.22 -0.93 -0.80 -0.51 -0.51 -0.78 -1.39 -1.20 -0.88 -0.74 -0.51 -0.52 -0.60 -0.49 -0.62 -0.70 -0.51 -0.34 
-5.19 -1.10 -0.72 -1.62 0.363 0.239 -0.06 0.079 0.365 0.259 0.284 0.249 0.277 0.074 -0.30 -0.28 -0.39 -0.42 -0.38 -0.40 
-0.24 0.314 -1.23 -0.87 -0.56 -0.49 -0.48 0.020 0.054 0.144 0.082 0.078 0.269 0.538 0.521 0.545 0.502 0.410 -0.04 0.565 
-7.87 -5.24 -7.30 -5.20 -4.20 -3.07 -2.68 -2.90 -2.62 -2.54 -2.32 -1.52 -1.21 -1.11 -0.94 -0.96 -0.91 -1.04 -1.33 -1.10 
-0.30 -0.30 -1.07 -1.13 -0.26 0.391 0.448 -0.45 -0.35 -0.27 0.060 -0.01 -0.40 -0.03 0.037 -0.00 -0.01 -0.11 0.062 0.134 
-1.90 0.692 0.257 0.370 0.466 0.060 -0.25 -0.20 -0.09 0.091 -0.45 -0.82 -0.89 -0.78 -0.64 -0.54 -0.54 -0.89 -0.83 -0.72 
0.258 -0.11 -0.27 -0.17 -0.11 -0.08 -1.31 -1.27 -1.01 -1.13 -1.05 -1.52 -1.53 -1.41 -1.23 -1.35 -1.12 -0.91 -0.89 -0.78 
-0.20 -0.34 -0.19 -0.12 -0.48 -0.19 -1.73 -1.48 -0.95 -0.77 -1.04 -1.14 -1.07 -0.88 -0.86 -0.63 -0.73 -0.72 -0.58 -0.55 
-1.75 -1.60 -1.83 -1.36 -1.11 -0.92 -0.43 -0.29 -0.19 0.032 0.034 0.103 0.103 0.128 0.065 0.061 0.269 0.290 0.300 0.281 
-3.66 -3.12 -1.75 -1.36 -2.81 -2.82 -0.62 -0.61 -0.62 -0.41 0.011 -0.32 -0.30 -0.28 -0.25 -0.21 -0.19 -0.55 -0.54 0.198 
-1.43 -1.37 0.002 -0.95 -1.20 -0.70 -0.85 -0.50 -0.46 -0.43 -0.15 -0.24 -0.21 -0.20 -0.18 -0.18 -0.12 -0.58 -0.96 -0.95 
-0.19 0.997 2.203 2.829 2.662 2.595 2.224 1.980 1.981 2.020 1.842 1.838 1.758 1.848 1.003 1.239 1.371 1.559 1.142 0.840 
-2.03 -4.21 -2.94 -2.04 -1.63 -1.28 -1.10 -0.65 -0.26 -0.30 -0.18 -0.18 -0.10 -0.50 -0.36 -0.44 -0.47 -0.43 -0.36 -0.71 
1.218 0.320 0.267 -1.19 -0.15 -0.12 -0.12 -0.24 -0.00 -0.09 -0.39 -0.52 -0.48 -0.38 -0.36 -0.26 -0.25 -0.28 -0.48 -1.06 
0.340 -2.63 -1.76 -1.33 -1.21 -0.66 -0.53 -0.65 -0.47 -0.46 0.081 0.472 0.477 0.439 0.495 1.225 1.229 1.164 1.091 0.984 
-0.86 0.296 0.122 -0.04 -0.19 0.025 -0.68 -0.64 -0.77 -0.41 -0.86 -0.96 -0.78 -0.79 -0.89 -0.93 -1.07 -0.98 -0.90 -0.91 
-3.58 -2.46 -1.61 -1.49 -0.43 -0.33 -0.47 -0.38 -0.92 -0.90 -1.15 -1.09 -1.13 -1.06 -0.78 -0.75 -0.71 -0.57 -0.49 -0.58 
-0.50 -7.16 -4.12 -3.18 -1.71 -1.34 -1.34 -0.56 -0.45 -1.49 -1.51 -1.41 -1.28 -1.22 -1.44 -1.46 -1.39 -1.44 -0.93 -0.90 
0.360 -1.57 -0.89 -0.62 -0.81 -0.73 -0.93 -0.87 -1.00 -0.94 0.490 0.432 0.373 0.463 0.486 0.424 0.521 0.509 0.254 0.501 
-7.08 -3.02 -4.16 -2.73 -2.07 -1.86 -1.53 -1.27 -1.19 -0.71 -0.52 -0.62 -0.64 -0.58 -0.44 -0.82 -0.80 -0.72 -0.82 -0.68 
-1.24 -0.51 -2.43 -1.83 -1.38 -1.17 -0.49 -0.65 -0.56 -0.46 -0.02 0.103 0.131 0.306 0.254 0.429 0.006 -0.12 -0.07 0.044 
-0.80 -0.55 0.035 0.537 -0.20 -0.00 0.036 -1.07 -0.77 -0.71 -0.87 -1.77 -1.72 -2.04 -1.93 -1.36 -1.34 -1.46 -1.48 -1.43 
1.131 0.795 -0.34 -0.41 -0.11 -0.28 0.181 0.038 0.120 -0.33 -0.08 0.259 0.279 0.418 0.545 0.455 0.352 0.330 0.151 0.529 
4.738 1.223 2.451 1.855 1.734 1.409 0.900 0.698 -0.00 -0.09 -0.59 -0.72 -0.75 -0.57 -0.53 -0.85 -0.86 -0.98 -1.14 -1.09 
-1.67 -1.08 -1.77 -1.44 -1.31 -0.62 -1.16 -1.15 -1.00 -1.18 -0.92 -0.80 -0.72 -0.55 -0.57 0.020 -0.02 0.159 -0.44 -0.38 
-0.15 -3.16 -2.12 -0.05 0.808 -0.08 -0.10 -0.80 -0.92 -0.95 -0.74 -0.69 -0.67 -0.60 0.030 0.027 -0.04 -0.02 -0.02 -0.01 
0.531 0.473 0.310 -0.36 0.579 0.482 0.414 0.723 0.483 1.040 0.692 0.643 0.523 0.501 0.477 0.386 0.355 0.346 0.236 0.217 
2.711 6.028 4.518 2.106 1.766 1.111 0.745 0.825 0.738 -0.12 -0.21 0.512 0.799 0.849 0.773 0.708 0.754 0.886 0.817 0.944 
3.463 0.979 1.398 1.050 0.524 0.415 0.313 0.555 0.341 0.276 0.258 0.230 0.194 0.220 0.091 0.047 -0.01 -0.00 -0.00 0.077 
0.029 0.173 0.136 0.375 0.315 -0.36 0.141 0.162 0.425 0.344 -0.74 -0.94 -0.65 -0.88 -0.84 -0.81 -0.89 -0.73 -0.78 -0.77 
-6.14 -2.27 -3.16 -2.36 -1.99 -2.35 -2.14 -1.73 -0.76 -0.73 -0.48 -0.28 -0.36 -1.04 -0.83 -0.84 -0.77 -0.51 -0.44 -0.40 
-0.57 -1.57 -4.00 -3.17 -3.16 -2.86 -2.48 -2.87 -2.57 -3.11 -2.81 -2.56 -2.43 -1.91 -1.69 -1.86 -1.73 -1.76 -1.72 -1.57 
0.160 0.657 0.110 0.259 0.278 -0.61 -0.72 -0.61 -0.55 -0.77 -0.63 -0.69 -0.50 -0.33 -0.30 -0.69 -0.68 -0.67 -0.64 -0.61 
1.012 3.055 2.196 1.567 1.792 1.691 1.819 1.090 0.611 0.565 1.218 1.130 1.126 1.102 0.977 1.091 1.009 0.961 0.926 0.975 
0.319 -2.37 -1.61 -2.33 -1.58 -1.31 -1.05 -0.51 -0.38 -0.39 -0.36 -0.37 -0.36 -0.31 -0.25 -0.23 -0.11 -0.38 -0.38 -0.45 
-0.56 -0.71 -0.43 -0.59 -0.46 -0.66 -0.57 -0.14 -0.03 -1.05 -0.94 -0.15 0.198 0.271 -0.02 -0.03 -0.04 -0.16 -0.25 -0.28 
0.142 -0.38 -0.16 0.541 -0.46 -0.50 -0.61 -0.47 0.132 0.172 0.146 0.256 -0.23 -0.30 -0.30 -0.27 -0.26 -0.11 -0.14 -0.05 
0.028 0.670 0.866 0.718 0.409 0.027 0.055 0.086 -1.28 -1.17 -0.76 -0.32 -0.31 -0.07 -0.13 -0.19 -0.12 -0.12 -0.15 -0.16 
1.253 0.722 0.384 0.267 0.414 0.010 -0.12 -0.13 -0.28 -0.59 -0.17 -0.21 -0.29 -0.18 -0.17 0.017 0.044 -0.02 -0.03 -0.01 
-2.83 -0.57 -0.02 0.247 0.113 -0.11 0.064 -0.07 -0.01 -0.38 -0.25 -0.36 -0.34 -0.58 -0.52 -0.72 -0.67 -0.63 -0.56 -0.57 
1.440 1.524 1.562 0.290 0.075 0.317 0.647 0.329 0.419 0.371 0.292 0.267 0.117 0.424 0.105 0.060 -0.04 -0.08 -0.27 -0.27 
-2.23 -1.11 -0.64 -0.16 -0.22 0.912 0.744 0.633 0.872 0.530 0.471 0.525 0.525 0.488 0.541 0.590 0.486 0.500 0.190 0.196 
-0.26 -0.02 -0.20 -0.43 -0.33 -0.01 0.251 0.126 0.048 0.208 0.023 0.162 -0.03 0.070 0.114 0.110 -0.06 0.233 0.202 0.219 
1.493 -3.49 -2.04 -1.67 -1.17 -0.82 -0.12 -0.10 0.203 0.121 -0.25 -0.29 -1.01 -0.70 -0.64 -0.57 -0.10 -0.04 -0.05 -0.04 
1.991 0.941 1.297 0.907 0.959 0.869 0.720 0.705 1.097 1.013 0.703 0.584 0.552 0.540 0.804 0.778 0.866 0.860 0.802 0.707 
-1.88 -0.56 -1.66 -0.98 0.481 0.425 0.320 -0.04 -0.22 -0.28 -0.22 -0.29 -0.27 -0.42 -0.16 -0.15 -0.13 0.023 0.063 0.064 
-7.08 -3.21 -2.17 -1.75 -0.44 -0.41 0.059 0.811 1.071 1.175 1.140 0.988 0.703 0.656 0.870 0.707 0.662 0.598 0.574 0.627 
-0.00 -0.45 -0.39 0.256 0.209 -0.12 -0.03 0.120 -0.03 0.297 0.194 0.235 0.224 0.276 0.248 0.235 0.008 0.338 0.480 0.452 
0.129 0.639 0.152 0.342 -2.70 -2.26 -2.12 -1.84 -1.64 -1.49 -1.43 -1.28 -0.76 -0.88 -0.85 -0.84 -0.72 -0.70 -0.75 -0.83 
3.555 2.088 7.405 5.116 4.265 3.484 2.771 2.068 1.831 1.510 1.420 1.337 1.248 1.342 1.261 1.185 1.083 1.019 1.419 1.345 
2.338 0.848 -0.18 -1.03 -0.84 0.566 0.420 0.963 1.151 1.145 0.719 0.707 0.776 0.334 0.387 0.490 0.256 0.260 0.295 0.419 
0.598 -0.24 -0.18 -0.13 0.002 -0.06 -0.11 -0.01 0.276 0.278 0.395 0.388 0.272 0.253 0.087 0.156 -0.14 -0.48 -0.45 -0.45 
-1.53 -2.06 -1.23 -0.54 -0.88 -1.64 -1.40 -1.07 -1.06 -1.08 -1.02 -1.20 -1.09 -1.10 -1.37 -1.28 -1.21 -0.94 -0.89 -0.89 
-0.80 -0.50 -0.33 -0.72 -0.57 1.195 0.948 0.544 1.365 1.232 1.117 0.947 0.917 0.694 0.701 0.625 0.594 0.597 0.655 0.422 
-0.33 1.317 1.386 0.952 1.485 1.046 1.117 0.559 0.316 0.238 0.186 0.411 0.377 0.219 0.343 0.471 0.630 0.497 0.415 0.371 
0.087 -1.61 -1.27 -0.30 0.803 0.207 0.031 0.057 0.240 0.180 0.261 0.258 0.137 0.171 0.160 0.141 0.067 -0.10 -0.10 -0.24 
-13.2 -6.33 -4.36 -2.97 -1.99 0.079 0.178 0.100 -0.04 -0.00 -0.01 -0.15 -0.16 -0.17 0.067 0.223 0.087 -0.03 0.006 -0.13 
-0.81 -0.49 -0.46 -0.73 -0.70 0.799 0.870 0.727 0.988 -0.44 -0.43 -0.29 -0.38 -0.16 0.186 0.191 0.302 0.236 0.111 -0.12 
0.266 0.187 0.329 0.877 0.682 0.522 1.151 0.966 1.041 0.628 1.095 0.927 0.529 0.252 0.264 0.236 0.233 -0.34 -0.17 0.189 
-0.58 -2.24 -1.21 -0.69 -1.00 -0.73 -0.63 -0.65 -0.43 -0.50 -0.67 -0.60 -0.48 -0.57 -0.65 -0.99 -0.94 -0.84 -0.79 -0.92 
-0.16 0.322 -0.56 -0.27 0.057 0.170 0.731 0.530 0.625 0.420 0.384 -0.54 -0.52 -0.31 0.174 0.709 0.688 0.774 0.671 0.623 
-2.87 -1.18 -1.97 -1.60 -1.14 -0.87 -0.87 -0.74 -0.16 -0.13 -0.46 -0.51 -0.32 -0.28 -0.28 -0.08 -0.06 -0.14 -0.22 -0.15 
-0.19 -0.10 -0.12 0.373 0.237 0.269 0.260 0.109 0.022 0.120 0.037 0.049 -0.27 -0.12 -0.07 -0.18 -0.08 0.018 0.022 0.233 
0.249 0.941 -0.85 -0.34 0.034 0.087 0.111 0.109 0.155 -0.15 -0.11 -0.18 -0.17 -0.24 -0.16 -0.11 -0.25 -0.34 -0.32 -0.43 
-4.67 -2.65 -1.71 -1.03 -0.69 -0.67 -0.53 -0.30 -0.42 -0.51 -0.49 -0.49 -0.52 -0.46 -0.40 -0.21 0.041 0.025 0.068 0.083 
1.144 0.918 0.606 0.442 0.584 0.459 0.386 1.056 1.142 0.971 0.982 0.902 0.829 0.847 0.795 0.910 0.828 0.780 0.727 0.775 
-0.14 -0.22 0.491 0.064 0.044 0.370 0.366 0.172 -0.45 -0.88 -0.23 -0.30 -0.35 -0.37 -0.53 -0.57 -0.56 -0.23 -0.20 -0.08 
1.659 2.783 1.630 1.255 0.809 0.274 2.233 1.366 1.238 1.132 -0.02 -0.06 -0.07 -0.18 -0.25 -0.07 -0.08 -0.03 -0.06 -0.04 
1.215 0.034 -0.19 -0.08 0.335 0.352 0.148 0.133 0.137 0.328 0.192 0.215 0.256 0.213 0.171 0.111 0.318 0.387 0.319 0.341 
5.472 1.609 0.834 0.139 0.252 0.001 0.019 0.029 0.134 0.152 0.160 0.156 0.038 -0.38 -0.34 -0.35 -0.32 -0.32 -0.41 -0.40 
0.033 5.429 4.818 3.588 2.881 2.423 2.078 2.042 1.803 1.604 1.421 1.229 1.135 0.086 0.127 0.109 0.101 0.045 0.114 -0.08 
-1.63 -2.19 -2.29 -1.41 -0.78 -0.64 -0.54 -1.50 -1.25 -1.19 -1.04 -1.07 -1.01 -0.94 -0.89 -1.01 -0.96 -0.95 -0.83 -0.83 
-4.76 -2.38 -1.91 -1.70 -1.26 -1.26 -1.07 -0.99 -0.89 -0.90 -0.76 -0.60 -0.40 -0.65 -0.47 -0.45 -0.42 -0.34 -0.33 -0.31 
-1.28 -0.58 -0.86 -0.26 -1.32 -1.31 -1.08 -0.95 -0.60 -0.56 -0.51 -0.46 -0.65 -0.61 -0.49 -0.49 -1.10 -1.02 -0.94 -1.01 
0.526 2.069 1.541 1.056 1.298 1.234 0.086 0.088 -0.91 -0.91 -0.89 -0.80 -1.29 -1.21 -1.12 -1.17 -1.53 -1.40 -1.17 -1.01 
1.495 1.225 1.259 1.140 1.024 1.344 0.931 -0.04 -0.16 -0.38 -0.43 -0.19 -0.20 0.098 -0.01 -0.03 -0.02 0.158 0.136 0.118 
0.007 0.061 0.413 0.756 -0.03 -0.18 0.500 0.452 0.453 0.514 0.471 0.055 0.346 0.404 0.385 0.361 0.366 0.298 0.307 0.256 
-0.96 1.066 0.518 0.463 0.366 0.086 -0.55 0.297 0.285 0.620 0.825 0.701 0.570 0.536 0.013 0.007 -0.00 0.030 0.179 0.168 
0.783 2.728 2.086 1.343 1.279 1.287 1.082 0.936 0.705 0.642 0.642 0.559 0.579 0.367 0.454 0.330 -0.39 -0.32 0.001 -0.03 
9.055 5.958 3.934 2.798 2.379 2.703 2.249 2.016 1.703 1.579 1.435 1.498 1.245 1.161 1.078 0.964 0.780 0.737 0.500 0.552 
0.673 0.530 0.325 0.724 1.982 1.592 1.042 1.142 1.488 1.280 1.094 1.093 0.902 0.956 0.993 0.929 0.886 0.854 0.701 0.649 
-0.09 -0.36 0.831 0.528 0.468 0.126 0.173 0.162 -0.01 -0.04 -0.06 -0.08 -0.13 -0.13 -0.06 -0.15 -0.23 -0.27 -0.26 -0.24 
-2.68 0.138 0.139 0.535 1.103 1.099 1.050 0.516 0.440 0.415 0.376 0.358 -0.11 -0.00 0.054 0.114 0.282 0.265 0.257 0.242 
0.395 -0.56 -0.38 0.261 0.173 0.089 0.078 0.366 0.603 0.635 0.507 0.262 0.204 0.141 -0.09 -0.03 -0.01 0.022 -0.10 0.117 
-0.44 -0.68 0.162 0.040 0.200 -0.48 -0.70 -0.66 -0.93 -0.95 -0.97 -0.91 -0.85 -0.78 -0.77 -0.70 -0.64 -0.55 -0.53 -0.18 
1.788 0.037 0.947 0.731 0.217 0.180 0.353 0.047 0.119 -0.88 -0.93 -0.88 -0.83 -0.36 -0.45 -0.41 -0.17 -0.17 -0.20 -0.17 
-0.78 -1.68 -1.08 0.263 0.037 -0.28 -0.47 -0.46 -1.43 -1.30 -1.19 -1.06 -0.73 -0.55 -0.80 -0.75 -0.83 -0.85 -0.84 -0.88 
-0.05 -0.09 -0.43 -0.51 -0.17 -0.88 -0.79 -0.70 -0.62 -0.65 -0.47 -0.60 -0.59 -0.55 -0.51 -0.50 -0.61 -0.57 -0.60 -0.51 
-3.68 -1.71 -1.09 -0.75 -0.81 -0.69 -0.96 -1.35 -1.27 -1.23 -1.12 -1.03 -0.85 -0.78 -0.72 -0.68 -0.72 -0.82 -0.78 -0.78 
1.868 0.941 0.706 0.927 0.938 1.139 1.309 0.299 0.265 0.238 0.216 0.200 -0.09 -0.13 -0.04 0.029 -0.07 0.009 0.029 0.016 
-0.55 0.755 0.462 0.353 -0.05 0.164 -0.04 0.043 0.017 0.020 -0.34 -0.43 -0.33 -0.26 -0.20 0.255 0.422 0.396 0.398 0.316 
1.382 0.848 0.716 0.588 0.601 0.413 -0.47 -0.44 -0.23 -0.17 -0.16 -0.17 -0.12 -0.14 -0.16 -0.06 -0.20 -0.23 -0.20 -0.13 
-0.73 -0.41 -1.36 -0.99 -0.30 1.164 0.567 0.500 0.309 0.521 0.486 0.451 0.740 0.790 0.720 0.668 0.579 0.506 0.469 0.713 
-1.39 -1.31 -0.93 -0.97 -0.80 -0.48 -0.35 -0.32 -0.15 -0.21 -0.22 0.116 0.268 0.258 0.329 0.250 0.300 0.313 0.304 0.285 
0.803 -0.14 0.303 -0.12 -1.03 -0.86 -0.73 -0.84 -0.85 -0.65 -0.61 -0.54 -0.52 -0.41 -0.34 -0.35 -0.34 -0.43 -0.23 -0.20 
0.023 0.052 -0.16 -0.12 -0.17 -0.12 0.647 0.842 0.588 0.530 0.501 0.411 0.430 0.410 0.284 0.238 0.176 0.176 0.226 0.197 
2.607 1.557 0.587 1.683 2.242 2.331 2.007 1.756 1.507 1.345 1.272 1.170 1.093 1.166 1.037 1.068 1.066 0.976 0.823 0.779 
1.254 0.290 0.357 -0.29 -0.41 -0.22 -0.15 -0.15 -0.14 -0.11 -0.10 -0.15 -0.13 -0.13 -0.05 -0.04 0.087 0.012 -0.13 -0.15 
1.013 0.655 0.377 0.181 0.197 0.220 0.139 0.109 0.062 -0.12 -0.29 -0.29 -0.32 -0.64 -0.61 -0.57 -0.60 -0.60 -0.50 -0.44 
2.015 1.658 1.564 0.788 0.484 -0.29 -0.30 0.466 0.329 0.062 -0.08 -0.01 0.051 0.089 0.011 -0.00 0.046 0.029 -0.02 -0.05 
0.335 -0.25 -0.33 1.355 1.127 0.844 0.337 0.334 -0.20 -0.25 -0.23 -0.42 -0.37 -0.35 -0.33 -0.27 -0.14 0.076 0.154 0.199 
0.385 0.392 0.035 0.422 0.386 0.467 0.226 -0.02 0.603 0.545 0.479 0.357 0.311 0.272 0.251 0.214 -0.15 -0.16 -0.13 -0.09 
1.850 1.987 0.228 0.171 -0.04 0.128 0.273 0.240 0.606 -0.35 -0.37 -0.34 -0.34 -0.31 -0.27 -0.15 0.032 -0.15 -0.20 -0.20 
-0.66 -0.27 0.173 0.693 0.643 0.667 0.684 -0.25 -0.03 -0.05 -0.36 -0.46 -0.41 -0.34 -0.31 -0.22 0.280 0.113 0.089 0.003 
5.226 3.918 2.453 1.821 1.318 1.250 0.998 1.261 1.106 1.087 0.936 0.815 0.720 0.650 0.610 0.572 0.382 0.331 0.220 0.237 
12.24 6.014 3.525 2.404 1.388 1.848 1.536 1.370 1.411 1.240 1.028 1.089 1.038 1.195 0.985 1.188 1.139 1.143 1.099 1.055 
0.829 0.622 0.872 0.307 4.256 3.512 3.125 2.573 2.287 2.112 1.905 1.728 1.596 1.092 1.337 1.179 1.161 1.141 1.078 0.938 
3.919 3.186 -2.71 -2.12 -0.99 -1.35 -1.65 -1.39 -1.06 -1.14 -0.96 -0.99 -0.87 -0.76 -0.65 -0.44 -0.39 -0.38 -0.37 -0.46 
-1.66 -0.60 -0.24 0.397 0.811 0.686 0.516 0.401 0.381 0.500 0.414 0.254 0.442 0.265 0.281 0.238 0.220 0.130 0.037 -0.02 
-0.11 -0.59 -0.40 -0.30 -0.19 -1.02 0.463 1.122 1.003 0.753 0.768 0.132 0.207 0.221 0.199 0.256 0.240 0.344 0.327 0.236 
0.447 -0.31 -0.26 -0.21 -0.26 -0.43 -0.45 -0.38 -0.32 -0.24 -0.26 -0.24 -0.27 -0.66 -0.63 -0.61 -0.58 -0.55 -0.49 -0.41 
-2.18 -0.77 -0.53 -0.42 -0.55 -0.41 -0.33 -0.05 0.321 0.270 0.282 0.352 0.470 0.436 0.366 0.061 0.060 -0.03 0.040 -0.06 
5.000 2.812 1.876 1.093 0.817 0.638 0.421 0.301 0.223 0.275 0.264 0.504 0.498 0.523 0.516 0.481 0.638 0.355 0.356 0.353 
-0.95 -0.41 0.602 0.571 0.417 0.405 0.204 0.232 0.040 0.019 0.018 0.002 0.035 0.089 0.037 -0.04 -0.11 -0.10 -0.05 -0.04 
0.316 0.176 0.050 -0.51 -1.52 -1.28 -1.11 -0.96 -0.03 0.010 0.308 0.274 -0.13 -0.08 -0.12 -0.17 -0.18 -0.43 -0.68 -0.64 
-0.06 0.118 0.089 0.991 0.796 0.296 1.051 0.840 0.846 0.457 0.230 0.206 0.144 0.147 0.143 0.132 0.132 0.307 0.297 0.304 
-5.90 -5.39 -3.06 -1.24 -1.04 -0.39 -1.04 -1.15 -0.77 -0.23 0.020 0.078 -0.04 -0.15 -0.14 -0.02 -0.03 -0.02 0.127 0.165 
0.026 -1.00 -1.66 -2.81 -1.91 -1.60 -1.42 -0.96 -1.18 -1.01 -1.46 -1.38 -1.27 -1.02 -0.62 -0.60 -0.59 -0.45 -0.46 -0.42 
-6.24 -3.21 -4.26 -3.67 -2.76 -1.78 -1.66 -1.68 -1.48 -1.27 -1.08 -1.08 -0.20 -0.10 -0.08 0.039 -0.14 -0.20 -0.21 -0.27 
0.719 0.837 0.904 -0.42 -0.38 -0.28 -0.12 0.032 -0.13 -0.11 -0.56 -0.47 -0.45 0.023 0.021 -0.07 0.028 -0.07 -0.09 -0.08 
0.657 0.914 -0.32 -0.31 -1.00 -0.45 -0.36 -0.29 -0.30 -0.71 -1.21 -1.08 -0.97 -1.01 -0.93 -0.72 -0.61 -0.56 -0.48 -0.38 
-2.96 -0.66 0.840 0.124 1.917 1.871 1.426 1.231 0.871 0.596 0.550 0.460 0.311 0.292 0.383 0.531 0.489 0.383 0.209 0.122 
-1.27 -0.38 -0.36 0.094 -0.22 -0.44 -0.38 0.300 0.237 0.273 0.277 0.388 0.446 0.238 0.325 0.314 0.393 0.448 0.431 0.426 
1.058 0.547 -0.23 -0.39 -0.20 -0.15 -0.08 0.049 0.126 0.039 -0.03 -0.06 -0.15 -0.15 -0.17 -0.16 -0.26 -0.25 -0.29 -0.22 
-2.05 -0.73 0.149 0.111 0.199 0.055 0.061 -0.08 -0.14 -0.10 -0.56 -0.66 -0.64 -0.58 -0.62 -0.60 -0.57 -0.47 -0.60 -0.57 
-0.06 0.552 1.422 1.144 1.352 0.602 0.513 0.349 0.266 0.203 0.318 0.575 0.612 0.608 0.462 0.367 0.386 0.495 0.562 0.567 
-0.86 -0.81 -0.17 1.380 0.643 0.618 0.449 0.233 0.131 0.029 0.113 0.242 -0.57 -0.54 -0.64 -0.59 -0.44 -0.40 -0.41 -0.35 
-0.65 1.634 1.037 1.625 1.073 1.013 0.709 0.559 0.437 0.341 0.315 1.011 0.901 0.856 0.750 0.745 0.762 0.716 0.752 0.746 
0.496 0.578 0.402 0.475 0.317 0.140 -0.36 -0.27 -0.59 -0.47 0.320 -0.10 -0.07 -0.06 -0.05 0.235 0.216 0.445 0.266 0.195 
0.061 0.096 1.100 0.571 0.416 0.216 0.109 -0.00 -0.29 -0.31 -0.24 -0.25 -0.11 -0.08 0.052 0.127 0.081 0.079 0.007 -0.03 
1.070 1.023 1.715 2.290 1.769 1.319 1.275 1.147 1.002 0.870 0.738 0.874 0.895 0.867 0.864 0.953 0.864 0.878 0.679 0.408 
0.534 -0.09 0.132 -0.35 -1.32 -1.05 -0.91 -0.86 -0.70 -0.58 -0.58 -0.53 -0.57 -0.36 -0.34 -0.15 -0.19 -0.20 -0.22 -0.58 
0.332 0.183 0.152 -0.40 -0.45 -0.50 -0.30 -0.26 -0.29 -0.73 -0.54 -0.65 -0.61 -0.98 -0.97 -0.67 -0.75 -0.64 -0.60 -0.49 
2.171 2.472 1.381 2.251 1.536 1.244 1.048 0.916 0.760 0.940 0.939 0.774 0.766 0.354 0.337 0.910 0.856 0.833 0.804 0.756 
-1.91 -0.96 -0.65 -0.59 -0.84 -0.66 0.295 0.233 0.148 0.149 0.029 0.095 -0.11 -0.15 -0.13 -0.23 -0.52 -0.48 -0.53 -0.44 
-0.52 -0.19 -0.18 0.165 0.187 0.096 0.258 0.304 -0.40 -0.46 -0.09 -0.13 -0.15 -0.13 -0.10 -0.12 -0.11 -0.43 -0.30 -0.28 
-1.22 0.444 0.082 0.227 -0.02 0.076 0.051 0.046 -0.26 -2.10 -2.00 -1.79 -1.66 -1.70 -1.56 -1.61 -1.40 -1.16 -1.08 -0.92 
-0.14 -0.39 -1.98 -1.46 -1.20 -0.97 -1.00 -0.89 -0.85 -0.78 -0.70 -0.30 -0.26 -0.19 -0.22 -0.36 -0.39 -0.20 -0.04 -0.04 
1.916 1.673 0.825 0.680 0.283 0.252 0.550 0.422 0.439 0.408 0.515 0.446 0.401 0.314 0.133 0.296 0.562 0.625 0.592 0.473 
-0.51 -0.37 -0.16 -0.19 -0.37 -0.17 -0.36 -0.44 -0.40 -0.41 -0.46 -0.33 -0.23 -0.15 -0.11 -0.11 -0.11 -0.07 -0.16 -0.13 
-3.13 -1.11 -0.50 -0.40 -0.16 -0.18 -0.12 -0.08 -0.08 0.090 -0.05 -0.01 0.007 -0.01 0.127 0.129 0.080 0.132 0.125 0.099 
2.228 0.637 0.375 0.321 0.218 0.148 -0.40 -0.34 -0.36 -0.64 -0.59 -0.79 -0.84 -0.68 -0.64 -0.77 -0.72 -0.65 -0.81 -0.69 
-1.42 -1.32 -0.82 -0.36 -1.16 -0.97 -0.26 -0.13 0.196 0.306 0.177 0.061 0.118 0.109 0.103 0.183 0.179 0.342 0.250 0.248 
-0.30 -0.10 0.071 -0.01 0.155 0.335 0.196 0.601 0.505 0.233 0.537 0.643 0.781 0.704 0.704 0.659 0.773 0.890 0.678 0.511 
-0.03 0.434 0.288 0.147 0.652 0.314 0.202 0.199 0.295 0.511 0.350 0.182 0.109 0.028 0.031 0.043 0.034 0.287 0.739 0.713 
0.906 2.186 1.453 1.433 0.999 0.830 0.934 0.799 0.404 0.461 0.510 0.199 0.116 0.152 0.082 0.077 0.126 0.107 0.135 0.260 
-2.62 -1.70 -1.17 -0.94 -0.19 -0.10 0.312 0.208 0.124 0.185 -0.03 0.165 0.235 0.270 0.584 0.374 0.292 -0.16 -0.24 -0.06 
-4.39 -3.17 -2.08 -2.04 -1.55 -1.63 -1.41 -1.21 -1.15 -1.16 -1.42 -1.30 -1.20 -1.12 -1.06 -1.20 -1.00 -0.96 -0.57 -0.59 
-0.17 -1.85 -0.93 -0.63 -0.37 -0.16 -0.01 -0.19 -0.17 -0.17 -0.00 -0.01 -0.08 -0.04 0.090 0.113 0.172 0.435 0.359 0.266 
1.388 0.615 0.980 0.405 0.225 0.228 0.298 0.299 0.265 0.260 0.230 0.394 0.364 0.280 0.007 -0.10 -0.09 -0.19 -0.10 -0.07 
-0.59 -0.24 0.280 0.031 0.400 0.050 0.046 0.141 0.250 -0.04 0.141 0.212 0.254 0.540 0.679 0.633 0.323 0.359 0.930 0.920 
0.693 1.831 1.315 0.752 0.826 0.747 1.075 1.413 0.942 0.846 0.793 0.600 0.557 0.516 0.430 0.274 0.227 0.159 -0.07 0.033 
-0.51 -0.57 0.274 0.400 0.242 0.236 0.275 0.055 0.070 0.012 0.017 -0.09 -0.02 -0.08 -0.08 -0.05 -0.09 -0.06 -0.06 -0.11 
0.317 0.401 0.250 0.433 0.497 0.353 0.419 0.154 0.203 0.194 0.198 0.247 0.189 0.181 0.168 0.089 0.121 0.115 0.065 0.059 
-3.45 -2.15 -1.41 -1.25 -1.00 -0.84 -1.12 -1.06 -0.75 -0.58 -0.59 -0.62 -0.57 -0.64 -0.90 -0.69 -0.78 -0.73 -0.71 -0.75 
0.489 -0.05 -0.84 -0.58 -0.53 -0.48 -0.07 -0.13 0.020 0.133 0.158 0.117 0.121 0.004 -0.03 -0.04 -0.04 -0.01 -0.03 -0.27 
1.592 -0.06 -0.64 -1.13 -0.93 -0.69 -0.46 -0.55 -0.34 -0.17 -0.15 -0.35 -0.30 0.038 0.035 0.039 0.071 0.012 0.111 0.124 
-1.84 -1.91 -2.08 -1.15 -1.04 -1.00 -1.11 -1.00 -0.76 -0.68 -0.57 -0.66 -0.39 -0.23 -0.18 -0.17 -0.44 -0.75 -1.04 -0.95 
0.242 0.322 2.227 1.139 1.030 0.973 0.931 0.321 0.304 0.222 0.269 0.255 0.235 0.225 0.226 0.297 0.200 0.286 0.296 0.293 
-0.04 -0.06 -0.96 -1.05 -0.74 -0.27 -0.17 -0.38 -0.38 -0.28 -0.47 -0.36 -0.14 -0.13 -0.11 -0.18 -0.16 0.002 0.026 -0.24 
0.654 1.513 0.897 0.681 0.758 0.478 0.236 -0.24 -0.16 0.149 0.169 0.199 0.177 0.568 0.290 0.167 0.157 0.218 0.252 -0.02 
0.711 -0.08 0.384 -0.00 -0.15 0.547 0.412 0.351 0.546 0.445 0.552 0.557 0.661 0.580 0.913 0.842 0.763 0.737 0.679 0.654 
1.089 0.288 0.608 0.448 0.415 0.100 0.190 0.185 0.170 0.195 0.163 0.279 0.245 0.151 0.160 0.095 0.076 0.009 0.005 -0.04 
-0.20 -0.29 -0.12 0.390 -0.44 -0.49 -0.47 -0.22 -0.29 -0.30 -0.10 -0.09 -0.08 -0.03 -0.02 -0.04 0.076 0.087 0.068 0.306 
-0.31 0.114 0.105 0.153 -0.07 -0.08 0.322 0.391 0.301 0.114 0.134 0.341 0.519 0.654 0.750 0.564 0.274 0.260 0.147 0.192 
4.989 2.525 1.569 0.649 0.577 0.478 0.387 0.107 0.056 -0.05 -0.04 -0.21 -0.23 -0.21 0.024 -0.30 -0.24 -0.44 -0.50 -0.47 
-0.01 0.360 0.658 0.481 0.485 0.314 1.022 0.895 0.687 0.657 0.459 0.347 0.248 0.032 -0.02 0.051 0.055 0.093 -0.02 -0.02 
1.418 1.632 0.922 0.378 0.381 0.495 0.414 0.474 1.366 1.234 1.125 1.086 1.111 1.080 0.985 0.935 0.917 0.824 0.907 0.842 
2.062 0.623 0.433 0.018 0.150 0.192 0.392 0.032 0.047 -0.63 -0.51 -0.58 -0.55 -0.62 -0.57 -0.31 -0.34 -0.26 -0.29 -0.40 
1.018 1.011 0.594 0.378 0.637 0.506 0.999 0.916 0.752 0.598 0.625 0.569 0.412 0.371 0.351 0.328 0.303 0.252 0.025 -0.01 
0.076 -1.53 -0.64 -0.51 -0.99 -1.03 -1.05 -0.92 -0.84 -0.87 -0.78 -0.87 -0.80 -0.80 -0.67 -0.63 -0.59 -0.52 -0.57 -0.51 
0.689 0.597 0.575 0.110 -0.25 0.151 0.142 0.076 0.010 0.261 0.724 0.615 0.467 0.357 0.367 0.353 0.302 -0.18 -0.17 -0.14 
1.837 0.781 0.521 0.391 -0.02 0.030 0.472 0.176 0.114 0.037 -0.76 -0.88 -0.94 -0.99 -0.84 -0.62 -0.50 -0.50 -0.32 -0.29 
1.143 0.554 0.388 -0.09 -0.03 0.071 0.008 0.174 0.278 0.212 0.025 0.043 0.034 -0.09 -0.13 -0.42 -0.38 -0.32 -0.26 -0.24 
-0.92 0.777 0.413 -0.15 -0.16 -0.58 -0.69 -0.56 -0.42 -0.38 -0.60 -0.46 -0.57 -0.55 -0.51 -0.49 -0.43 -0.36 -0.44 -0.43 
0.438 0.752 0.461 1.046 0.912 0.793 0.435 0.033 0.004 -0.10 0.041 0.833 0.719 0.707 0.654 0.581 0.367 0.344 0.356 0.318 
-0.07 0.766 0.632 0.413 0.567 0.530 0.458 0.180 0.178 0.098 0.081 0.032 0.029 -0.20 -0.12 -0.13 -0.11 -0.05 -0.05 -0.08 
0.979 0.416 0.274 0.335 0.382 0.307 0.089 0.013 -0.10 0.396 0.409 0.091 -0.16 -0.13 -0.20 -0.18 -0.02 -0.02 0.019 0.063 
0.516 1.019 0.934 0.750 0.205 -0.08 -0.00 -0.07 -0.05 -0.17 -0.28 -0.23 -0.21 -0.35 -0.15 -0.23 -0.22 -0.21 -0.21 -0.19 
0.046 0.413 -0.26 -0.04 -0.04 -0.04 -0.02 -0.05 0.079 0.675 0.599 0.523 0.431 0.589 0.594 0.517 0.440 0.529 0.498 0.595 
0.087 -1.89 0.207 1.706 2.021 1.793 1.570 1.230 0.760 0.848 0.793 0.876 0.900 0.804 0.875 1.017 0.915 1.170 1.031 0.975 
-0.17 0.097 0.989 0.708 0.113 0.363 0.316 -0.07 0.013 0.080 0.260 0.335 0.747 0.668 0.632 0.596 0.647 0.253 0.222 0.172 
0.412 -0.01 -0.91 -0.68 0.116 0.044 -0.05 -0.05 0.105 -0.15 -0.14 0.508 0.476 0.402 0.528 0.357 0.329 0.280 0.338 0.383 
-3.29 -1.28 -1.36 -1.50 -1.62 -0.93 -0.85 -0.44 -0.10 -0.10 -0.08 0.135 0.212 0.684 0.359 0.342 0.247 0.280 0.182 0.187 
-0.45 1.344 0.547 0.299 0.785 0.487 -0.12 -0.13 -0.06 -0.13 -0.04 -0.02 0.054 0.254 0.262 0.114 0.154 0.158 -0.09 -0.06 
-2.20 -0.54 0.375 0.385 0.229 0.153 -0.26 -0.14 -0.17 -0.18 -0.27 -0.21 -0.18 -0.43 -0.45 -0.40 -1.21 -1.13 -1.11 -1.22 
0.606 0.437 0.805 0.530 0.294 -0.01 0.104 0.075 0.042 0.161 -0.25 -0.10 -0.26 -0.20 0.236 0.033 0.025 -0.36 -0.64 -0.59 
0.854 -0.18 -0.06 -0.16 -0.66 -0.54 -0.75 -0.64 -0.54 -0.45 -0.43 -0.60 -0.41 -0.32 -0.36 -0.40 -0.33 -0.32 -0.13 -0.06 
2.275 0.217 -0.08 -0.45 -1.22 -1.55 -1.26 -1.10 -1.10 -1.06 -0.44 -0.21 0.113 0.026 0.058 0.076 0.059 0.089 0.123 0.140 
0.163 0.227 0.116 -0.89 -0.38 -0.49 -0.00 0.028 0.045 -0.20 -0.17 -0.09 -0.01 -0.14 -0.26 -0.41 -0.37 -0.46 -0.49 -0.90 
0.454 -2.22 -1.44 -0.88 -1.03 -0.01 -0.58 -0.93 -0.79 -0.70 -0.64 -0.57 -0.53 -0.53 -0.38 -0.31 -0.30 -0.26 -0.24 -0.25 
-0.95 -1.85 -0.88 -1.28 -0.99 -0.92 -1.30 -1.20 -1.05 -0.88 -0.90 -0.83 -0.76 -0.70 -0.65 -0.62 -0.58 -0.51 -0.25 -0.27 
1.180 0.748 0.536 -0.14 0.183 0.071 0.137 0.456 0.771 0.735 0.785 0.752 0.487 0.452 0.627 0.553 0.433 0.278 0.267 0.055 
0.007 1.740 2.058 0.789 0.303 0.175 0.275 0.085 -0.04 -0.09 -0.06 0.210 0.240 0.153 0.213 0.223 0.296 0.287 0.188 0.130 
-0.14 2.511 1.678 2.073 1.364 1.204 1.033 0.907 0.864 0.722 0.504 0.491 0.459 0.594 0.602 0.650 0.617 0.492 0.420 0.461 
0.670 0.224 -0.01 0.890 0.467 1.123 0.928 0.741 0.650 0.602 0.771 0.670 0.641 0.474 0.444 0.781 0.703 1.048 0.949 0.949 
0.529 0.482 0.174 0.304 -0.06 -0.05 0.005 -0.06 0.043 0.063 0.044 0.044 0.071 -0.32 -0.31 -0.30 -0.38 -0.38 -0.36 -0.27 
0.960 0.536 1.963 0.690 1.707 2.141 1.888 1.531 1.359 1.161 1.041 0.642 0.436 0.325 0.241 0.127 0.135 0.069 0.026 0.025 
-0.03 -0.38 -0.30 -0.13 -0.52 -0.42 -0.34 -0.11 0.123 0.075 0.128 0.072 0.087 0.092 0.129 0.204 0.103 0.155 0.145 0.143 
0.476 0.738 0.595 0.441 0.331 -0.11 -0.05 -0.09 -0.22 -0.47 -0.51 -0.38 -0.36 -0.25 -0.06 -0.06 -0.29 -0.40 -0.26 -0.25 
-0.28 0.423 -0.14 -0.92 -0.71 -0.64 -0.56 -0.59 -0.61 -0.51 -0.39 -0.46 -0.49 -0.42 -0.47 -0.44 -0.51 -0.46 -0.48 -0.52 
0.103 -0.82 -0.57 -0.23 -0.37 -0.31 -0.19 -0.34 -0.56 -0.69 -0.44 -0.41 -0.36 -0.20 -0.13 -0.14 -0.09 -0.09 0.050 0.047 
0.133 0.033 0.159 2.248 1.159 1.043 0.956 0.717 0.729 0.624 0.662 0.770 0.505 0.469 0.269 0.327 0.280 0.322 0.200 0.012 
-0.27 0.232 -0.01 0.080 0.457 0.461 0.395 0.410 0.563 0.497 0.285 0.260 0.438 0.407 0.403 0.458 0.434 0.413 0.187 0.135 
-0.65 1.474 1.425 1.174 0.927 0.929 0.703 0.621 0.491 0.415 0.252 0.307 0.194 0.221 0.117 0.170 0.620 0.346 0.308 0.254 
-3.85 -2.08 -1.27 -1.77 -2.13 -1.77 -1.62 -1.48 -1.35 -0.87 -0.77 -0.70 -0.75 -0.73 -0.49 -0.53 -0.42 -0.34 -0.11 -0.12 
-0.56 -0.27 -0.13 -1.33 -0.91 -0.90 -0.45 -0.34 -0.25 -0.13 -0.12 -0.12 -0.09 0.079 0.244 0.307 0.271 0.264 0.232 0.344 
-3.57 -1.55 -0.58 -0.41 -0.43 -0.48 -0.58 -0.13 -0.08 0.032 -0.06 -0.13 -0.12 -0.13 -0.08 0.092 0.166 0.149 0.165 0.154 
-0.77 -2.28 -1.52 -1.15 -0.69 -0.12 0.266 -0.04 -0.21 -0.11 0.125 0.231 0.196 0.270 0.249 0.466 0.485 0.523 0.448 0.458 
-4.33 -1.87 -1.39 -1.00 -0.82 -0.21 -0.14 -0.21 -0.06 -0.32 -0.11 -0.08 -0.11 0.200 0.138 0.112 0.283 -0.15 -0.00 0.073 
-0.75 -0.94 -1.62 -1.22 -0.99 -0.93 -0.81 -0.57 -0.45 -0.21 -0.36 -0.30 -0.34 -0.22 -0.16 -0.28 -0.43 -0.37 -0.34 -0.27 
3.295 1.448 0.971 0.705 0.563 0.498 0.454 0.374 0.472 0.227 0.007 0.061 -0.16 -0.22 -0.13 0.139 0.138 0.156 0.114 0.114 
0.382 -1.00 -0.59 -0.92 -0.87 -0.55 -0.08 -0.02 -0.03 0.295 -0.17 -0.15 -0.05 -0.06 -0.42 -0.42 -0.42 -0.41 -0.40 -0.23 
-0.00 0.110 0.138 -0.42 -0.32 -0.61 -0.41 -0.37 -0.34 0.108 -0.38 -0.32 -0.43 -0.24 -0.14 -0.08 0.030 0.063 0.485 0.472 
0.295 1.125 0.364 -0.55 -0.23 -0.49 -1.25 -1.03 -1.12 -0.92 -0.82 -0.88 -0.85 -0.78 -0.86 -0.84 -0.82 -0.84 -0.83 -0.81 
0.146 0.095 2.181 1.765 1.539 1.106 0.647 0.750 0.963 0.880 0.732 0.545 0.412 0.381 0.064 0.044 0.124 0.133 0.014 -0.00 
0.095 0.331 0.572 0.472 0.434 0.385 0.486 0.366 0.436 0.730 0.631 0.643 0.733 0.473 0.364 0.443 0.397 0.490 0.465 0.349 
-0.18 0.480 0.243 0.190 0.145 0.677 0.631 0.621 0.522 0.429 0.375 0.331 0.963 0.812 0.727 0.702 0.856 0.820 0.880 0.829 
0.187 -0.28 -0.16 -0.06 0.341 0.463 0.367 0.479 0.239 0.146 0.200 0.281 0.230 0.291 -0.39 -0.42 -0.35 -0.33 -0.35 -0.34 
3.208 2.838 1.892 1.419 1.116 0.962 0.883 0.794 0.801 0.719 0.835 0.870 0.661 0.816 0.746 0.680 0.522 0.388 0.337 0.320 
-0.01 0.020 -0.22 -0.23 -0.73 -0.59 -0.37 -0.31 -0.26 -0.24 -0.23 -0.17 -0.39 -0.37 -0.40 -1.11 -1.01 -0.99 -0.94 -0.95 
0.402 0.385 0.034 0.191 0.215 -0.87 -0.85 -0.79 0.209 -0.10 -0.51 -0.42 -0.21 -0.17 -0.14 -0.25 -0.26 -0.22 -0.25 -0.30 
0.066 -0.51 -0.32 -0.26 1.483 1.272 1.279 1.097 1.091 1.148 1.189 1.244 1.116 0.975 0.920 0.867 0.816 0.715 0.667 0.247 
-0.05 0.505 -0.02 0.132 0.183 0.204 0.175 0.198 0.181 0.277 0.243 0.416 0.387 0.478 0.463 0.446 0.421 0.313 0.264 0.237 
-0.84 0.146 -0.11 -0.22 -0.05 -0.25 -0.18 0.114 0.148 0.229 0.084 0.307 0.640 0.685 0.522 0.492 0.497 0.484 0.424 0.757 
3.407 1.827 1.432 0.865 0.759 0.446 0.405 0.342 0.311 -0.05 0.700 0.521 0.407 0.603 0.659 0.624 0.300 0.272 0.286 0.262 
-0.01 0.549 0.382 1.243 0.775 1.105 0.816 0.678 0.696 0.607 0.475 0.393 0.343 0.366 0.512 0.488 0.629 0.614 0.617 0.585 
-0.42 -0.56 0.012 -0.48 -0.67 -0.45 -0.56 -0.39 -0.30 -0.43 -0.47 -0.46 -0.27 -0.25 -0.04 -0.19 -0.11 -0.04 0.072 0.043 
-0.98 -0.46 -0.54 -0.31 -0.26 0.088 0.128 0.098 0.045 0.052 0.035 0.015 0.017 -0.00 0.008 0.016 0.028 -0.29 -0.22 -0.14 
1.588 1.225 2.901 1.777 1.214 1.137 0.669 0.169 0.988 0.790 0.790 0.697 0.748 0.703 0.846 0.821 0.756 0.762 0.898 0.859 
-0.85 0.749 0.579 0.560 0.432 0.466 0.360 -0.20 -0.17 -0.11 0.038 -0.03 -0.03 0.019 0.048 0.020 0.126 0.125 0.126 0.284 
2.519 1.112 0.586 -0.17 -0.29 -0.06 -0.30 -0.28 -0.21 -0.19 0.055 0.226 0.269 -0.02 0.108 0.115 0.180 0.190 0.201 0.149 
-0.04 -1.53 -0.29 0.245 0.000 0.357 0.350 0.457 0.716 0.682 0.431 0.460 0.446 0.225 0.269 0.268 0.235 0.253 0.310 0.354 
-0.38 -1.69 -1.40 -1.04 -0.90 -0.75 -0.28 -0.46 -0.45 -0.07 0.053 -0.00 -0.15 -0.07 0.042 -0.15 -0.04 -0.00 -0.03 -0.04 
1.084 0.540 0.393 0.190 0.025 0.042 -0.02 -0.04 -0.23 -0.09 -0.42 -0.38 -0.27 -0.37 -0.31 -0.23 -0.27 -0.22 -0.24 -0.12 
0.141 -0.77 -1.12 -1.56 -1.38 -0.12 -0.03 -0.02 -0.54 -0.29 -0.31 -0.31 -0.20 -0.14 -0.18 -0.43 -0.34 -0.30 -0.28 -0.19 
3.175 1.646 1.077 0.839 0.535 0.264 0.272 0.247 0.259 -0.03 0.089 0.097 0.104 0.313 0.292 0.360 0.413 0.381 0.299 0.315 
-3.60 -1.65 -2.03 -1.32 -1.65 -1.24 -0.72 -0.81 -0.71 -0.67 -0.67 -0.82 -0.60 -0.62 -0.81 -0.97 -0.67 -0.65 -0.65 -0.48 
-0.00 1.127 0.733 0.489 0.421 0.684 0.585 0.624 0.556 0.486 0.473 0.133 0.126 0.181 0.204 0.189 0.084 0.100 0.095 0.118 
-0.46 -0.77 -0.44 -0.49 -0.37 -0.47 -0.30 -0.38 -0.37 -0.13 -0.18 -0.16 0.014 -0.07 0.093 0.038 0.005 0.021 0.216 0.073 
-0.43 -0.62 0.038 0.131 -0.37 -1.53 -1.31 -1.19 -0.81 -0.74 -0.81 -0.69 -0.31 -0.21 -0.21 -0.18 -0.23 -0.21 -0.20 -0.23 
0.369 0.925 0.267 0.494 0.082 0.148 0.114 -0.02 0.502 0.443 0.224 0.114 0.015 -0.05 -0.07 -0.11 -0.12 -0.01 0.068 -0.08 
0.226 0.540 0.345 0.447 0.198 -0.06 0.051 -0.51 -0.28 -0.00 -0.08 -0.04 -0.19 -0.18 -0.11 -0.14 -0.07 -0.05 -0.02 -0.02 
-0.07 2.276 -0.32 0.114 0.129 0.277 0.107 0.164 0.195 0.340 0.295 0.255 0.203 0.045 -0.00 0.021 0.072 0.078 0.030 0.039 
3.247 1.361 1.678 1.340 1.060 0.461 0.965 0.775 0.918 0.826 0.740 0.673 0.635 0.599 0.550 0.498 0.536 0.586 0.656 0.597 
0.744 -0.16 -0.13 -0.16 0.145 0.158 0.084 0.098 -0.18 -0.31 -0.29 -0.21 -0.21 -0.00 -0.09 -0.08 -0.18 -0.26 -0.25 -0.18 
6.751 4.011 2.806 2.108 1.674 0.638 0.324 0.337 0.323 -0.07 -0.15 -0.16 -0.12 -0.07 0.060 0.141 0.028 0.028 -0.03 -0.03 
0.199 0.823 -0.24 0.669 0.513 0.800 0.613 0.564 0.532 0.592 0.644 0.620 0.660 0.684 0.578 0.472 0.446 0.423 0.383 0.363 
3.338 0.831 0.940 1.337 0.596 0.448 0.365 0.098 0.123 0.124 -0.03 -0.02 -0.02 -0.02 -0.01 0.072 0.066 -0.10 0.058 0.059 
0.043 0.968 0.665 0.476 0.474 0.373 0.301 0.278 0.378 0.318 0.271 0.302 0.418 0.227 0.177 0.142 0.052 0.165 -0.00 0.062 
-1.36 -3.02 -2.05 -1.44 -1.08 -1.07 -0.86 -0.67 -0.46 -0.16 -0.14 -0.13 -0.12 -0.12 -0.00 -0.08 -0.08 -0.16 -0.17 -0.21 
1.382 0.361 0.291 0.025 0.784 0.733 0.717 0.784 0.862 0.734 0.439 0.526 0.529 0.337 0.382 0.379 0.386 0.361 0.277 0.373 
-1.34 -0.51 -1.30 -0.92 -0.56 -0.52 -0.52 -0.42 -0.41 -0.43 -0.55 -0.60 -0.56 -0.74 -0.77 -0.74 -0.59 -0.48 -0.48 -0.55 
-2.08 0.164 0.123 -0.03 -0.13 -0.08 0.237 0.270 0.273 0.198 0.121 0.167 0.141 0.105 0.090 0.110 0.087 0.088 0.081 0.098 
2.254 1.096 1.140 1.125 0.988 1.102 1.077 0.972 0.931 0.446 0.568 0.414 0.714 0.683 0.558 0.471 0.443 0.416 0.411 0.392 
3.528 2.239 1.420 1.268 1.154 1.087 1.099 1.236 0.891 0.808 1.010 0.991 0.939 0.713 0.678 0.736 0.690 0.539 0.567 0.550 
-0.30 -0.14 0.757 0.429 0.382 0.319 0.349 0.390 0.325 0.172 0.248 0.080 0.122 0.580 0.379 0.315 0.073 0.077 0.098 0.006 
0.425 -0.39 -0.10 0.126 -0.14 -0.11 -0.14 -0.10 -0.08 0.075 -0.04 -0.01 -0.08 0.054 0.099 0.167 0.169 0.160 0.145 0.181 
-0.45 -1.23 -1.09 -0.59 -0.59 -0.37 -0.24 -0.35 -0.24 -0.24 -0.52 -0.93 -0.85 -0.95 -0.80 -0.77 -0.62 -0.62 -0.59 -0.58 
-1.22 -0.34 -0.47 -0.33 -0.46 -0.29 -0.08 -0.13 0.019 0.104 0.095 0.154 0.151 0.402 0.276 0.542 0.627 0.594 0.575 0.541 
0.764 0.381 -0.58 -0.42 -0.23 0.207 0.071 0.181 0.072 0.073 0.184 0.094 0.105 0.101 -0.00 -0.05 0.120 0.196 0.186 0.224 
0.393 0.160 0.089 0.227 -0.06 -0.21 -0.10 -0.18 -0.16 -0.22 -0.16 -0.14 -0.05 0.049 0.022 0.165 0.071 0.072 0.069 0.051 
2.003 0.587 0.475 0.329 0.195 0.557 0.240 0.179 0.123 0.358 0.355 0.310 -0.10 -0.09 -0.08 -0.10 -0.07 -0.07 -0.02 0.001 
0.091 -0.94 0.565 -0.18 -0.10 -0.02 -0.03 0.016 0.001 -0.15 -0.12 -0.10 -0.09 -0.00 0.155 0.078 0.357 0.357 0.342 0.316 
-0.01 0.043 0.137 0.025 0.077 -0.34 -0.32 -0.35 -0.20 -0.19 -0.09 -0.27 -0.38 -0.37 -0.36 -0.33 -0.46 -0.43 -0.51 -0.52 
-1.99 -1.24 -0.92 -0.96 -0.86 -0.79 -0.91 -0.79 -0.65 -0.89 -0.79 -0.74 -0.63 -0.63 -0.54 -0.49 -0.47 -0.51 -0.37 -0.41 
-1.77 -0.94 -0.71 -0.52 -0.33 -0.78 -0.89 -0.74 -1.05 -0.92 -0.70 -0.69 -0.56 -0.48 -0.56 -0.75 -0.70 -0.72 -0.68 -0.41 
0.324 -0.07 -0.28 -0.25 -0.40 -0.33 -0.28 -0.17 -0.20 -0.36 -0.38 -0.38 -0.17 -0.19 -0.21 -0.56 -0.49 -0.48 -0.17 -0.03 
0.282 -0.27 -0.04 0.450 0.366 0.160 0.197 0.488 0.433 0.232 0.227 0.248 0.166 0.176 0.256 0.255 0.238 0.283 0.298 0.267 
0.905 0.800 0.970 0.367 0.218 0.166 0.110 0.799 0.670 0.419 0.422 0.269 0.227 0.135 0.230 0.276 0.307 0.364 0.348 0.348 
0.299 1.332 0.799 0.043 0.028 0.165 -0.20 0.231 0.145 0.145 0.205 0.207 0.073 0.387 0.281 0.493 0.461 0.542 0.516 0.737 
-2.20 -1.52 -0.52 -0.73 -1.12 -0.89 -0.24 -0.22 -0.26 -0.24 -0.22 -0.21 -0.17 0.091 0.231 0.363 0.422 0.402 0.321 0.304 
2.112 0.879 0.022 0.151 0.173 0.067 0.153 0.128 0.043 0.073 -0.04 -0.10 -0.18 -0.22 -0.24 -0.19 -0.20 -0.17 -0.16 -0.04 
0.289 -0.27 -0.64 -0.52 -0.55 -0.51 -0.44 -0.31 -0.16 -0.02 0.044 0.062 0.428 0.431 0.396 0.389 0.181 0.074 0.072 0.067 
-1.30 -1.86 -0.10 -0.14 -0.11 -0.08 -0.20 -0.17 0.199 0.150 0.111 0.198 0.149 0.337 0.329 0.319 0.274 0.359 0.352 0.413 
1.121 0.687 0.848 0.347 0.244 0.503 0.302 0.089 0.029 0.064 0.069 0.193 0.161 0.271 0.545 0.301 0.343 0.357 0.336 0.284 
-0.11 -0.35 -0.67 -0.50 -0.47 -0.76 -0.51 -0.58 -0.45 -0.36 -0.49 -0.54 -0.68 -0.63 -0.34 -0.34 -0.37 -0.36 -0.34 -0.33 
0.245 0.578 0.496 0.485 0.513 0.316 0.404 0.356 0.300 0.197 0.296 0.131 0.140 0.094 0.201 0.131 0.000 -0.00 -0.00 0.028 
-0.06 -0.67 -0.43 -0.58 -0.72 -0.60 -0.55 -0.56 -0.59 -0.17 -0.12 -0.11 -0.24 -0.28 -0.28 -0.29 -0.38 -0.35 -0.36 -0.36 
-1.23 -0.65 1.032 0.618 0.147 0.234 0.283 0.501 0.548 0.461 0.520 0.448 0.458 0.092 -0.12 -0.05 -0.04 -0.03 -0.06 -0.06 
0.740 0.225 0.287 0.414 0.313 0.169 0.094 0.257 0.230 0.203 0.264 0.422 0.436 0.405 0.368 0.329 0.323 0.049 0.038 0.037 
-3.50 -1.60 -1.01 -1.29 -1.31 -3.39 -2.91 -2.16 -2.20 -1.94 -1.68 -1.57 -1.43 -1.37 -1.49 -1.21 -1.13 -1.05 -0.65 -0.53 
0.449 0.872 0.852 0.793 0.196 -0.00 -0.38 -0.29 -0.25 -0.37 -0.23 -0.22 -0.18 -0.15 -0.17 -0.14 0.044 0.167 0.233 0.210 
0.454 -0.02 -0.42 -0.08 -0.14 -0.13 -1.12 -0.64 -0.36 -0.32 -0.20 -0.11 -0.28 -0.26 -0.18 -0.17 -0.13 -0.05 0.132 -0.19 
-7.89 -3.51 -2.37 -1.70 -1.41 -1.25 -0.87 -0.55 -0.38 -0.34 -0.25 -0.19 -0.05 -0.05 -0.00 0.070 0.102 0.082 0.064 0.058 
-1.05 -0.38 -0.36 0.272 0.220 -0.13 -0.24 0.291 0.744 0.524 0.466 0.206 0.466 0.417 0.375 0.433 0.536 0.514 0.444 0.247 
-0.00 -0.20 0.055 0.211 -0.06 -0.20 -0.33 -0.89 -0.88 -0.81 -0.60 -0.47 -0.45 -0.37 -0.32 -0.30 -0.27 -0.25 -0.17 -0.18 
-2.80 -1.82 -0.70 -0.48 0.051 -0.03 0.122 0.107 -0.10 -0.24 0.028 -0.22 -0.34 -0.33 -0.30 -0.25 -0.24 -0.23 -0.24 -0.30 
-0.50 0.096 -0.14 -0.21 -0.12 -0.75 0.016 0.008 -0.11 -0.06 -0.06 0.036 -0.18 -0.20 -0.22 -0.17 -0.11 -0.07 -0.02 -0.11 
0.433 0.222 0.142 0.103 0.052 -0.09 -0.05 -0.17 -0.18 -0.18 -0.12 -0.08 -0.08 -0.12 -0.11 -0.00 0.016 0.020 -0.18 -0.13 
-0.36 -0.61 -0.44 -0.20 -0.97 -0.56 -0.65 -0.03 -0.20 -0.06 -0.11 -0.02 -0.04 -0.06 -0.02 -0.04 -0.03 0.091 0.086 0.078 
0.940 0.971 1.304 0.946 0.661 0.930 0.739 0.622 0.525 0.626 0.701 0.582 0.497 0.403 0.396 0.278 0.234 0.321 0.307 0.192 
-0.15 -0.10 -0.16 -0.14 0.082 0.187 0.006 0.068 0.089 0.118 0.048 0.005 0.024 0.059 0.048 0.498 0.498 0.467 0.206 0.288 
2.764 1.378 -1.39 -0.66 -0.04 -0.29 -0.36 -0.34 -1.27 -0.98 -0.90 -0.83 -0.96 -0.91 -0.82 -0.72 -0.66 -0.65 -0.74 -0.93 
-0.75 -0.05 0.044 0.160 0.081 0.023 -0.07 -0.07 0.028 -0.11 -0.07 -0.48 -0.31 -0.27 -0.45 -0.37 -0.23 -0.14 0.096 0.107 
-0.15 0.387 0.132 0.168 -0.08 -0.06 -0.03 -0.02 -0.03 -0.04 -0.07 -0.05 -0.01 0.009 0.068 0.184 0.190 0.312 0.291 0.322 
-0.00 0.063 -0.02 0.897 0.906 0.687 0.585 0.452 0.104 0.186 0.322 0.437 0.728 0.671 0.680 0.562 0.527 0.610 0.492 0.467 
-1.62 -0.27 0.245 -0.37 -0.49 -0.42 0.357 -0.02 0.535 0.407 0.466 0.334 0.305 0.281 0.461 0.369 0.309 0.327 0.136 0.180 
-3.50 -1.84 -0.76 -0.64 -0.65 -0.57 -0.39 -0.33 -0.28 -0.26 -0.24 0.365 0.280 0.262 0.239 0.084 0.079 0.017 0.101 0.047 
