8772.92670
8704.40688
8759.55629
8686.93060
8759.21966
8717.59186
8750.27298
8700.52245
8735.89170
8685.62408
8781.55353
8697.27888
8725.89609
8693.84866
8711.33973
8675.53712
8793.15266
8723.08485
8741.85742
8700.62796
8785.40948
8713.69908
8775.85163
8689.86951
8774.56377
8676.37275
8781.33169
8712.17526
8732.11029
8690.34955
8780.20952
8726.57885
8723.73201
8686.84726
8739.17191
8688.90472
8843.48161
8725.49497
8808.05435
8726.39110
8721.51031
8686.09090
8764.51108
8698.06361
8748.72462
8705.28442
8754.99665
8707.00380
8735.40628
8682.32872
8781.71271
8708.58189
8728.92012
8674.95450
8728.20830
8665.64371
8787.55906
8697.94588
8730.88780
8678.25320
8729.31131
8680.73448
8767.30154
8687.50877
8740.86755
8690.74986
8745.74612
8690.07712
8708.95184
8664.03201
8763.25337
8702.31484
8778.70816
8702.02038
8820.36714
8753.25557
8821.32442
8722.75290
8782.03318
8701.55723
8771.35498
8693.24307
8752.84290
8703.20219
8780.28258
8684.25735
8738.94243
8681.43357
8791.46738
8718.05631
8760.71822
8690.69789
8769.11024
8699.28168
8756.39829
8687.41381
8791.06713
8715.69035
8760.78057
8701.77670
8758.30392
8680.52058
8734.75298
8679.85236
8756.41965
8698.09217
8818.00985
8715.38596
8754.82736
8709.17224
8819.02259
8727.29728
8757.23900
8682.04828
8708.93098
8671.58675
8772.03126
8719.85025
8751.71407
8703.09551
8749.71345
8713.02633
8717.84405
8691.69876
8753.50020
8686.30023
8759.73011
8713.35544
8767.50445
8694.20344
8741.56092
8694.93405
8810.71412
8723.27794
8741.22000
8688.37010
8745.81613
8698.41225
8743.88284
8672.26387
8756.97323
8705.23536
8757.13020
8716.96069
8768.37278
8708.09706
8762.30724
8686.22860
8797.11693
8710.83588
8775.72543
8710.49150
8745.60023
8699.81674
8779.14168
8696.12629
8756.88635
8707.77151
8757.88799
8704.94026
8736.65072
8674.87877
8738.22376
8689.27258
8736.04299
8693.64063
8816.95250
8706.14535
8742.89908
8695.26260
8777.89268
8715.14292
8758.71680
8696.42600
8765.55745
8681.20078
8740.63859
8696.95576
8729.66807
8668.42445
8752.59841
8694.62354
8778.46232
8686.10608
8765.57402
8665.22272
8753.15566
8703.06531
8769.95277
8701.11028
8748.24322
8688.95585
8793.57098
8707.54144
8773.12309
8700.92566
8805.33959
8709.29912
8783.38276
8696.13631
8737.69998
8695.18479
8763.68207
8679.56796
8756.80537
8693.94393
8767.53884
8695.80605
8796.99754
8715.91646
8717.10105
8675.42191
8744.73935
8697.20393
8773.61212
8695.03519
8732.39628
8693.70270
8745.79880
8702.18330
8790.85654
8717.30469
8753.97719
8702.06665
8734.21191
8678.29934
8745.30304
8703.86692
8769.78211
8708.04969
8760.98270
8693.60457
8772.89553
8705.90574
8734.63855
8675.22538
8757.03840
8709.54325
8776.11226
8720.72401
8724.44213
8667.16945
8770.53580
8698.17683
8757.13171
8684.63216
8777.87412
8701.17433
8800.03959
8726.55427
8740.20927
8698.54976
8792.81756
8689.28991
8758.62011
8680.40370
8799.90832
8713.83937
8771.08581
8691.79625
8828.86048
8721.40612
8772.21298
8702.44478
8744.69579
8690.10278
8759.35603
8706.07437
8749.96153
8681.12489
8777.07356
8700.46886
8752.00613
8699.56470
8765.52198
8688.96081
8714.19401
8674.61716
8732.80289
8672.79534
8806.49979
8717.87742
8752.33640
8703.70317
8735.11570
8679.71668
8725.42916
8666.63882
8730.22784
8683.03346
8784.54931
8721.79603
8753.89118
8703.36171
8752.63263
8703.95356
8748.25040
8690.89002
8754.85759
8683.00333
8764.92926
8698.36842
8771.29821
8710.47208
8784.60143
8703.97289
8780.66250
8715.08717
8756.04786
8666.84700
8783.48837
8696.75469
8753.48300
8683.58567
8715.16749
8685.64913
8731.29581
8664.94156
8732.02916
8686.17602
8825.48243
8728.71901
8763.23348
8695.60621
8771.03472
8715.33434
8728.86571
8678.62985
8750.00049
8691.40450
8767.44243
8691.05654
8784.73945
8698.34247
8773.09187
8696.21984
8753.65102
8700.23873
8720.72113
8679.32948
8775.33216
8709.41994
8727.25277
8695.14501
8777.07503
8687.28754
8788.58838
8711.16174
8821.23620
8733.86307
8747.87893
8699.45175
8755.38232
8697.32179
8741.65993
8685.29780
8769.30608
8700.28514
8748.94503
8688.71223
8767.84259
8687.62503
8804.76883
8719.30057
8779.31119
8695.61360
8759.26076
8696.70047
8758.56700
8699.98579
8778.31949
8716.85115
8738.68020
8694.45427
8708.91883
8671.15954
8739.06890
8688.83612
8742.24342
8703.07262
8754.82608
8701.27055
8745.61335
8698.53651
8762.57704
8721.91486
8735.22911
8694.18631
8731.59848
8679.52801
8759.99014
8665.96683
8758.15636
8693.02009
8771.64819
8706.47108
8758.90394
8704.25563
8744.45020
8680.13384
8722.13476
8720.12076
8754.66049
8744.05983
8801.39824
8779.16001
8795.01666
8770.03332
8797.88217
8779.87439
8738.15729
8742.42035
8770.50515
8758.70284
8786.27889
8743.92622
8743.67387
8741.15691
8793.93115
8741.72134
8760.82871
8731.93333
8796.74805
8755.69205
8763.41551
8716.41687
8777.29778
8750.01561
8747.97012
8738.18633
8764.26821
8733.90403
8808.00856
8775.21810
8725.81731
8693.48475
8781.01168
8746.82203
8744.14883
8741.51934
8757.24425
8703.49314
8747.32509
8764.97447
8756.98701
8767.79783
8776.15654
8755.19644
8772.28426
8721.78953
8736.62148
8748.40412
8751.77693
8774.81399
8771.58110
8738.88763
8764.88591
8780.86563
8752.97497
8738.04631
8793.15160
8762.40298
8758.11490
8727.44187
8789.45338
8743.95128
8707.65510
8705.31262
8727.10769
8750.04071
8796.29360
8746.65784
8735.47745
8701.11266
8778.42542
8730.02958
8721.35765
8745.66022
8716.16122
8706.85734
8767.79139
8781.05805
8761.25804
8722.69561
8757.29006
8761.42538
8817.99587
8770.13872
8769.36052
8749.10002
8802.97846
8772.43816
8734.08098
8737.25079
8727.32279
8704.37447
8747.98712
8738.50128
8774.15491
8751.18936
8780.74315
8763.12239
8770.48489
8755.07223
8762.00834
8739.15332
8799.88326
8753.89006
8754.98596
8785.01380
8754.98507
8714.87938
8735.66024
8732.92795
8743.41008
8752.18348
8785.19935
8753.44849
8805.35560
8774.09121
8776.75950
8783.42249
8792.15057
8781.09467
8764.97473
8729.18381
8737.92674
8721.74143
8749.50716
8731.55311
8738.24489
8743.36023
8729.98771
8722.54292
8737.73025
8721.53054
8722.65291
8707.29814
8760.11887
8748.50278
8764.79065
8738.59133
8788.43644
8781.27829
8748.88021
8744.71878
8742.26116
8778.15999
8752.05592
8719.53704
8776.05569
8747.17257
8751.19631
8725.57556
8740.41535
8730.63132
8805.62559
8786.22790
8787.16107
8802.11297
8728.56684
8743.94768
8725.93611
8718.83674
8768.07521
8752.65176
8744.82596
8761.26770
8780.35986
8775.64670
8697.30100
8704.29338
8763.87931
8775.38048
8731.33604
8752.08919
8756.72846
8734.77062
8727.82418
8736.34950
8773.50485
8757.68108
8770.80229
8785.25765
8751.18086
8735.03412
8738.72780
8739.67438
8784.86196
8722.85509
8762.28778
8786.06575
8759.80489
8780.77658
8751.65852
8723.93057
8780.27452
8735.22578
8743.41942
8745.17812
8747.24045
8760.19900
8755.84061
8773.92982
8786.92263
8773.60416
8728.33770
8731.93704
8791.40768
8759.22663
8763.52635
8755.65313
8744.02340
8778.99696
8801.82759
8787.65184
8765.01181
8735.02390
8772.81574
8735.99295
8796.52772
8743.05722
8770.32621
8726.21315
8752.80313
8753.98735
8754.66694
8753.74595
8756.79073
8723.13289
8776.19448
8778.52233
8776.28950
8747.10367
8754.16433
8733.66991
8736.56087
8747.44889
8765.74459
8749.90887
8758.85163
8739.55053
8748.45969
8742.91504
8780.59691
8766.51580
8769.95091
8745.75504
8801.54441
8761.69460
8727.58639
8754.45135
8734.38763
8740.17050
8740.11244
8766.44366
8789.81559
8769.24438
8759.48717
8752.92669
8788.61649
8742.50705
8759.67655
8773.98851
8777.91348
8739.23725
8783.36758
8752.55585
8742.23214
8726.54766
8768.88517
8736.97380
8744.99322
8737.95737
8816.26040
8796.29038
8757.36134
8733.55676
8787.81470
8779.49550
8772.65422
8743.33339
8751.12484
8708.30595
8750.60394
8770.04277
8767.50960
8755.19896
8725.90400
8716.75254
8773.76483
8765.09122
8769.02555
8752.55351
8743.90832
8720.34330
8766.57795
8778.13816
8773.99868
8760.13289
8786.32825
8765.66246
8736.60509
8749.97868
8805.68780
8779.13008
8769.60507
8753.75228
8789.94390
8763.41767
8774.68486
8742.42947
8795.00664
8751.10338
8758.37134
8739.91062
8700.77637
8713.42993
8756.00594
8746.10587
8763.81935
8776.75474
8779.68642
8769.80725
8766.19818
8762.57568
8752.18339
8753.59519
8743.11651
8755.77982
8734.00959
8732.97233
8758.56953
8734.74805
8776.71070
8750.38846
8772.66018
8746.13263
8755.24931
8756.20720
8766.08489
8762.46712
8741.81348
8777.15151
8817.84560
8778.34465
8729.88863
8727.67033
8775.65730
8726.22735
8793.79056
8784.34424
8784.31933
8746.48815
8730.06881
8742.79564
8712.31401
8688.96948
8764.95955
8761.03487
8757.37885
8771.20533
8785.73951
8744.79620
8768.65278
8761.80435
8738.43647
8772.20276
8736.10473
8746.51257
8742.14841
8755.34080
8733.96155
8732.07866
8781.41745
8768.36967
8725.68310
8774.50522
8799.97108
8773.85334
8743.81845
8763.89017
8796.30198
8763.65039
8738.97012
8743.05298
8749.76367
8752.46574
8765.43323
8765.68103
8780.02759
8783.95868
8727.09319
8742.48297
8762.09810
8739.10555
8812.85876
8735.32529
8752.53569
8756.11081
8767.16729
8880.83758
8724.07027
8925.99399
8752.23690
8925.89977
8765.75472
8924.08983
8723.47959
8863.30523
8753.66753
8969.29335
8691.13299
8900.22684
8750.25136
8883.79613
8814.76304
8889.54905
8751.08410
8838.79780
8736.66166
8917.49454
8779.50223
8842.78062
8760.06143
8949.31233
8748.69272
8818.81966
8790.29170
8943.95217
8754.87068
8906.09517
8766.42522
8927.70745
8790.86565
8855.72156
8757.41370
8866.41788
8772.35018
8872.39372
8776.73622
8927.58174
8761.91812
8936.89192
8756.84184
8897.00946
8765.69218
8834.80882
8729.65254
8917.65246
8791.05330
8874.98438
8783.40014
8956.06537
8736.37289
8897.87966
8766.27472
8945.52440
8731.57529
8877.07056
8743.04007
8894.35136
8785.45441
8956.59745
8788.03896
8939.88740
8769.20046
8916.43452
8785.55657
8905.40529
8780.14081
8976.02505
8763.86792
8877.27786
8765.92055
8884.68291
8731.60563
8939.56893
8763.17647
8911.86894
8775.57260
9028.51895
8783.96452
8894.80163
8765.18450
8972.65363
8788.00633
8927.12189
8740.64201
8924.88975
8761.12801
8914.41943
8843.24310
8999.46582
8778.22308
8876.93875
8755.11404
8958.11392
8768.93424
8900.82431
8746.07221
8887.09079
8797.61117
8895.79914
8754.00130
8867.12213
8758.33920
8903.50993
8735.58394
8931.82197
8778.69361
8884.07326
8745.22881
8930.20901
8798.72764
8881.73981
8750.46033
8886.61521
8756.26229
8953.77888
8821.82316
8918.36793
8748.15474
8934.23628
8763.39482
8905.42704
8756.21289
8940.57691
8765.30337
8890.07634
8731.95125
8920.58573
8749.38438
8983.32850
8769.32093
8987.70759
8781.64341
8956.65912
8724.78779
8907.63600
8797.32493
8923.92484
8754.88253
8893.31936
8782.44468
8895.16301
8780.76326
8924.37639
8764.33985
8945.42307
8735.92008
8872.64341
8769.38867
8909.17830
8756.07892
8913.44389
8772.18866
8927.24577
8745.83957
8925.78369
8755.76801
8983.27527
8775.92936
8868.76320
8802.59319
8940.39166
8763.74375
8920.26112
8750.37265
8903.40154
8773.26549
8917.42140
8776.93706
8863.32674
8839.90247
8916.09241
8791.88398
8896.64559
8741.05819
8826.61948
8799.90328
8929.41916
8754.27866
8932.72883
8753.78161
8881.01470
8734.56814
8890.96593
8744.50948
8865.29792
8702.72198
8939.10331
8769.34452
8861.52668
8766.56134
8915.46080
8772.63395
8900.29406
8760.48260
8944.98003
8790.11165
8950.44916
8732.12787
8899.59710
8772.12398
8882.01893
8739.13408
8902.42678
8772.50132
8937.18779
8804.34409
8872.49249
8764.95968
8948.67450
8759.62966
8909.58688
8735.65267
8927.02926
8773.71234
8921.70151
8753.46986
8868.11854
8740.51229
8826.37975
8708.31606
8937.15371
8764.51043
8980.36184
8788.21976
8877.76188
8773.92662
8926.17871
8801.64907
9009.73216
8791.75479
8887.54848
8756.91862
8924.87200
8768.77972
8842.50901
8752.49139
8892.68712
8793.30248
8973.70886
8749.78213
8892.42493
8752.27766
8907.17310
8762.93452
8851.46852
8792.24366
8875.78268
8755.53460
8904.80603
8772.35334
8844.50894
8766.39249
8913.36450
8720.54671
8866.89467
8746.10997
8946.53124
8749.82914
8858.77433
8754.03235
8896.64188
8744.56464
8845.98776
8791.55502
8916.25541
8736.42955
8941.00805
8761.33266
8906.06969
8726.50422
8846.25884
8780.82587
8971.44514
8709.30277
8899.33716
8801.46470
8888.96244
8722.04025
8979.01821
8760.33285
8865.50455
8754.70428
8860.13907
8782.85197
8903.30604
8752.86304
8840.17645
8774.94053
8938.81509
8714.63913
8864.58791
8779.11972
8924.63629
8744.41786
8968.81527
8766.38533
8850.33905
8737.23719
8870.10587
8695.92978
8894.54633
8816.90795
8937.64686
8766.08252
8864.13228
8793.85260
8980.62016
8741.07420
8876.47506
8717.56778
8862.92985
8768.20607
8936.66567
8746.45912
8926.26768
8774.79736
8842.97954
8781.17366
8894.37707
8766.08250
9015.10078
8750.52011
8950.68102
8723.70588
8948.94478
8738.30689
8843.15513
8784.81496
8838.66384
8769.92212
8924.11880
8725.73436
8894.64569
8797.00949
8882.01463
8768.88881
8958.81807
8729.84746
8910.81880
8751.31267
8876.05071
8785.63982
8917.58535
8771.84478
8901.74082
8765.06182
8901.78059
8744.83295
8888.73874
8727.73369
8898.00950
8789.23122
8951.78104
8778.69910
8915.49439
8749.91679
8890.50437
8734.52863
8911.29457
8753.70628
8841.55294
8770.43894
8933.84093
8820.48018
8951.92324
8779.34460
8968.24029
8778.79596
8916.13524
8753.28149
8895.22893
8770.57746
8837.50138
8758.54099
8901.08995
8769.76114
8850.26011
8760.65786
8930.56799
8753.55876
8893.93799
8755.21710
8966.93866
8775.62881
8993.57916
8765.09123
8835.97009
8789.17949
8968.56145
8723.95942
8985.92479
8774.02601
8861.13558
8758.82655
8929.16369
8784.47025
9256.46039
8783.94245
9197.66825
8791.85673
9133.95487
8771.71208
9273.80882
8771.58518
9121.92805
8765.60661
9102.42283
8792.61861
9085.13754
8756.03474
9261.40449
8768.81741
9284.02713
8820.52693
9330.11093
8733.14417
9269.65827
8750.48541
9345.57451
8827.99035
9171.75495
8784.57648
9162.65092
8696.05955
9147.84216
8758.06602
9224.02459
8783.40837
9220.31077
8735.00729
9032.25055
8769.85204
9275.17159
8740.24136
9056.98506
8704.58856
9156.26511
8781.92784
9214.21219
8738.37973
9054.19666
8767.49956
9236.11603
8777.64322
9092.93114
8804.00562
9159.02005
8738.03386
9327.15660
8801.83389
9087.51761
8740.80645
9070.92061
8784.11944
9328.80712
8775.61419
9105.62557
8739.40404
9228.19218
8741.53289
9219.46114
8800.00764
9326.38901
8809.28967
9254.56329
8800.65915
9096.41401
8793.58248
8972.38796
8788.17000
9122.34927
8735.58059
9082.98642
8726.35052
9322.75310
8810.09287
9054.83086
8761.31867
9090.78254
8828.16111
9343.27671
8756.04888
9266.50318
8719.72962
9149.64160
8779.30674
9223.87184
8768.29231
9230.25973
8765.62400
9168.45032
8783.05364
9214.59073
8786.19749
9098.67174
8768.18898
9214.58107
8777.02400
9280.03916
8760.75801
9278.11638
8799.62875
9237.11967
8801.93570
9185.49837
8763.95971
9329.32419
8839.47703
9171.91295
8770.50104
9156.12463
8775.06093
9097.75820
8690.89060
9067.83524
8764.16410
9267.06144
8756.62509
9257.56348
8752.87679
9094.63431
8787.60365
9184.74348
8770.58432
9072.60341
8760.05660
9193.66760
8777.42841
9163.52255
8764.99036
9143.90191
8725.25675
9049.35053
8758.70145
9136.73160
8784.75856
9110.92898
8791.33126
9119.27319
8749.86559
9165.84591
8741.79346
9155.43125
8773.39395
9060.14428
8764.89226
9248.95453
8758.99759
9139.18889
8758.64646
9077.52374
8748.43394
9138.77038
8751.55091
9261.35756
8781.22195
9112.69681
8800.45191
9111.12491
8724.60960
9238.74761
8726.49861
9304.69577
8783.89702
9183.41524
8746.74881
9378.73925
8756.41110
9110.66029
8726.42596
9193.09636
8744.59752
9091.37209
8773.41268
9170.08742
8779.04500
9256.73625
8740.35269
9047.26392
8780.43331
9349.78710
8759.96831
9209.42750
8810.59803
9300.22171
8735.66590
9009.41917
8731.36030
9056.86907
8733.60621
9216.46865
8740.33738
9081.99345
8781.22502
9179.14999
8766.25238
9150.28958
8771.07748
9049.86738
8756.04785
9182.93028
8753.43682
9129.30766
8768.66498
9133.13916
8801.29398
9365.85767
8751.13764
9178.61377
8745.20819
9147.07475
8746.98449
9121.92984
8739.62727
9210.73689
8740.52772
9157.87290
8744.83194
9130.16971
8716.69060
9094.33265
8776.87954
9264.82439
8763.35409
9348.88027
8788.21332
9142.45232
8741.70914
9106.15809
8738.71673
9071.00950
8770.18291
9209.27989
8821.11223
9145.67667
8768.32459
9120.48544
8826.96943
9207.47389
8757.91828
9096.69033
8783.05969
9119.81822
8768.82101
9145.46445
8732.33416
9094.70387
8743.75589
9145.24795
8753.08951
9235.27249
8766.24946
9167.53296
8729.91344
9101.33481
8786.89913
9289.59741
8749.80520
9164.69702
8768.99752
9267.68405
8728.02930
9068.44144
8792.67079
9270.78172
8774.16388
9124.17871
8785.13677
9162.42595
8771.51380
9206.07560
8811.69344
9222.79875
8788.79590
9155.48637
8759.22158
9304.52240
8759.71935
9301.33718
8789.01999
9259.22781
8730.68621
9155.17755
8831.72005
9108.01063
8730.94750
9194.33736
8728.69814
9153.33413
8743.81207
9103.57412
8729.42432
9116.08829
8677.90949
9159.06473
8737.82122
9125.65702
8753.28032
9223.82480
8740.76890
9301.51918
8743.32052
9196.93974
8728.45870
9116.26902
8756.48466
9187.75101
8774.05467
9136.13812
8730.74118
9261.49050
8755.54296
9072.84542
8764.96305
9128.85744
8741.74299
9200.80936
8765.82360
9251.55140
8757.83151
9177.92140
8720.43471
9236.95557
8735.99856
9133.14689
8764.69991
9134.03293
8791.79623
9301.57157
8768.16652
9215.68904
8778.99213
9150.57930
8751.54091
9167.45837
8756.07955
9109.28412
8722.60708
9160.91380
8764.87999
9324.08607
8810.12144
9195.67995
8738.90018
9226.70339
8741.21589
9066.36845
8745.58730
9160.00358
8755.09141
9133.31870
8765.61672
9083.27528
8806.16265
9194.28680
8768.90107
9204.53667
8782.91590
9080.40294
8792.55396
9209.24817
8758.24439
9198.80675
8732.27914
9185.31577
8757.72438
9129.28015
8721.89195
9206.30235
8764.15360
9214.55239
8734.78952
9253.66480
8778.15517
9269.82953
8782.50149
9117.94558
8731.08910
9086.93736
8770.18852
9171.36929
8803.64051
9226.22625
8783.73694
9288.02076
8773.63293
9099.27709
8709.12456
9183.94380
8812.09683
9200.47733
8754.86581
9128.98844
8749.94815
9070.74877
8753.83663
9577.58633
8826.99523
9394.06485
8729.53875
9684.71623
8715.25425
9567.96716
8769.68337
9544.72477
8799.57135
9481.57930
8783.97814
9628.08892
8759.32661
9618.25669
8759.37065
9547.86561
8771.42345
9606.46824
8790.25100
9603.83231
8755.70408
9682.88963
8768.24815
9388.98047
8768.75486
9846.47328
8793.91888
9466.37721
8785.62170
9475.98077
8761.48541
9392.86092
8772.34713
9465.79336
8762.28182
9558.84096
8767.06783
9646.42881
8764.85298
9473.16835
8804.74450
9423.03669
8746.64470
9698.68839
8756.10984
9683.56934
8792.50043
9551.79372
8779.28039
9715.91118
8768.16633
9736.34324
8812.74328
9669.05420
8754.38121
9730.25203
8787.68386
9776.19126
8800.77078
9539.51875
8772.03601
9504.09428
8805.20439
9294.07618
8716.19674
9675.42592
8757.10868
9678.52546
8777.75526
9585.60227
8759.72133
9413.93107
8751.31117
9657.37901
8782.69447
9531.61043
8738.24111
9360.24994
8738.77521
9848.44027
8744.80966
9608.28743
8757.44838
9668.14469
8711.87548
9383.23612
8776.73433
9676.90804
8842.26451
9624.45452
8756.45423
9430.10736
8802.36812
9455.19690
8754.96807
9645.61383
8719.86674
9419.82390
8730.38055
9476.91313
8819.37442
9755.84078
8774.34337
9698.45457
8739.70386
9698.80381
8774.23953
9592.17243
8781.18703
9584.19781
8732.76058
9526.29891
8765.46145
9859.00002
8751.33522
9723.95765
8803.33006
9675.23064
8799.26251
9721.61816
8757.92374
9658.46571
8735.64194
9849.19761
8790.76708
9630.49414
8804.31742
9999.70959
8745.42369
9921.19248
8773.16552
9671.42899
8718.78871
9586.07529
8790.34016
9537.84361
8786.60693
10058.6733
8830.00430
9586.00835
8752.53145
9679.70304
8785.72743
9374.30469
8755.58142
9493.18335
8758.24800
9650.20983
8780.61383
9521.42615
8775.89127
9488.43914
8765.78559
9708.68422
8742.50274
9901.35038
8744.28481
9626.38483
8778.67919
9605.15613
8746.98840
9514.15878
8783.17463
9452.78329
8778.05475
9787.30097
8775.03346
9673.93727
8794.02138
9501.06926
8765.93173
9564.52705
8707.86545
9457.45217
8746.83624
9545.80939
8818.90245
9574.37878
8724.74743
9375.33292
8771.07490
9858.87455
8774.89628
9556.09789
8763.92324
9631.05224
8748.99573
9518.98317
8756.88160
9592.68756
8771.04246
9687.58369
8772.62605
9489.85721
8768.90979
9635.69074
8769.39494
9476.84989
8766.90174
9760.26486
8780.89134
9608.63845
8744.25357
9785.23181
8790.21171
9762.04965
8748.56541
9512.09627
8758.50215
9945.22982
8772.26744
9774.39838
8802.82615
9788.33441
8778.16555
9716.05231
8740.60177
9672.63982
8752.87422
9574.90387
8787.64924
9453.40226
8772.12096
9569.78221
8732.34533
9655.76639
8747.54905
9555.17280
8789.13073
9360.68638
8774.39861
9869.64878
8748.25262
9406.68930
8771.31353
9516.96316
8759.46023
9370.97879
8770.53943
9413.03756
8735.39841
9405.84246
8795.46732
9416.49123
8796.33689
9417.05218
8789.44800
9561.70458
8746.18347
9535.15596
8749.76564
9935.66986
8780.87673
9526.18642
8735.53328
9778.55864
8774.67375
9549.42132
8769.24004
9501.59841
8774.98595
9679.75896
8793.21840
9564.46677
8795.10285
9536.34585
8762.50874
9714.51312
8747.97466
9643.87127
8818.93286
9870.95711
8753.30656
9798.73106
8735.09916
9546.85063
8803.55243
9524.29393
8774.64774
9509.62429
8760.57677
9522.83901
8735.45447
9687.54929
8719.80419
9709.84765
8730.48672
9580.97619
8757.37907
9726.50906
8764.52441
9513.42660
8785.44451
9584.69317
8702.63445
9636.85770
8748.90122
9434.06859
8773.68118
9569.33508
8789.13733
9455.28125
8807.23436
9746.05141
8764.57482
9625.82832
8753.13724
9618.95856
8749.44017
9692.41209
8737.47028
9780.39757
8788.47651
9848.05459
8784.83275
9666.00365
8781.78052
9529.39528
8773.07442
9574.07093
8795.62497
9679.87886
8781.66237
9610.04469
8782.83417
9717.86027
8741.96697
9346.82717
8761.73877
9459.09041
8788.79744
9713.94833
8788.12682
9710.52335
8743.60305
9624.22157
8766.51764
9808.89234
8759.30947
10049.4509
8783.31316
9949.07668
8785.11586
9559.11698
8744.86408
9564.37236
8739.72096
9631.28976
8767.12330
9599.44616
8822.44806
9626.72736
8787.30853
9574.16363
8745.08568
9727.82881
8718.25745
9426.03667
8777.62860
9998.81870
8731.12135
9390.82138
8765.34925
9465.33079
8798.43172
9406.94105
8774.56477
9476.72320
8767.96403
9712.00824
8758.43739
9758.01660
8763.42774
9711.97353
8756.96543
9706.57867
8691.93524
9449.42995
8757.04537
9731.02945
8763.84501
9635.74350
8793.73123
9460.75665
8789.43786
9485.45257
8739.58424
9378.98928
8819.54588
9548.25885
8769.85535
9555.06468
8751.37392
9798.93592
8830.84735
9670.01421
8746.44689
9742.77823
8741.67987
9808.24412
8771.51745
10090.5652
8757.28523
9936.05943
8797.81549
10306.3936
8750.69854
9936.94154
8723.84363
10403.7950
8739.44431
10915.1076
8794.36328
10752.0238
8758.58605
10021.6916
8753.50896
10579.8187
8778.44954
10146.7447
8809.79967
10794.2338
8761.55101
10627.4024
8718.65020
10440.8758
8748.04484
10021.1677
8788.42570
10883.9026
8736.74385
9945.62813
8765.89644
10338.7235
8797.39403
10794.6379
8802.59162
10393.6257
8762.31383
10945.9318
8805.98467
10150.9820
8718.10544
10162.2420
8778.15139
10207.2570
8762.77442
9827.78916
8736.22297
10670.4643
8753.49709
10186.1891
8774.07258
10198.0610
8705.34528
10259.7610
8753.99942
10108.0178
8765.24432
10182.5663
8779.78269
10559.9127
8738.08179
9994.00752
8719.24154
10143.5845
8762.31390
10643.4820
8764.10567
10663.0734
8764.38954
10549.5723
8779.16147
10841.0717
8779.37997
10243.4621
8808.70090
10261.1208
8767.47391
10073.8614
8750.22230
9865.48577
8758.32983
10420.5762
8776.24538
10255.3828
8757.94607
9881.53025
8745.38123
10108.7995
8790.82285
10025.1730
8746.02417
10736.4975
8792.59679
10772.0857
8752.02576
10249.7698
8765.84216
10155.3861
8851.53209
10405.4853
8719.75810
10010.5226
8772.82270
10762.5921
8785.32032
10237.5086
8723.27201
9978.22658
8785.19168
10213.2732
8818.81295
10237.5220
8731.05043
9795.38239
8770.44511
10917.9198
8760.90652
10489.5679
8749.30979
10636.4140
8738.34998
10200.7615
8755.15563
9927.36654
8727.36469
10206.4794
8761.93854
10781.1639
8731.30517
10641.4176
8746.85366
10117.0810
8752.42655
10604.3856
8768.61791
10682.6712
8753.46690
10328.7108
8771.24506
10086.2621
8748.74030
9942.53274
8755.24849
10393.4342
8753.47425
10496.5602
8765.33094
10210.3912
8744.60177
9978.78484
8776.97115
10524.2659
8758.51721
10089.7553
8761.67314
10693.7480
8745.42395
9834.39725
8726.38929
10275.4434
8783.27965
9732.15855
8775.94869
10634.8797
8745.93757
10408.3986
8755.88040
10187.2732
8739.00849
10086.3589
8769.71339
10256.7063
8763.43132
9839.35505
8794.69617
10646.6661
8791.94156
10497.5437
8733.75620
10369.1026
8765.36255
9955.43068
8788.36295
10184.2382
8763.29066
10749.4474
8756.12905
10297.2256
8751.58432
10742.4452
8788.88941
10659.1858
8776.40465
10185.8020
8787.50970
10586.6704
8762.97453
10355.2273
8732.45672
9622.70203
8766.00559
10115.7998
8726.14788
10363.5236
8763.14952
10158.2450
8728.83987
10985.8416
8733.91874
10324.3372
8745.64253
10617.0314
8775.40518
10112.8349
8790.48998
10124.9615
8743.13810
9949.75566
8817.82460
10537.8833
8774.00553
10518.7675
8753.05411
10712.5023
8727.49623
10376.6862
8759.16466
10143.3230
8787.45491
10437.2480
8762.49893
10507.0270
8762.73597
10576.0199
8735.75021
10428.2955
8806.64173
10068.5454
8750.45345
9889.00914
8758.95392
10236.9412
8739.96854
10001.1729
8747.22069
10045.1370
8763.03521
10471.5293
8756.66683
10510.8302
8773.25477
10677.0769
8750.34853
10683.3806
8753.38941
10511.1233
8783.01935
10829.8047
8798.47853
9832.46227
8798.40038
10058.9149
8749.42087
10640.3591
8772.96922
10563.4251
8732.44473
9980.72094
8752.20156
10377.0489
8763.06889
10334.2510
8707.75801
10318.4411
8753.89137
10339.0490
8751.01746
10847.5720
8760.68499
10095.5416
8740.66748
10565.1505
8773.94315
9853.90852
8755.52741
10250.3327
8810.95313
10195.2633
8735.20899
9973.26647
8740.29789
10258.2779
8781.01305
10363.3803
8830.65152
10488.1423
8773.42371
10400.4917
8732.87698
10270.6070
8791.69655
10683.5962
8742.32018
10275.2647
8731.93600
10425.3208
8763.54470
10803.8495
8835.88955
10509.4000
8749.33600
9942.80225
8779.50034
10728.5821
8747.43523
10233.5496
8746.77930
10106.0988
8743.89298
10213.3278
8764.84419
10776.9068
8780.29275
10344.6364
8718.20398
10249.9465
8746.69115
10151.3013
8707.93296
10354.1602
8750.24296
9799.85561
8765.53943
9999.28783
8761.47666
9958.34056
8733.18831
10036.0560
8757.79041
10361.7474
8792.83293
10259.7428
8762.81918
10189.4677
8742.91899
10298.9187
8756.91466
10793.2248
8750.66000
9998.03661
8777.60892
10564.8030
8762.97459
10203.0247
8760.61655
10166.0328
8813.58492
10371.0064
8729.15901
10337.1168
8777.72114
9986.54888
8755.66393
10925.9603
8752.46661
10616.5250
8774.99511
9862.77701
8750.39253
11329.4123
8804.93632
10304.9725
8784.32353
10544.5257
8738.14682
10223.9798
8785.30804
10289.3003
8776.18135
10748.7499
8762.86908
11283.7325
8794.55387
10961.6666
8804.88745
10691.9581
8751.56881
10513.1152
8748.40170
10861.1728
8783.87756
10361.5747
8796.61690
10115.9631
8785.87002
10971.5811
