349.436538 0.0 349.43716474400003 0.014000400448790142 0
353.564906128 3.5653756528982874 413.621708624 59.37988925943263 5
366.36690392199995 8.95191177495854 593.360894892 184.19091591644744 10
389.91840009400005 20.126456045497306 880.4141337560001 337.2010689921296 15
420.380438488 32.59313361447874 1131.624863812 444.1421208493254 20
469.3123228 57.8071503153544 1458.921383258 507.73175573816883 25
526.111356678 101.40155882048282 1704.68881635 533.4760406353238 30
600.6710543220001 148.5062990360849 1956.893339088 571.1118592107084 35
681.001994578 203.9124722329733 2166.8423841120007 623.2084787525915 40
776.8318081040001 261.7845181459755 2326.6217647980006 620.7206123495209 45
1306.392138246 5305.63845823026 2438.235568268 632.0595348974583 50
14096.954612206 284557.5213936837 2625.3047002400003 676.8830394849671 55
14946.305511506944 165664.90551151408 2818.256338472222 722.6220538280417 60
