252.195533345 0.668011239507566 251.95295600000006 5.684341886080802e-14 0
255.11675176 4.3194139805355585 300.28059455000005 48.632255289621945 4
263.46830846999995 8.17817841507232 472.65572993499995 234.22780364758663 8
279.52909730499994 12.601252464733557 703.529071205 409.6741172269353 12
304.39867206499997 18.897975050290373 924.44412624 483.8095213569722 16
337.40618269500004 40.09659878293431 1089.002562645 509.49404250634603 20
376.6405174949999 32.94916832714952 1293.1044276149998 500.84896285406575 24
418.3273682199999 49.663764278513774 1345.92707458 459.5380099675293 28
472.87884547999994 62.67873209583351 1563.693439295 548.4091152080156 32
536.898496365 64.21338843518885 1714.2727859350002 653.1251333345356 36
607.2803455200001 94.4648784765944 1783.7717053000001 592.6621481889154 40
