251.978421
251.952956
252.840373
251.952956
251.535794
251.952956
252.191461
251.952956
252.272597
251.952956
251.124081
251.952956
251.812579
251.952956
251.831333
251.952956
251.720407
251.952956
251.290726
251.952956
250.666270
251.952956
251.679541
251.952956
252.707645
251.952956
252.008684
251.952956
252.663507
251.952956
252.273059
251.952956
251.145822
251.952956
251.069089
251.952956
251.141252
251.952956
251.321180
251.952956
252.863066
251.952956
251.250593
251.952956
252.639529
251.952956
252.165643
251.952956
252.951416
251.952956
253.389400
251.952956
252.549371
251.952956
252.277447
251.952956
253.033708
251.952956
251.336011
251.952956
252.205058
251.952956
252.815535
251.952956
252.266688
251.952956
252.684520
251.952956
252.070769
251.952956
253.830915
251.952956
252.738387
251.952956
252.738558
251.952956
251.995374
251.952956
253.205136
251.952956
252.668357
251.952956
251.095071
251.952956
251.473439
251.952956
253.018449
251.952956
252.815984
251.952956
253.272397
251.952956
252.881488
251.952956
253.192786
251.952956
251.950022
251.952956
251.865732
251.952956
251.317189
251.952956
253.104236
251.952956
252.206057
251.952956
251.098970
251.952956
253.287096
251.952956
251.479836
251.952956
252.492175
251.952956
253.210331
251.952956
252.797878
251.952956
251.817472
251.952956
252.199626
251.952956
252.338823
251.952956
252.621441
251.952956
251.758673
251.952956
252.432350
251.952956
252.042927
251.952956
252.135788
251.952956
252.677285
251.952956
252.116964
251.952956
252.074213
251.952956
251.106057
251.952956
251.818153
251.952956
251.656232
251.952956
252.214338
251.952956
251.979894
251.952956
251.911935
251.952956
251.379544
251.952956
251.611793
251.952956
252.149488
251.952956
252.210967
251.952956
252.131342
251.952956
252.606079
251.952956
251.904775
251.952956
252.637179
251.952956
252.459093
251.952956
252.169094
251.952956
251.291998
251.952956
253.292180
251.952956
251.530909
251.952956
251.926395
251.952956
252.285522
251.952956
252.290977
251.952956
251.873418
251.952956
252.093159
251.952956
251.911363
251.952956
251.576640
251.952956
251.963563
251.952956
252.328657
251.952956
252.399693
251.952956
252.966745
251.952956
251.989261
251.952956
252.079506
251.952956
251.710505
251.952956
251.689612
251.952956
251.864168
251.952956
252.415247
251.952956
252.172667
251.952956
252.778329
251.952956
250.484989
251.952956
252.065909
251.952956
252.017487
251.952956
252.538086
251.952956
252.400601
251.952956
252.758250
251.952956
253.511114
251.952956
253.342704
251.952956
252.801296
251.952956
252.647601
251.952956
252.312035
251.952956
254.489588
251.952956
252.806858
251.952956
252.132549
251.952956
252.817749
251.952956
251.068678
251.952956
253.373406
251.952956
252.204121
251.952956
252.530052
251.952956
253.569032
251.952956
252.414852
251.952956
251.143258
251.952956
252.764173
251.952956
251.445491
251.952956
252.495597
251.952956
251.536350
251.952956
251.259872
251.952956
251.908763
251.952956
253.083366
251.952956
251.589409
251.952956
251.753801
251.952956
251.305338
251.952956
252.411765
251.952956
250.756212
251.952956
251.892123
251.952956
252.826590
251.952956
252.681367
251.952956
252.292511
251.952956
252.274513
251.952956
252.487797
251.952956
252.739459
251.952956
250.809909
251.952956
251.793505
251.952956
252.711197
251.952956
252.539093
251.952956
252.100987
251.952956
253.321812
251.952956
251.541015
251.952956
252.267190
251.952956
251.403948
251.952956
252.080237
251.952956
251.996113
251.952956
251.360354
251.952956
252.029301
251.952956
252.956783
251.952956
251.596810
251.952956
252.253596
251.952956
252.562097
251.952956
251.822925
251.952956
251.591269
251.952956
252.181780
251.952956
252.212146
251.952956
250.968855
251.952956
253.172640
251.952956
252.353783
251.952956
252.421040
251.952956
252.167867
251.952956
252.842248
251.952956
253.245058
251.952956
251.742802
251.952956
251.387919
251.952956
251.286510
251.952956
252.084559
251.952956
253.572661
251.952956
251.259526
251.952956
252.682086
251.952956
251.629398
251.952956
251.144954
251.952956
252.667788
251.952956
253.154969
251.952956
252.277248
251.952956
251.202457
251.952956
252.511160
251.952956
252.844913
251.952956
252.331302
251.952956
252.542174
251.952956
252.737523
251.952956
252.095839
251.952956
252.394368
251.952956
252.520479
251.952956
252.059945
251.952956
251.637342
251.952956
256.078555
291.699486
253.197580
423.727162
250.526544
350.595517
256.749230
300.465463
254.490039
268.438438
256.983036
280.483008
251.952810
304.787997
253.493420
288.711753
252.929927
302.599694
256.140816
265.850806
249.959089
275.186312
253.278880
302.914278
250.092388
282.249652
258.996352
280.999534
251.882772
337.416089
259.253554
282.117335
254.699501
262.039820
251.555827
339.852533
250.784187
300.594291
262.456103
273.349859
260.873872
268.320952
252.974598
288.676974
253.244279
322.792902
256.619335
254.519202
257.997865
283.439065
253.033616
262.419358
252.614197
333.416518
254.275228
271.307151
253.982797
313.884687
253.553435
300.324994
254.708774
285.626822
254.185710
272.115901
252.751740
281.673033
257.288661
277.730601
257.556335
299.715227
252.298063
275.637578
256.443179
270.957167
251.576396
264.872820
255.725674
366.369396
257.015521
293.125903
253.203863
299.091496
261.497528
293.906616
254.199700
261.215049
251.678799
269.703177
254.670560
306.324625
262.473775
270.740887
249.502287
286.130058
257.650612
255.280997
254.003792
276.046116
254.062677
282.104915
253.426426
290.518837
247.423822
271.912976
262.032221
447.493827
258.132779
270.681569
251.569989
278.282039
254.659516
293.438704
253.369138
284.171451
254.145278
301.620504
252.364730
278.155916
261.945220
262.278098
270.264003
285.690269
258.582339
299.046950
265.943798
323.824835
251.255094
343.088845
251.261556
330.853698
248.946608
344.178885
250.352629
288.741807
254.873100
270.362332
255.994726
263.810115
252.681864
265.013921
252.351218
275.212780
251.652236
272.268534
257.909691
258.994749
253.504296
255.220915
255.500513
265.209590
253.526762
273.546473
251.918959
265.426674
251.211790
280.776654
252.834873
252.205632
258.316718
330.621845
254.367978
266.994434
253.938629
325.665796
256.867674
282.856313
258.151301
280.161152
252.918903
264.030259
256.025216
265.609561
259.512849
266.961143
261.138507
315.782462
251.922569
325.576402
254.582623
337.578068
254.814431
296.956687
258.244208
320.707058
254.668688
278.046405
252.779106
309.389124
253.548672
272.459516
250.459143
380.312533
252.068362
338.493473
253.396128
296.321157
260.624302
273.837553
249.819141
307.191791
253.074533
288.339987
254.322510
290.020320
253.092190
275.582578
250.175493
311.680000
256.225422
288.180673
250.610881
278.364121
260.912585
278.342019
248.606466
384.720159
250.406624
256.101956
256.709527
261.399430
254.458861
440.428999
257.317707
275.617925
253.550176
271.478225
255.806140
276.176920
251.647971
278.878224
252.666340
253.944278
250.862627
311.158798
257.831080
327.454665
251.206606
285.638155
259.074736
317.857512
254.615253
375.439343
253.652817
446.814410
259.557280
289.673135
264.075696
362.003319
249.563062
320.007981
253.525015
255.230411
259.713388
298.736019
250.329519
306.069780
248.743331
373.963206
265.152045
289.700681
254.478680
262.234231
261.459163
311.151105
259.222307
363.700147
264.019513
286.881157
255.963323
310.775592
252.764940
322.551197
250.146072
288.499381
255.006782
293.861016
246.597797
336.330069
252.018476
266.467976
251.080389
298.047327
251.024674
291.538379
254.544273
274.298923
252.216697
283.829955
252.651351
314.276314
256.184302
269.611933
256.882246
278.105065
252.396542
290.490339
257.858339
262.846769
266.677433
336.590773
260.972082
265.669478
253.558558
270.159879
262.134110
303.365061
260.293296
272.359133
248.681148
286.950921
257.209830
290.979651
258.418209
269.803409
260.899932
390.210876
254.736328
260.328877
261.789127
285.939410
254.649248
295.534950
247.483763
311.954626
251.801256
259.028082
251.591690
280.396449
252.805546
292.660849
256.513418
298.628934
268.214379
323.068548
265.024836
264.923152
259.599648
312.722701
247.402980
370.776841
251.247828
263.172923
261.135324
306.826333
261.641980
296.912180
251.142404
311.478056
252.958128
383.141769
272.240244
709.183733
252.598034
270.320222
253.786323
488.023455
255.056904
277.572494
255.882466
284.082284
254.339220
315.376881
253.616628
406.061158
252.258857
252.368481
254.406048
273.981624
262.066752
281.295977
252.204338
301.854351
259.691559
292.771802
258.067209
334.119945
256.628324
326.328456
248.855120
361.802036
251.395407
256.152303
255.705876
269.797151
251.325456
270.069292
251.561046
315.134060
253.892974
295.631532
259.229854
337.675621
256.266502
266.188094
252.937823
282.147747
256.639550
317.204177
255.149810
263.762544
275.380391
1547.50665
267.626363
1083.64428
264.686611
384.893281
271.526283
379.077282
254.336498
361.286184
267.427454
290.495934
262.925805
490.509701
255.973062
650.887756
261.613253
833.556121
255.551476
359.758972
254.226054
403.443974
265.782520
553.301028
257.046045
376.440768
257.676756
823.359352
258.285199
339.241126
259.039166
382.966546
285.050312
497.415361
259.213383
641.603429
280.457879
288.067186
264.451507
321.347196
264.467052
449.465113
264.547037
354.260726
255.875601
310.788747
261.558293
353.141576
272.151195
424.703504
269.325660
807.304591
260.004397
335.604785
274.315673
727.857494
256.814664
436.291417
256.411962
343.720294
266.507390
404.312306
262.667600
679.246548
265.804816
532.431589
255.405380
325.150878
275.491475
342.285313
257.247537
404.082254
261.882602
463.627683
275.171073
788.731908
262.093773
356.873800
257.343952
407.525855
251.182582
376.288849
264.340604
1415.91366
263.270199
411.609567
268.124889
322.189881
266.723144
323.933047
262.737269
481.903082
258.988406
299.757594
261.740953
335.819936
259.068487
477.601220
263.348012
345.124550
260.875799
350.829391
259.447512
431.374987
265.787797
427.679258
268.517120
388.240151
281.165138
1147.15721
262.676205
511.986482
258.953841
381.331038
259.265824
337.038628
261.671483
337.516232
266.308263
452.253773
257.264652
345.024598
269.371321
636.533571
285.741417
467.895473
275.228293
334.186006
262.805829
352.486279
263.899978
440.332053
251.768227
518.036109
265.096028
381.244374
258.576294
297.894092
259.946029
397.906542
301.159604
749.174979
270.053441
1043.93079
270.912011
599.702403
254.628142
368.721555
262.657715
609.158656
264.373403
598.523163
258.764690
401.243201
270.053249
369.159108
260.975130
353.505259
260.468514
375.596249
263.178041
309.683739
256.038309
312.953764
258.646716
348.046858
252.476938
357.001348
269.715661
456.703171
253.068006
324.877522
266.797690
536.072959
282.008669
365.015532
261.221142
376.499506
259.247680
313.583274
255.593035
358.941023
257.253206
471.186422
261.867755
314.667386
264.202977
1337.15460
258.178853
314.230230
265.660631
314.873237
266.871050
379.740090
260.367251
584.999338
259.017682
555.993214
253.667590
320.907957
257.122374
305.989726
269.426281
783.009803
271.905934
1256.18502
265.081427
325.571687
256.697929
425.887162
268.089163
605.551989
283.864746
485.409596
259.074543
294.161040
256.742288
312.327912
256.547580
515.137337
253.329733
598.192698
268.564493
695.496416
262.495249
451.793550
259.713948
308.646488
274.218877
1093.59779
264.190430
373.674047
269.062788
298.515609
265.762409
330.509208
263.852667
655.898327
250.827427
409.859162
266.618837
617.044210
270.472888
422.688591
269.949888
487.161802
261.014025
565.496697
266.072123
323.042365
253.511614
358.576213
254.246699
525.698313
257.092468
285.290929
273.772184
566.530613
295.066366
458.444406
258.654294
303.902158
272.460649
287.511691
258.337801
367.232695
267.381649
377.717829
260.559632
337.343690
264.939324
411.806886
262.731224
400.406839
254.065568
541.519014
261.829738
525.257937
273.128696
812.779035
270.148021
574.366804
265.242226
423.177705
257.642651
329.398486
255.414507
306.941701
256.591200
378.919352
263.558597
324.539685
262.912819
292.245034
260.081837
376.832263
255.449858
297.945744
265.725305
430.535545
264.700556
336.464586
254.384732
365.914995
284.746682
462.148821
254.319055
498.664613
254.866048
341.746308
256.389344
394.403944
267.190210
434.627592
255.151286
478.489094
260.999775
327.038737
259.106643
331.965397
256.307224
350.072213
257.615192
357.431779
261.481134
462.636506
255.729964
403.660784
281.901319
467.629349
263.317025
774.386402
254.268500
318.117437
259.001745
547.064058
265.473348
517.235336
273.929824
359.700683
264.798558
351.398376
254.628635
392.114932
255.297648
349.685491
252.668645
322.363560
277.179341
323.891100
258.728650
551.852042
265.201761
569.965934
268.591814
420.808778
266.558255
399.007827
289.580328
456.768044
256.775944
572.643339
270.963130
364.284310
258.127708
643.906136
273.859152
380.301605
260.060115
301.551628
264.190503
371.434374
261.717678
306.298959
264.671760
2067.14124
275.960181
342.849545
258.956286
427.331900
260.161447
541.158555
255.255602
309.107040
260.845426
853.776867
254.327121
307.939424
271.391054
386.929237
258.777305
615.225562
260.692689
500.523468
267.102688
298.361605
254.577084
392.338986
253.513081
539.876016
277.893585
953.563630
278.279137
1161.97189
279.968573
616.369399
277.275400
586.195197
274.364007
419.380025
269.186546
450.503852
267.880828
418.563338
278.545900
482.045813
283.695458
848.519520
271.605434
591.696699
280.224106
438.258667
270.459121
1108.26214
284.969294
541.883532
268.793687
1150.00637
269.350783
323.565927
270.154354
630.954853
265.947606
321.716579
271.234847
370.850179
280.519521
530.783985
274.521086
396.156264
281.481257
1860.17349
272.541028
420.516273
273.381309
818.327029
282.632050
731.481264
280.140557
361.487778
281.886965
554.109472
296.354056
859.682741
282.166411
1395.75806
325.229537
885.654104
283.721868
646.558749
312.728708
562.737031
289.082818
678.690660
270.450292
600.099441
268.498860
476.156747
273.461980
622.095970
267.807039
935.980357
268.703415
572.308242
294.998024
430.133757
281.257047
366.336843
280.428121
350.514198
271.808505
373.569794
280.097186
491.005863
267.417884
561.998632
271.910405
571.662414
295.495225
1027.43457
300.080919
449.097501
277.086688
1361.68045
298.322890
494.847887
280.120718
460.110814
268.772814
573.319012
277.369973
680.924989
276.211248
740.152006
272.499030
464.065980
276.161331
343.182106
275.106459
920.109192
270.876948
550.504061
284.748641
460.722841
301.463163
592.172201
290.004846
688.652457
269.049645
496.952653
281.883117
674.294942
283.579008
713.136020
292.503932
799.000778
271.351043
695.147470
299.117033
2859.10586
281.399507
906.526878
277.198196
586.856793
281.926696
632.209221
284.368945
520.285633
287.638230
536.367707
275.036390
336.273697
269.878910
579.676682
270.871465
699.427644
308.781687
639.915790
278.692900
448.296582
261.972858
1057.91715
265.803102
631.352499
284.444058
551.530684
293.048941
527.076960
357.602965
990.542182
265.078004
627.473161
278.787472
484.392578
273.198704
662.243817
290.955635
917.964366
267.605725
419.042193
271.846100
437.472920
275.245417
1284.05337
303.522504
598.365470
268.521547
535.274874
274.134381
1579.55058
285.552374
372.676143
270.595652
408.679842
292.967931
541.653937
268.444214
559.106652
270.967700
667.246377
259.944774
741.256773
279.946323
494.918494
283.952096
454.197549
278.978674
648.466284
304.689942
745.252238
302.193998
3181.67218
270.348506
826.581696
278.048861
396.908971
287.786004
902.962351
284.121702
343.578609
268.686613
607.124928
266.241154
478.335605
274.414138
607.564273
287.372592
393.465139
282.392156
1061.48869
268.126954
438.171424
271.908179
718.482027
279.402924
549.915435
282.177347
458.661137
280.097675
1310.05272
267.649631
884.899903
269.247561
1123.60678
271.415891
505.594686
273.232907
734.447727
288.213337
426.596092
262.861211
478.404989
285.790944
437.588336
286.275575
498.469957
279.690408
552.062423
267.290028
576.321717
261.419856
1607.60904
267.832172
843.949870
284.888440
448.252189
301.867825
592.497350
287.394653
1287.78214
277.964528
393.786876
275.371012
563.726430
284.054241
431.589497
281.997182
546.907222
280.845063
370.341976
276.177761
645.883958
269.417615
671.207449
267.894118
505.144219
290.184277
480.286232
271.955799
955.453322
304.981529
718.927008
267.032493
480.741033
277.830348
1160.92097
272.162008
443.386595
279.819225
486.055366
283.820323
530.453936
265.691857
473.437867
276.751116
564.989842
293.950112
612.163985
277.738032
614.768392
285.601473
398.151247
315.818765
2466.95447
275.090080
450.829470
269.111731
490.432430
286.251304
898.060303
273.551562
557.950599
276.974188
552.672841
270.123660
404.532725
308.647782
729.719044
280.401497
1365.25634
269.827076
962.862541
293.232559
586.079450
305.032828
1375.17046
274.150884
764.748650
266.544559
637.896273
300.234776
670.127676
288.999443
548.408635
280.669122
2541.21537
273.091125
962.616376
293.896436
1262.66831
277.138531
764.485605
268.787622
526.518068
269.892433
418.504479
269.447747
430.714362
316.444199
893.220454
276.422340
494.531813
280.734760
452.905508
279.439859
550.540551
289.211008
852.771413
273.102524
567.209982
268.315561
548.072506
269.588294
636.027134
285.636060
1131.69714
271.752408
369.636192
279.379161
456.275059
274.182997
942.800709
276.834849
512.519133
271.151958
1327.59839
276.257234
1053.08981
271.155920
608.067256
277.974819
1021.98618
273.936622
483.681045
279.175175
645.461944
268.882246
1598.99002
266.254489
485.772848
273.913659
461.348036
265.883188
387.875373
270.310981
410.440326
269.720678
327.086728
275.154123
459.968130
317.012356
439.674966
289.021578
834.032767
288.084735
671.594168
289.604664
1099.58781
290.389047
602.363568
298.698446
611.831548
280.325431
796.548865
291.150665
974.028866
307.212016
1492.21772
296.525754
1078.11004
299.741105
493.441977
315.126126
1120.31734
310.122120
733.507844
309.375767
948.772166
297.820541
780.877919
298.470282
480.832080
315.087453
1147.32608
287.653327
996.840178
299.874361
870.170385
285.323105
777.150500
305.350972
990.062512
359.449921
1240.03147
298.650477
686.431814
397.943070
1750.91560
311.247053
684.775735
314.781462
2732.02525
297.890610
724.048383
293.466597
993.392994
283.972331
901.217441
300.001937
1151.09223
291.956286
375.011738
305.435486
712.523534
298.598673
581.585395
306.747756
553.662393
304.688017
461.069823
296.521552
1140.20855
303.544453
880.641331
292.315199
878.944823
293.419309
750.997671
318.200454
1293.18233
311.683334
2737.44351
303.629530
619.894371
305.712428
930.870676
282.587506
692.947861
294.513628
741.858827
292.681889
993.045262
367.832406
1021.81007
279.748599
877.727064
289.712356
945.879666
297.031382
506.326925
377.457242
3176.71556
289.432017
595.843197
328.850216
980.060706
338.028718
1048.97726
288.793641
580.016385
289.582679
611.652933
296.532942
1506.78368
306.014047
637.663775
294.344971
753.416828
313.972533
757.631299
301.135575
504.126156
290.657436
661.664196
305.468693
634.123425
310.930182
634.497872
294.533843
1118.50652
295.832672
901.089241
360.137482
934.238385
293.738894
558.056366
310.339450
1015.38832
303.752739
772.535095
324.160377
788.003645
298.559376
1372.45529
338.813077
509.369335
282.114155
1123.71957
299.761474
1765.31903
297.588679
680.062928
293.931296
546.480119
362.496626
631.545780
297.491205
804.629220
295.738361
564.415786
294.039802
707.187933
330.031740
742.538198
296.182175
1315.35043
297.900255
1092.86670
308.630060
702.040630
308.086218
784.017238
310.114459
1124.52480
294.698147
687.695357
301.778233
800.017432
337.147952
1035.58386
280.569940
479.605536
392.202071
1462.93441
323.598812
1002.32449
295.147834
474.722778
283.040128
442.276476
312.570282
1639.88011
310.247877
520.004786
285.258430
760.369560
284.870083
922.672984
305.018892
1499.34672
286.108573
1292.01175
287.329902
496.503844
300.211481
662.809107
318.032451
1412.15611
295.624360
712.382384
317.499796
526.904452
347.009842
1393.88489
288.421959
701.939082
300.017348
851.377003
300.179567
585.865102
324.330083
805.437442
279.283831
769.772358
299.841774
724.399782
306.865688
1135.85634
295.476597
613.107526
307.960090
1947.26244
292.953719
1043.90773
305.211898
750.511283
305.146685
1276.14243
315.558401
749.270939
287.907609
507.030296
280.656656
487.087614
294.903792
771.336960
328.530276
1344.13146
281.671400
1920.32834
297.825328
644.947344
294.022539
895.735738
289.360828
419.588124
294.430313
523.032794
301.960530
387.473124
298.284964
1008.51018
318.364425
3071.50976
320.810199
1523.48567
303.737804
980.232025
312.286732
792.232579
336.033038
1169.26108
287.924690
1400.96657
302.569355
790.496960
290.886244
1174.14228
299.204414
1193.85478
320.604797
572.139309
296.954365
3737.14823
286.749694
1431.17951
324.349239
1291.14105
312.004595
655.898881
298.613765
990.454891
354.874897
1140.88545
291.427575
390.474636
287.920762
660.233110
320.421536
1568.05535
300.608441
605.325706
295.129551
468.700519
303.231796
664.662337
295.583631
1189.59773
301.660485
685.392423
295.534197
466.632309
318.850641
844.541683
291.585420
620.266387
295.913908
1204.80734
307.147125
853.849530
308.913049
1045.17451
295.302050
1135.71721
306.483914
2051.56163
292.364058
1536.62152
318.230549
647.586416
301.742107
1231.77795
290.892126
859.335752
317.248824
716.409635
301.439914
911.851081
317.752681
695.396025
307.444361
557.641742
315.413229
594.093958
330.341274
537.704724
299.939449
615.746503
305.253048
911.317502
282.893441
504.846595
318.285364
509.474751
297.633194
841.641229
298.334725
677.267157
294.542974
1305.23149
295.792884
599.528750
293.107354
430.708095
297.837997
644.393770
307.326695
718.715410
292.663564
1029.15893
279.683660
1135.22733
290.389112
897.410876
315.367644
739.213474
298.838455
672.596566
303.846702
1150.43131
308.920687
1430.53234
291.327313
741.103758
316.588762
1202.82029
280.652958
547.924645
301.857829
1189.90787
308.427026
406.104249
295.166701
429.607660
296.385816
616.676232
290.279669
426.014503
323.964113
632.279391
336.860533
1925.90962
321.381473
952.010909
329.286155
1241.31566
337.445117
1474.22453
322.805178
569.311719
350.759575
543.939706
327.000507
539.778645
308.525076
768.047270
319.230824
1695.77229
327.809987
1212.62490
315.077360
1070.93067
316.593909
890.360148
385.233324
1573.30654
424.869577
1141.90868
319.405210
914.103139
356.963748
901.142351
344.193528
1051.47428
328.117672
2129.83935
323.871959
2303.53989
322.668226
763.253216
319.254304
656.282958
385.143252
1092.11223
323.918187
2312.26038
312.659006
838.651741
337.627808
1435.47973
325.450318
1100.87137
314.848342
1094.42548
334.105618
969.740501
304.601658
787.932448
295.064395
693.608052
332.111988
602.628361
317.429008
2089.77901
329.693927
866.285743
330.423751
927.630543
370.373908
988.550208
344.612501
1195.44836
324.112682
1756.65990
327.241422
595.508672
375.926761
664.571242
343.431620
2351.91506
336.033370
1140.76969
321.248778
601.075277
382.218343
892.990578
338.273011
1583.12014
335.251291
1467.16182
337.333132
988.135202
320.010165
576.420920
322.488123
1125.46819
314.399132
2004.10255
326.709257
615.746327
339.221877
1601.04924
344.092302
635.202081
318.323574
576.075517
381.633944
1308.65734
332.416692
2063.50607
326.690865
927.450876
333.331049
875.376546
364.121819
2345.39047
332.386519
904.586039
319.448679
542.511132
326.520862
843.654546
377.775398
2711.05561
326.427601
1210.19923
309.906366
541.203009
368.840684
2683.41750
308.503916
1104.27840
327.903982
586.605897
451.414195
1333.66437
309.020135
841.447570
317.476273
433.166430
348.298972
559.845011
317.104147
647.414117
393.387184
1308.15853
344.580005
1199.00374
366.931837
680.546666
375.261448
1563.98146
317.458559
865.268145
311.865738
562.670263
317.429898
1198.66634
358.283387
2270.37937
320.374508
1265.23089
316.358057
1936.81092
329.816083
1396.82962
352.067458
755.855538
336.329037
1059.66631
396.311415
822.398737
331.130461
982.222078
329.191584
639.834991
339.632229
1049.90351
327.875694
825.072532
333.001317
815.833888
327.721768
637.011195
335.575324
1209.74144
320.337558
1151.33898
339.146285
804.614054
343.264620
787.969137
329.667302
1004.88801
345.043077
2554.52543
328.765027
720.548354
339.194197
1075.71917
325.480386
925.736374
300.224201
939.137995
325.982285
673.830076
302.494541
629.543533
346.954092
2849.87503
301.143466
2170.06200
342.258472
1916.41945
331.072002
2020.40779
334.422169
1087.49701
324.133259
1155.04957
317.684072
665.545560
310.123557
543.810283
358.410414
1601.83372
355.659835
922.814382
336.118576
824.422299
324.656480
800.073016
333.008862
939.430984
344.280169
928.003779
313.298114
836.605194
317.922816
732.985477
372.300882
898.931970
326.306215
784.792932
355.033359
764.022360
333.018053
696.177606
318.716864
691.723500
335.015460
1022.69268
343.022283
786.876188
312.700738
719.592476
338.534519
771.747612
315.515003
1052.28526
334.112023
509.707569
311.896086
1251.47872
365.008608
1207.03602
313.322772
629.787881
313.059663
736.124949
376.893715
629.260240
339.691164
1253.15881
330.465136
943.080318
371.374476
1319.25965
317.938226
853.420635
303.190798
975.806289
341.628908
643.945302
522.008859
879.734646
340.099340
823.108925
309.824457
916.013131
323.101590
787.798483
310.704627
877.326744
331.789361
861.114239
316.218304
879.973888
311.285910
1052.16901
308.500747
851.392218
319.853579
803.685537
307.061445
561.787187
338.061977
1403.86480
313.788610
1342.66364
354.168033
1501.31846
308.369799
548.251633
316.355003
1031.60500
311.840325
1092.48729
350.099969
972.159158
329.932125
984.857744
325.088527
1376.94935
316.022080
726.869141
321.572668
900.888169
299.171866
682.739756
313.240256
746.093039
437.897117
3069.53589
352.347383
963.692849
320.681921
1151.57283
381.341226
1260.43563
313.533252
504.663968
333.146606
822.793114
745.587073
1992.21927
338.566500
506.095057
317.668631
1007.60840
339.649639
1129.99311
366.492806
1274.56001
323.708286
1494.61390
313.359580
562.791757
330.453507
2338.51974
307.898242
931.823539
357.889883
844.219900
328.020061
742.274616
377.204105
1897.24681
316.337287
1252.57932
343.693999
853.374399
320.128733
617.368204
360.606168
1057.66444
330.829633
1531.37786
303.802821
1355.01140
340.933956
717.518866
313.669531
1034.03361
353.415134
511.479394
408.931943
1723.79809
324.958523
1049.40184
316.213901
835.326498
364.646402
1378.66402
311.983715
588.607261
336.027064
890.478812
350.424831
901.751953
432.929483
882.921404
346.851711
1066.39486
424.413519
1748.00310
380.307559
830.962102
355.525141
1392.75577
368.595030
2160.93224
428.696768
1454.67423
389.411016
1021.86644
372.970486
1226.50859
430.750549
1250.91383
367.039897
674.364603
414.280172
1105.01396
351.463554
1029.55768
358.483344
840.278657
345.810648
700.378070
349.748375
800.360703
345.013979
966.962165
337.365204
560.009525
400.638152
1111.52320
339.692105
789.676844
370.311505
1566.38019
332.514509
1429.24866
353.372678
979.713158
369.159375
2301.52922
342.412390
1187.19193
423.424849
1249.01927
369.991510
809.969348
370.639741
1680.76912
387.398462
1409.02751
355.914501
943.934049
357.339572
874.324685
394.680192
1554.05338
376.395063
1271.55593
389.218611
769.514649
371.631314
1068.94760
429.017249
1211.25167
371.516810
1444.22989
389.763045
3180.22471
393.625772
1773.19888
354.591221
1371.51742
385.542456
1277.76824
342.710603
1015.09093
409.218623
965.920546
342.340437
902.177078
399.979571
1371.58426
364.915422
1143.90426
342.047947
1762.83731
361.599494
903.245189
359.206093
1276.68952
347.502038
981.666148
433.475388
1566.73217
347.341269
921.307805
361.086523
1371.24098
420.301514
1977.78830
412.879882
2460.30565
376.874457
1152.92893
362.652065
1121.89588
414.397003
1179.95044
345.715023
1064.02694
401.368282
1012.48650
358.490659
1075.37478
356.498409
1041.64273
368.040365
976.384453
370.096217
1959.53949
439.779611
1753.46613
373.225335
742.681902
390.668912
992.635588
379.032715
817.228168
342.513762
562.598186
355.641841
1045.69545
399.317731
2613.09207
380.190126
1275.28877
427.826503
1288.24252
355.197050
1021.80980
414.277920
1011.86671
371.621139
1755.70902
348.006430
1033.73189
420.506836
2714.27068
422.606551
1858.31837
371.132945
984.789889
400.118823
998.545797
451.494740
1122.33355
390.467313
2389.97662
388.628084
1419.45430
375.823392
1645.17556
386.737827
1305.76975
346.249109
915.973754
372.499815
1025.33632
350.079229
1360.19084
384.075557
844.966367
371.034039
2153.53870
355.731418
844.967821
383.282361
1478.70357
373.501846
971.728254
328.513424
1484.96017
351.769907
1371.95340
354.672157
2362.18598
478.356475
888.179602
378.406163
2115.79891
348.231000
617.280632
407.750397
995.055832
358.364967
1457.48412
344.862444
726.035127
356.112846
1704.72223
357.293037
1577.07815
367.964122
922.308923
392.694139
1594.49334
390.762469
1493.78865
363.484443
1069.56947
332.724870
1157.98800
422.152450
1554.03791
382.985436
1289.53049
413.341910
1339.85817
333.655340
1926.61278
363.676453
1711.95716
374.757647
1733.39195
397.407184
1094.39769
387.979074
1396.54025
339.115911
1364.18874
345.625568
1086.56895
378.775336
960.951837
352.624622
1042.86364
375.332487
1093.27889
403.691618
1317.25402
363.657535
1945.01482
347.804088
1389.28242
366.784552
1795.82855
421.234975
1893.77208
352.320734
1034.15581
369.115952
861.075158
362.618268
577.663315
360.717196
1296.10658
392.907976
1392.84082
350.953766
694.757674
355.308096
1097.61555
373.232427
1062.04667
351.607009
668.692471
413.414826
1270.60349
356.849123
1936.04591
487.997788
1519.83302
372.587796
1307.92865
388.302595
2030.56684
352.690943
694.546592
331.754626
753.348330
366.513483
970.245869
351.687407
939.843084
344.257235
1020.81239
360.347985
1107.77917
350.469484
1140.68369
361.166595
1261.24941
366.650744
2082.97575
347.802507
755.751708
355.060131
1146.96784
377.871651
2398.09280
424.124028
1398.13741
379.470081
1912.50719
378.108853
1432.52399
370.905875
1348.35211
368.234523
969.381104
542.725321
1844.77275
366.285634
592.440473
375.714342
1085.76258
452.992338
1486.71709
361.529703
1670.04204
361.302695
639.897591
347.002894
1027.83301
371.123220
1210.44009
343.561936
706.437093
357.224774
2517.21673
394.315983
1037.71249
365.378645
1151.31026
373.522206
830.299190
382.875594
1461.37159
490.829616
2060.60449
401.258515
2657.21492
464.553926
2518.13220
380.435326
1865.13708
452.446417
1074.56105
350.596229
1065.83416
393.447265
644.308690
406.821792
1120.19016
380.816366
1063.74567
359.828389
1849.81065
359.075082
1025.47896
366.778329
1784.46169
372.949096
1220.29445
350.601618
575.425869
334.284724
672.001588
356.160874
873.156888
350.354960
997.735480
384.692626
828.295758
330.041284
1010.90013
348.602290
1087.93822
426.059646
1186.06836
361.732729
741.174548
348.642357
2786.77227
326.569995
753.818196
347.504725
662.010674
418.444177
1020.26430
362.951351
2535.71870
391.483487
1181.22599
390.633202
1816.03337
389.370743
899.283968
445.164877
1381.27084
414.250909
1312.41476
387.532287
957.873241
414.039913
1824.55252
400.215262
1399.24310
392.362653
1540.32247
474.788138
1101.38021
410.062512
1164.74772
403.684900
1743.93721
385.196653
1439.33820
402.786721
1012.04377
529.206634
3247.87285
368.385738
687.029038
456.790250
1199.64516
375.266389
1538.41946
439.691713
1281.32258
384.127191
1830.25039
459.435320
1257.89908
372.712472
961.567861
454.172514
667.862774
370.337382
843.834652
422.863850
990.029818
491.401601
1604.79014
434.882129
2212.89062
393.345768
1028.32680
388.763826
1226.68199
393.442365
1564.62522
385.860839
2041.79734
418.984163
886.642443
431.875039
1403.82861
383.585917
1353.12480
387.340451
971.269368
393.165072
1328.32484
454.387110
1104.30924
445.797647
1319.68341
402.250446
1168.82043
414.341012
1395.58722
520.631646
1483.11702
376.227818
1429.62996
451.095862
1281.25944
451.210076
1228.05159
445.206642
1204.60450
400.575979
1332.01766
382.340562
1048.55804
366.964507
2298.25003
431.181181
1152.09796
369.232289
801.463614
452.780974
1899.37476
405.558330
1286.73525
421.710603
1524.42667
418.811330
3266.18462
470.195600
1449.59315
416.042446
1259.32368
436.149665
1027.45716
361.189604
892.392301
418.552914
751.145254
401.935334
1169.69124
380.760315
1464.53987
433.773043
919.396334
426.124438
1237.61021
377.487584
1164.98748
381.621422
1449.13607
385.658215
583.604567
405.682791
1456.55933
396.288497
1125.66349
394.659999
1366.87288
375.934660
1387.91679
364.217350
1294.98875
444.408059
1607.50941
450.461920
3137.18147
409.016173
1099.39388
448.548528
756.115416
399.256176
1102.23968
499.675053
1476.74676
383.202188
918.276907
400.530404
1327.81818
384.801126
799.035575
435.447841
976.738662
468.482213
1042.30313
396.224252
970.717385
415.321654
1072.86537
411.949595
1274.58436
449.137412
1129.16951
501.079690
1535.47575
379.833756
872.934505
408.386510
1039.27994
461.655587
1424.41858
420.376232
1698.98969
385.924431
1130.69202
378.356476
2070.38772
444.385945
2246.30928
370.958600
1141.46391
368.768141
1297.77412
414.022790
1175.80164
399.217254
1814.90112
445.713466
1126.08343
387.671096
1008.86496
406.496214
1207.45456
393.730777
1497.60203
371.313718
1287.19548
374.802957
924.731500
396.016076
1654.65348
395.055838
1820.38198
458.880729
2045.79915
422.041024
1216.67243
418.545417
1254.77291
397.488127
1170.72027
410.774638
1331.44284
372.092480
1161.21966
475.262186
1235.50812
437.151869
1051.18498
416.846080
2031.49641
435.167996
1567.35797
443.269570
1188.58962
400.684310
1506.64945
402.647176
1179.78720
411.024317
739.398629
420.187209
1044.87202
417.435653
1340.57210
388.417736
1261.68328
468.402505
1176.94506
524.263875
840.615166
385.918157
1130.84997
413.839018
1445.33109
402.851732
862.210076
447.292807
1108.33772
433.511472
1462.73258
406.373678
1099.16029
456.051288
936.486744
396.206582
1025.01381
423.607675
2204.78716
369.737449
1867.30801
411.742100
1125.17800
390.814754
912.091172
412.759784
960.801236
384.816347
895.232389
437.922536
1074.61611
388.935547
958.619323
354.317385
1289.22383
388.407483
1416.18674
502.769874
1657.94694
386.067906
2182.92301
376.099162
924.986141
418.822949
1227.52610
419.385725
1342.33198
403.622325
1865.54526
389.161293
662.424828
421.891841
1216.89111
404.648441
1360.12032
384.381585
1012.55368
429.537146
1144.89478
457.690422
1675.33908
423.308865
1416.52769
392.754524
648.817370
383.622269
1398.19242
372.887180
775.843963
370.152990
1107.11611
487.447311
1317.44474
379.675094
2830.29338
446.073242
2648.17524
434.723632
1456.32689
374.285227
1289.21372
471.999649
1577.49652
425.112762
1578.50180
446.355827
1217.91784
459.947154
1043.44376
885.281184
1322.40696
397.795113
1080.13814
456.053957
1287.28353
452.890787
1851.22199
392.999308
1186.38170
375.285380
752.331157
395.221957
715.846969
408.882546
1534.07732
384.173926
766.149355
402.749537
966.147223
410.695723
2108.25534
405.969773
1527.98091
428.356620
1296.24945
435.950882
1837.03237
500.855046
2786.52600
405.396538
1836.92313
500.771356
1299.91355
416.271213
912.637380
386.011363
1583.64612
447.749846
1580.57734
420.206561
1978.72672
395.771977
1338.95562
377.549849
1624.66614
436.160200
1103.08982
399.054090
1075.72253
489.280752
1871.52248
456.044044
1197.73952
393.447377
1372.46128
385.788353
922.391152
587.621233
1472.21649
373.059148
2505.10448
491.176454
1286.31903
479.271533
1209.87129
459.849402
1367.15233
482.511532
1209.33375
412.006439
990.014396
476.834675
1353.29967
457.528136
2084.88162
502.673132
1903.65424
499.495744
831.919323
458.701294
1104.53855
414.407005
1410.12042
468.432635
1251.69833
459.976901
1227.71716
469.778936
1630.77462
441.755659
1142.96410
531.413505
1660.78900
445.636891
1333.56807
431.880465
2272.87188
436.357136
1509.06696
626.963590
1606.04920
479.666413
904.555662
448.754803
1982.62316
490.256997
1600.75188
522.681444
1107.44238
488.878939
1119.85779
480.771592
1724.62899
499.063571
3707.39916
459.517538
1302.04329
431.234242
1533.26126
487.076517
1375.57615
412.405360
1461.09434
403.987871
1146.99200
458.264237
1603.76461
431.178695
1143.31982
519.982235
1439.60052
434.746161
2510.91496
1058.08714
1391.87421
401.248300
1376.23292
462.518946
2471.64601
441.513391
2212.06194
477.618619
1179.87913
450.520324
932.685427
460.296614
1212.06733
547.209064
1272.57891
501.819777
1814.72968
514.256877
1266.99488
453.398230
2337.46497
466.264730
2218.85093
475.602497
2040.50032
427.942109
1953.91801
433.943445
933.956922
478.803342
2228.37955
629.478358
2190.85852
475.114534
1194.49059
453.556316
2283.45361
457.118858
1151.50927
443.387898
1060.27590
453.341629
1549.71373
460.111844
1537.19760
458.980731
1286.70865
430.111281
674.721242
521.202914
1945.43359
447.353522
1451.50805
505.242688
1716.95690
532.424253
1397.06403
444.657768
979.111284
479.515792
1055.34919
451.514153
1627.32888
451.084298
1469.81345
505.111261
1424.14302
416.548474
1667.41630
455.543577
1942.65928
428.102612
1649.09783
433.465108
1633.22798
535.099695
1595.26990
536.131827
1258.74899
550.003864
1466.14031
559.416148
1265.22731
475.869660
1848.32900
670.151485
1560.58632
430.376358
1528.24059
494.835427
1730.73249
424.855355
1031.51468
508.145242
1740.95474
491.838118
1525.90993
435.422206
1309.06597
433.813778
1453.15536
523.956015
1588.82398
467.664860
1165.00325
432.179045
1341.98531
409.979712
1376.23305
443.687046
1767.96303
523.342651
1923.47657
477.888641
931.938014
440.791407
1624.79092
421.816936
2104.22208
515.027779
1573.72499
426.278822
1053.72624
505.632171
4703.16539
526.234689
1839.64576
480.032671
1175.77169
437.047942
866.084200
448.466420
1598.89029
444.172124
1543.28405
445.036725
831.720422
454.319715
1535.56260
443.347046
1139.30256
506.323335
2461.67392
516.704850
2244.28801
421.992329
1205.43330
454.239026
1879.46577
453.988546
1252.59697
442.386135
1216.90329
430.298910
1870.37259
557.398161
1785.30840
459.416685
1507.54208
500.471714
2404.41562
469.282367
1602.86486
409.128654
2052.45661
417.411995
4039.63720
519.374237
2004.39585
468.804925
2283.23991
416.746218
1472.20455
450.685423
1071.21155
437.478139
1331.40397
425.790063
1022.48754
501.564753
1071.25849
484.907809
1104.43487
433.033993
1787.33411
498.213746
1308.99236
520.444627
1842.08178
501.646962
1281.69458
437.932690
1689.77896
506.313510
1763.42911
470.263895
1442.40755
465.273279
1261.69066
437.201512
1465.11647
422.698639
1216.26984
457.491429
1808.79628
467.741169
1108.52840
486.314060
1534.67821
446.305768
2569.85896
490.710237
1651.67125
433.781937
1267.22054
469.351438
1057.42310
435.429044
1313.35230
458.368598
1491.97601
478.155009
1454.16693
411.819187
1457.27991
443.657029
1160.27290
418.704488
1179.58418
558.466935
1840.00506
453.074100
2236.68055
485.765904
1564.58559
463.661072
1253.15356
443.474210
985.700700
570.315021
2056.50454
428.204097
1872.83978
476.909817
1006.57815
434.930817
930.577802
425.982203
1616.64603
439.544068
3406.55718
467.952584
1163.90408
435.651880
1093.97186
422.981473
2514.27936
461.295935
1052.88994
485.559624
1090.40424
481.880425
1064.05026
427.687482
1351.44485
443.434743
2286.54214
461.234596
940.855800
554.308365
1804.40014
717.487182
2417.82421
412.011381
3073.96313
448.628136
1360.27710
463.786531
1117.03750
483.767603
1481.37083
398.824025
1474.50141
418.409495
979.841880
452.732234
1648.10312
507.686540
1013.42236
447.838542
1501.86266
420.398993
1165.52202
515.789530
1833.81453
404.082673
959.762046
561.623914
1997.91656
448.343779
2162.07717
409.799533
1611.54682
500.133973
1925.74663
480.922902
858.185639
580.235273
1260.03363
459.613578
1495.92101
508.500815
1236.86805
552.280222
1717.91213
480.765788
1185.27881
478.832018
1301.57747
466.495890
1486.09138
440.721194
1235.43104
436.660915
1711.79241
429.844033
2613.75503
523.525258
1440.27281
494.409278
1526.14267
537.751725
1211.05687
518.085728
1616.34645
530.046467
1646.41245
484.543306
1514.49922
572.226027
1701.63397
594.560163
1638.94343
497.958571
2129.68076
508.050771
1321.51243
480.142981
1795.12470
844.214674
1309.01531
543.594480
965.179175
484.271916
1255.23125
592.236002
1418.84963
499.013682
1001.34723
489.906079
1645.13029
523.895326
1786.56792
693.380934
1200.53173
477.042676
1167.59679
507.839593
1305.92106
565.508302
1569.07153
527.769055
1778.30250
517.760765
1245.48091
603.807907
1435.83197
526.551505
1535.30534
516.767878
1507.35511
555.617132
2612.38220
479.384751
1154.30461
523.798205
1462.63385
545.651915
1263.63265
579.538553
1112.60920
521.228442
1145.48612
622.312203
1262.68871
487.150008
2515.10142
470.819737
1113.49615
554.371637
1346.25700
761.090454
1375.51213
599.643587
1336.02616
535.848902
1865.20788
562.088676
2082.76122
538.750417
3348.80864
567.957511
1430.39494
566.450991
1982.40147
506.381766
3353.84783
477.592109
1069.73909
513.449085
1433.92645
464.808892
1863.91193
473.025595
1443.48297
505.183887
1446.45544
443.420265
1138.95987
469.263945
741.149673
508.366930
2369.22743
523.678064
1553.81469
481.306678
1692.05987
688.780506
1308.06269
514.804603
1318.74242
594.509100
2384.48711
509.151538
2150.07860
618.771242
1858.90798
586.365591
2246.98688
502.751768
2267.20543
498.079826
1999.09874
528.278758
1780.32756
496.323056
1623.92259
487.192916
1584.47559
527.545931
1176.26276
505.920417
1502.05885
490.034056
3269.81305
476.546567
1462.65114
455.883358
1909.74250
531.556491
1081.16779
574.448662
1796.88723
531.489224
1275.40361
559.551929
2593.18984
517.133524
1781.73123
653.519796
1560.01226
638.637634
1491.63917
497.727360
1776.56700
465.643121
1093.36938
556.156605
1464.76694
512.988545
1425.30526
507.764530
1439.00237
484.090569
1682.45088
504.617604
1909.23019
510.825026
1708.39589
570.782549
1889.47589
512.951459
3980.58872
533.373906
4791.81602
453.401110
1636.75031
547.024357
1636.72894
695.629223
1218.86765
563.852984
2718.88000
795.291247
1131.50251
512.065492
1968.47475
598.165789
5057.60430
474.855847
2467.72855
475.378084
2681.65152
465.698965
980.206137
507.997261
1893.84928
502.167152
2102.28736
613.955969
1793.33640
464.146047
1679.77912
719.102665
1453.11706
794.015777
1481.67613
472.801999
2100.15000
508.349435
1670.87548
524.346418
1241.43940
474.866288
2170.38972
500.178044
1152.82773
506.919859
1265.37765
489.895692
1699.67953
489.335000
1405.60483
530.999048
1236.32778
507.185129
1396.37655
489.287454
1588.29633
468.536246
2197.04661
545.682328
1825.71727
521.282206
1554.42669
499.282932
1562.90382
534.717241
2715.17608
608.483756
1705.92167
549.560058
1321.47875
500.023405
1975.51048
527.592079
1989.17074
564.640684
1389.85775
515.308631
1330.25010
471.979532
1145.91781
538.975489
1611.11699
496.413378
1644.59877
634.945965
1343.67898
485.292234
1471.88474
521.646954
1666.38190
576.448781
1613.71499
468.362570
1293.70663
562.977096
1175.30525
740.400332
2879.47068
598.798247
1426.29722
580.189051
4663.41476
615.252444
1842.26822
456.936346
1537.33953
585.430635
2062.14523
522.038062
1315.20270
516.284034
1125.24275
529.474051
1264.47115
560.765653
1237.59260
497.497949
1577.99653
514.401134
1833.74463
479.212105
1272.57795
522.867494
1501.45415
493.798266
1565.62976
508.726053
1858.58073
560.982578
1581.04723
551.373884
1951.11324
499.945813
2236.95360
515.764051
1997.26321
494.365295
1485.30184
546.437074
1737.31103
513.118514
1177.75577
551.301494
1865.20338
589.327849
1733.34993
518.724225
3109.13873
495.204525
1598.04027
513.245069
1576.57272
477.275791
2209.24754
588.538366
1548.20121
587.217668
4474.29866
603.626283
1766.36141
583.957198
1068.71072
461.191894
2477.19314
522.115500
1156.84817
524.283576
992.000798
595.705583
1512.84370
493.420783
1104.64744
521.148399
1825.51221
524.719769
1580.57466
454.516979
1214.91732
560.065133
1586.39833
522.564507
1596.67766
502.949258
2249.83159
476.492712
1210.44998
516.100071
2242.05852
541.007199
1431.62703
556.658322
1537.25556
622.997914
2191.24665
498.630012
1902.56694
609.582090
2066.57299
480.022789
2478.18971
513.024741
1333.59321
588.130332
1247.89436
469.559699
950.777514
557.689324
1270.29733
512.972892
1119.14126
604.667275
1886.71728
557.803128
1808.89048
512.887112
1139.91226
507.657201
1528.07415
675.137627
1736.38408
537.124873
1038.05128
540.091993
1226.11481
671.651209
1389.40796
619.433983
1548.58345
595.663755
1115.47903
690.393386
1410.45216
561.998474
1373.82756
650.676925
1697.95392
641.342168
1639.15919
572.703252
1526.47256
624.513332
1215.54671
568.105109
1139.27772
581.474752
1520.19724
562.309994
1227.49611
564.958558
1787.85996
568.903731
1112.66822
565.351626
1640.23082
615.398017
1479.97687
557.288586
1605.96710
554.310099
2090.09760
638.817377
1771.04622
543.391653
1592.37300
635.616560
1574.82969
723.912563
1692.46009
529.374045
1427.60105
528.531931
1338.66272
679.270401
1425.81496
533.252409
1743.27225
574.558246
1852.39650
639.575495
1567.17562
500.408066
1943.16241
886.375134
2376.51329
586.342012
1530.30566
538.372561
1564.33103
535.291391
1261.91330
657.677564
1575.04994
718.069564
1605.56830
558.205852
1368.77303
703.740070
1546.13252
633.689965
3172.90314
617.396320
2143.01933
525.041505
1612.59637
535.672997
1338.57431
657.817089
1799.48073
548.785903
1838.04942
661.027946
1622.94636
558.020129
1898.22660
672.742639
2630.72529
765.715772
1641.10740
725.510844
2243.97837
864.590710
1736.16437
554.505897
1637.35392
673.734540
1781.76881
538.920872
1355.41840
551.935885
2854.81479
614.004030
1897.19477
559.864191
1687.62126
561.955440
1643.23379
645.640811
1851.68105
553.893626
1495.03003
615.747549
1721.91256
687.773727
1485.10881
545.502110
1515.09514
660.600592
1468.89408
612.602473
1804.03085
728.006981
1630.68344
530.712381
1944.15697
547.176034
1877.42758
599.680328
2026.63675
537.230044
1358.99468
571.676667
1691.71974
807.545163
1329.42866
544.176808
1414.20999
544.409710
2284.42339
543.475710
1461.99945
605.036952
2359.22943
524.715104
1217.03500
564.551724
2385.49560
638.771611
2610.51235
565.147844
1789.86877
885.310325
2540.44853
494.077193
2408.48871
670.627596
1675.77945
714.507419
1691.61890
537.408646
1124.08578
582.289052
1477.62503
576.613264
2558.18784
643.440394
1536.84749
680.824656
2083.72811
546.053713
1510.47213
593.999471
1279.02570
602.479406
1708.36777
544.717519
2091.31951
556.080110
1739.77451
624.403443
1230.67185
566.186425
1726.34035
1168.95024
1854.25033
562.526711
1748.61328
549.593361
1789.47112
554.118412
1908.42798
524.246358
2905.96125
579.376449
2075.78827
604.450108
2964.55823
544.137584
2781.93101
595.556479
1188.19047
564.967168
1684.05236
592.764162
1861.83568
546.549129
1475.21079
673.007028
1460.80303
852.528919
1890.17482
589.999249
1285.65703
647.690903
2015.95059
625.739467
1344.23618
631.180944
1430.77351
640.215704
2239.07510
563.496764
1965.21607
562.471037
1575.24371
586.786367
1483.77249
536.740130
1292.06868
596.815919
2214.03853
684.205165
1430.06934
517.639028
1521.36177
496.949439
4556.21262
570.276189
1605.82429
583.478863
1615.26702
599.059885
1817.99538
532.197182
1324.37713
574.219303
1526.50646
577.261208
1398.72503
529.970576
1428.30261
537.501730
1394.05020
534.617402
1429.79739
588.209330
2360.07029
653.150242
1471.35806
599.057864
1653.79639
533.563048
1637.19511
538.165989
2127.85370
519.700263
3080.74030
597.190836
1377.09444
615.535680
1395.43259
592.991957
1417.25431
575.627469
1488.02537
516.905087
1416.39039
653.704541
3243.66647
539.931979
1656.96998
667.529675
1970.08266
560.771682
1485.86055
555.762075
1424.95158
630.418162
1344.04777
559.318450
1646.44237
584.610683
2339.40928
578.717392
1757.67559
556.220881
2297.64852
624.241359
1157.25568
600.310169
2585.87466
524.645993
2284.84902
541.618238
1404.70308
618.092592
1887.00092
599.092679
1113.14517
841.005374
1788.09187
695.269271
1423.84292
640.491166
1346.38945
567.888759
1653.43711
666.943056
1685.64716
580.381185
1389.99246
613.541650
2625.96690
535.510477
1490.07741
561.750218
2238.34057
529.446534
3506.87177
525.058454
1539.13708
947.935977
2132.50297
748.256043
1663.97629
737.923763
1987.67609
619.852200
1756.18221
519.766400
2334.12055
550.384126
5519.99890
516.963298
1334.88048
551.853687
2005.53256
619.350955
1488.18916
539.105009
1111.28165
558.116462
1193.76160
659.738714
1682.00661
560.479614
1733.90303
541.758568
1791.56810
548.863326
4554.43982
543.159228
1191.07051
622.375626
2093.59157
561.061246
1520.84784
567.977336
1250.18381
647.872239
1593.85438
588.189297
2156.48659
757.031666
1544.00473
553.274798
1084.92829
623.778219
1733.87983
524.277187
1634.20688
744.307055
2073.49066
1122.65806
1717.38272
510.788996
1554.04568
521.987905
1072.31036
740.951744
1451.46088
547.528551
1410.08271
653.561683
3266.54573
