307.84660799999995 5.684341886080802e-14 307.84660799999995 5.684341886080802e-14 0
307.891270916 0.4238528446913301 308.22510631999995 1.8838941571667227 5
308.00807005999997 0.8131176194612139 309.775185176 3.9012780915671526 10
308.343284928 1.2511123239043969 312.01889567600006 5.981021351809391 15
308.610266508 1.7346173410805699 315.469484124 9.849126880396199 20
308.90276908400006 1.9864007475200085 319.117937188 12.716754011898605 25
309.6586257580001 2.395905042366421 325.002559446 19.489795318350936 30
309.905613444 2.918169966701715 332.629588898 27.502357996605365 35
310.906469852 3.3772274697503883 337.528320136 29.819320054113337 40
311.49134200000003 3.6986795690273206 346.99092196 38.95893479927186 45
312.49418388199996 4.323472091254016 355.89867882799996 48.37336018550623 50
313.984669656 4.656029410949275 366.463076792 50.77716745039171 55
314.61353249 5.305068273405718 374.523761628 59.35039745345632 60
315.786641764 5.678989706096146 385.66201732599995 68.26652548303304 65
317.021350998 6.213063526184126 396.5178979 76.03548418065171 70
318.75489373 6.545473401466162 409.80357047599995 79.3362287818766 75
320.402477378 6.675803196478125 422.46995057 89.60769373903858 80
322.93963934799996 27.70044286050809 436.914701612 96.20988099465887 85
323.72007455799996 7.958545146253061 447.059485114 108.08302684157381 90
327.684087798 46.68637137935464 463.1728463 111.7303342287829 95
330.74126349799997 61.65929294798031 469.99377701000003 122.61920387959019 100
