71.38 -63.3 -23.3 -43.8 -43.1 33.15 32.70 -71.1 -63.9 -142. -97.5 -93.5 -64.4 -89.2 -106. 
-61.1 -72.3 -68.5 -51.1 -30.7 -8.70 -26.8 -27.0 -77.1 -43.6 -34.6 -27.1 -21.0 -20.1 -11.4 
-26.8 172.3 46.29 94.39 73.03 56.79 144.5 171.9 212.9 170.7 162.7 163.7 112.4 146.4 148.3 
20.36 27.84 26.47 -49.7 -66.6 -147. -124. -80.1 -9.17 -18.8 -11.1 -38.7 -20.1 -18.8 -15.1 
-36.4 354.1 270.5 213.9 223.0 200.0 195.9 197.7 169.2 154.7 152.0 136.9 139.7 93.79 71.41 
394.0 144.7 84.43 137.1 408.5 341.5 229.9 215.8 188.6 160.5 147.3 129.7 160.0 192.1 164.2 
-409. -625. -585. -545. -410. -357. -301. -236. -230. -208. -187. -162. -148. -119. -130. 
6.136 56.48 129.7 29.59 117.5 161.3 170.2 145.1 152.6 97.15 88.96 135.5 116.6 127.6 121.4 
369.5 158.2 2.650 -82.0 -209. -95.7 -24.8 1.445 -7.83 70.15 73.95 70.31 68.24 61.70 55.69 
-158. -69.4 -39.7 -139. -111. -102. -88.1 -155. -169. -162. -93.1 -107. -99.1 -93.9 -93.9 
43.87 174.0 36.53 18.26 -100. -66.9 -83.8 -93.9 -116. -106. -95.4 -86.9 -81.2 -117. -78.3 
134.1 75.98 -143. -92.3 -90.8 -65.6 -59.2 -18.3 -3.81 -7.46 9.579 -9.15 -0.60 97.77 89.88 
65.48 -1.30 12.73 284.5 238.3 203.0 221.4 259.5 246.3 203.4 190.4 235.0 229.3 220.2 184.2 
-86.2 -76.9 -74.1 -119. -257. -154. -114. -108. -46.9 -25.7 -21.7 -29.0 -59.3 -36.8 -43.5 
-437. -122. -271. -216. -172. -30.0 -46.6 -44.0 -44.3 -29.7 -27.1 -46.8 -74.2 -73.7 -64.3 
-92.3 143.3 400.6 274.7 233.1 176.7 145.1 128.2 81.45 71.43 111.0 49.60 61.59 45.52 50.84 
592.1 407.4 590.6 462.2 310.9 252.5 219.3 195.0 163.8 49.40 45.50 41.97 35.16 25.28 23.68 
403.3 159.9 214.4 152.9 173.8 127.7 100.4 93.69 75.44 67.18 55.43 51.19 54.23 35.80 24.73 
-120. 218.1 145.3 113.5 77.49 103.0 178.6 125.4 132.1 117.3 78.85 72.44 65.68 41.17 45.63 
-55.7 100.8 -64.4 -28.7 47.13 36.86 27.90 18.16 -4.69 -32.7 -52.7 -45.5 -53.6 -49.2 -34.5 
552.1 236.3 175.2 151.7 185.2 157.3 94.93 117.0 111.1 100.2 90.89 60.19 24.64 20.83 26.30 
-61.3 -78.6 -28.9 -52.8 -68.5 -61.5 -57.7 -73.6 -98.1 -82.7 -172. -153. -116. -95.8 -75.8 
75.07 98.41 93.48 94.61 45.95 15.69 41.69 23.57 61.39 56.72 40.91 58.71 52.46 49.57 51.96 
885.4 281.4 278.4 232.4 250.1 154.6 95.30 82.73 93.31 85.08 77.35 64.96 66.01 108.5 94.20 
610.5 435.8 259.4 75.24 -38.2 -41.8 6.660 64.59 5.584 20.30 31.30 17.01 11.94 6.961 7.116 
188.4 221.4 160.6 149.0 119.6 91.03 70.31 66.47 52.34 57.15 -16.8 -7.63 -18.4 19.96 -1.48 
134.6 108.6 -187. -139. -103. -60.1 33.73 1.634 -28.9 -34.0 -156. -146. -127. -92.9 -98.5 
279.6 191.8 -73.4 -70.7 -61.1 -21.5 -18.5 7.160 107.1 94.42 64.98 68.49 58.47 62.73 58.35 
173.4 129.9 86.58 73.24 51.59 47.12 36.30 -59.6 57.29 46.14 -6.04 -36.7 -29.3 -28.3 -8.02 
-24.0 -11.7 19.31 23.20 -38.2 -2.55 16.90 61.03 28.47 21.71 19.02 3.022 6.778 5.314 2.746 
-33.4 -51.8 13.42 -9.06 -26.6 -67.8 -63.8 -107. -95.7 -138. -127. -128. -121. -112. -86.5 
112.9 10.29 51.59 11.69 -4.53 -5.36 -46.9 24.52 -8.34 -10.9 -8.17 -5.47 -8.66 -6.51 -8.96 
-22.5 -3.27 -3.66 -205. -101. -200. -165. -172. -146. -140. -107. -110. -111. -106. -112. 
1.170 52.40 5.647 17.37 7.668 89.68 93.15 93.42 76.56 140.5 142.1 125.2 111.1 103.4 95.25 
-41.6 10.37 3.868 38.15 -94.0 -118. -182. -170. -154. -164. -150. -132. -115. -113. -107. 
-15.6 -25.8 56.05 31.60 47.60 53.54 49.38 32.11 32.94 59.15 57.36 62.49 42.17 39.11 45.30 
-20.3 66.28 34.18 26.81 4.446 28.14 24.09 27.62 16.40 12.91 -4.13 26.28 29.32 11.33 18.07 
120.1 64.69 -1.34 -24.7 -20.2 16.68 28.10 51.19 45.28 35.08 34.97 2.923 33.75 28.33 31.04 
-19.8 -54.4 -38.2 -32.1 -109. -54.4 -50.1 -40.2 -12.1 -10.6 -20.0 -17.9 -10.9 -12.6 -9.38 
-88.6 -35.0 -40.7 -67.0 -54.1 -39.9 -54.8 -9.29 -8.49 -13.1 -5.02 -3.61 -1.73 -1.54 0.195 
-138. -72.1 43.48 36.27 42.52 32.93 28.14 39.04 31.25 35.38 17.17 9.989 18.60 8.023 11.96 
57.49 102.2 135.2 96.14 71.34 48.16 41.31 27.55 24.89 20.77 18.83 18.31 15.92 14.78 14.63 
24.86 12.84 25.98 114.4 85.46 76.11 93.46 64.20 68.80 63.76 57.91 55.04 41.49 38.33 36.04 
0.419 -6.76 1.537 0.324 25.45 15.46 20.64 18.29 6.287 5.087 12.48 9.661 11.64 10.46 7.909 
37.55 15.77 11.62 -3.27 -28.4 -24.9 -23.4 -12.9 -11.5 -4.86 5.617 6.417 5.140 7.649 -9.32 
28.24 97.35 70.59 55.58 11.79 8.363 -20.0 8.095 -2.27 -26.5 -26.2 -21.6 -20.7 -12.6 -12.7 
8.727 -5.04 -12.1 -22.5 -18.2 -24.3 -51.9 -39.5 -41.9 -40.6 -33.6 -30.8 -32.9 -29.4 -27.6 
-78.8 -124. -110. -80.3 -41.5 -35.9 -15.1 -8.36 -10.2 -2.74 13.96 11.72 9.089 8.428 7.842 
91.31 -30.1 -42.6 -31.1 -2.98 -8.78 -4.66 -4.11 -7.98 -8.13 4.292 -5.59 0.096 -1.22 -0.86 
-39.3 -11.6 -13.5 -19.5 -18.4 -20.6 -17.9 -11.5 2.498 7.020 28.03 27.13 19.14 25.45 19.83 
-53.6 -51.0 55.18 74.02 57.49 44.80 44.09 29.15 26.62 23.27 20.11 22.54 23.35 21.53 17.21 
-48.0 -54.1 -44.0 -39.2 -59.6 -47.2 -43.6 -40.0 -25.4 -16.1 -19.6 -16.8 -5.89 -6.32 -5.94 
-21.2 -39.5 3.442 -30.9 -23.1 -10.3 -2.73 -5.34 -2.79 4.593 -26.0 -22.9 -20.4 -24.3 -23.8 
79.70 71.48 48.59 23.28 6.113 -14.5 3.275 -4.29 -11.6 -12.0 -9.34 -8.57 -7.92 -1.91 0.139 
5.382 22.29 11.36 15.29 0.164 -3.47 -3.58 -4.93 -5.25 -3.73 -6.18 -4.07 -2.41 -2.44 -2.24 
-17.5 -24.7 -17.2 -17.1 -12.3 -7.37 -3.35 3.499 1.943 5.807 4.507 12.63 12.24 16.37 12.91 
16.60 58.12 16.43 12.34 16.43 18.75 21.75 9.578 9.304 8.494 5.597 5.542 5.518 3.287 -9.33 
-61.1 -2.10 -10.3 5.920 -1.60 -3.26 1.313 -0.15 -33.4 -30.1 -20.6 -20.6 -18.2 -15.3 -15.6 
30.63 30.73 -3.90 -2.49 9.197 5.502 10.62 9.425 8.712 -5.54 1.405 1.077 7.628 0.525 -5.53 
-148. -128. -98.4 -55.0 -47.0 -29.1 -24.4 -21.4 -18.0 -20.9 -18.7 -16.5 -23.9 -8.07 -6.05 
-146. -73.3 -34.9 -23.5 -14.4 -12.2 -4.50 -1.49 0.352 11.27 1.786 7.247 6.260 7.264 7.356 
1.425 -6.49 40.49 11.94 9.482 12.96 12.01 13.17 10.73 8.968 10.27 8.927 9.391 9.467 8.989 
-95.6 -47.0 -55.8 -37.1 -30.1 -27.7 -8.78 -12.0 -19.9 -27.4 -20.0 -11.4 -10.6 -18.0 -19.8 
-2.15 22.18 33.62 24.40 2.902 -0.18 -0.22 7.804 9.995 8.389 3.502 4.709 -4.66 -12.1 -13.7 
81.92 41.66 30.84 38.33 30.94 36.28 29.68 21.77 19.60 19.37 2.539 0.640 -6.50 5.456 14.87 
112.1 84.19 15.11 8.383 14.46 22.06 15.75 10.22 3.572 31.93 38.16 35.44 30.63 32.88 33.87 
22.60 15.52 25.00 18.52 9.653 3.026 -4.97 0.461 6.273 3.305 3.945 2.473 4.921 4.850 4.012 
-16.5 11.36 15.89 9.359 10.52 29.27 24.38 25.59 24.08 21.28 16.93 16.63 14.79 13.59 13.35 
-25.7 -27.5 -17.1 -13.6 -1.56 1.232 2.609 3.063 2.321 6.586 16.13 17.19 19.50 17.26 15.32 
2.797 1.480 -12.5 -9.23 2.866 1.299 0.314 4.223 14.89 13.33 13.84 13.07 9.587 5.618 9.552 
98.04 62.05 28.04 2.157 2.640 9.168 31.19 25.74 23.68 18.59 21.81 19.75 18.33 20.11 18.82 
2.001 -7.25 -5.21 -1.23 -8.60 -13.2 -2.68 -9.18 -2.62 12.48 13.38 14.09 10.15 10.73 9.245 
23.62 15.80 9.441 0.195 -7.35 -18.5 -17.5 -15.2 -22.3 -20.1 -17.8 -16.0 -18.0 -21.0 -19.6 
30.91 47.29 34.02 20.58 5.668 2.554 -3.49 -3.05 -0.46 -0.32 3.107 2.950 -1.74 0.039 1.091 
-5.13 -1.90 -25.5 -8.70 -7.19 -11.9 0.061 0.334 -10.5 -7.91 -13.3 -14.0 -5.95 -9.34 -13.7 
-1.00 2.374 -0.80 -13.0 -11.0 -11.9 -9.63 -11.7 -12.6 0.370 3.507 -0.99 -13.3 -14.4 -5.50 
-22.5 -45.9 -53.6 -40.7 -39.0 -41.9 -48.9 -42.9 -38.2 -31.6 -42.2 -38.7 -30.2 -28.6 -28.0 
21.13 27.09 32.10 24.03 14.68 3.945 -1.55 -0.53 -1.18 -6.45 -7.77 -3.73 -7.54 -7.80 -6.70 
4.421 -5.47 -6.78 -14.9 -5.73 -3.08 -9.26 -7.18 -7.06 -11.6 2.552 2.484 6.421 5.193 4.523 
-4.53 44.82 21.94 41.95 57.99 46.18 37.41 66.52 76.57 78.73 74.05 70.23 64.33 60.67 50.76 
79.45 19.43 8.221 -14.1 -10.3 0.207 5.446 17.44 14.74 13.74 11.41 6.481 2.260 -0.00 2.817 
54.62 27.13 13.09 -35.9 -71.3 -55.9 -39.1 -30.0 -27.3 -28.6 -25.8 -20.6 -14.8 -13.6 -11.9 
-18.5 -41.7 -43.3 -29.2 -21.0 -16.6 -21.1 -14.9 -15.7 -13.5 -13.0 -11.6 -7.23 -7.43 5.313 
19.14 4.679 -21.1 -6.15 -10.3 6.736 8.339 2.567 7.399 4.728 1.825 3.708 2.760 9.463 4.731 
104.8 59.38 26.71 19.50 26.49 22.09 18.05 14.94 13.06 16.98 14.41 19.99 17.72 18.74 18.48 
11.44 -9.60 -8.65 -7.39 -10.7 -9.50 -6.79 -8.29 -7.01 -18.4 -14.3 -18.4 -16.3 -25.1 -20.5 
0.995 -12.2 -63.7 -40.3 -34.4 -38.7 -18.3 -20.5 -17.7 -19.7 -19.3 -17.0 -14.5 -14.4 -10.7 
-43.9 -24.5 -17.8 -28.6 -22.9 -17.5 -14.4 -15.9 -18.4 -24.6 -23.4 -18.6 -12.6 -11.9 -8.13 
0.230 6.779 -3.03 -10.3 -7.37 -6.72 -11.7 -7.27 -6.39 -6.18 0.305 1.480 -14.5 -7.67 -8.43 
-18.1 24.14 10.29 15.07 4.819 6.388 9.574 12.55 29.85 28.10 31.00 30.88 28.42 25.72 21.81 
18.29 -7.50 -16.7 -1.38 2.216 6.846 4.651 1.330 0.962 5.293 7.330 4.521 3.701 4.829 16.83 
3.618 -10.2 -9.25 9.231 5.719 19.68 17.15 25.03 21.06 18.90 11.81 8.927 4.955 5.072 10.30 
-5.83 26.74 10.82 0.519 -0.61 3.322 -16.9 -16.6 -16.8 -15.3 -15.6 -14.9 -12.1 -8.96 -5.73 
6.125 2.651 -8.20 -5.87 -1.64 0.621 -2.84 1.462 3.344 5.692 -11.9 -13.6 -11.4 -8.54 -7.42 
-0.61 -10.3 -3.77 -8.42 9.979 6.749 10.51 -7.55 -5.47 -12.1 -7.66 -8.57 -8.15 -8.55 -6.68 
10.43 2.979 7.269 5.627 0.196 -8.81 -9.24 -8.00 -5.43 -1.26 -2.68 -8.29 -7.46 -0.94 1.226 
-87.0 -41.5 -35.6 -30.6 -27.1 -32.9 -28.1 -21.1 -17.7 -12.7 -17.3 -15.8 -14.7 -19.1 -17.7 
-4.58 9.169 8.026 7.548 16.57 14.15 22.31 17.55 22.17 14.98 15.18 13.62 13.83 21.34 22.76 
-21.3 9.002 2.329 1.227 -8.68 -7.67 -5.21 -1.53 -9.04 -7.95 -6.15 -3.53 -2.88 -2.57 -3.68 
-16.9 -13.1 -1.14 -4.15 0.363 0.680 1.980 13.94 7.867 6.240 5.163 -5.46 -6.84 -5.60 -8.16 
-27.5 -61.8 -52.4 -43.2 -21.4 -21.5 -18.7 -20.8 -24.8 -27.0 -24.7 -22.6 -22.1 -16.4 -13.8 
-18.9 -5.29 5.443 12.66 9.654 12.34 9.158 16.86 18.15 13.76 13.47 12.83 19.98 17.81 20.13 
-134. -92.2 -62.3 -46.2 -37.7 -35.3 -30.0 -27.0 -34.0 -24.1 -22.4 -20.0 -20.5 -18.7 -21.0 
81.01 34.80 -7.99 -3.96 -20.5 -9.04 -8.58 -9.80 -9.43 -9.17 -8.53 -12.6 -13.7 -11.3 -14.6 
2.410 2.788 31.97 -10.4 -0.35 -1.83 -3.15 -1.24 -9.33 -6.18 -4.39 1.830 5.059 4.658 4.811 
-42.8 -21.4 -10.6 0.244 -3.24 -4.05 -2.26 -1.34 1.743 -3.44 -3.19 -5.02 -9.20 -8.17 -9.19 
37.74 11.82 6.822 9.844 -6.17 -5.23 0.407 0.312 -0.25 8.427 1.633 1.256 0.134 -10.8 -7.90 
-37.5 -33.9 -25.1 -35.7 -39.0 -29.0 -25.4 -23.1 -17.2 -13.5 -9.53 -8.72 -12.5 -13.1 -13.5 
-76.3 -18.3 -33.3 -24.3 -20.2 -24.1 2.140 8.774 4.884 -1.22 1.159 4.313 5.619 1.080 0.825 
-24.2 -26.8 -28.8 -12.1 -11.0 -11.8 -12.2 -10.9 -5.83 2.856 3.450 1.965 2.734 -4.22 -4.01 
12.57 4.879 4.389 -1.63 -1.99 -2.47 -4.28 4.287 21.65 20.12 21.15 13.23 12.16 17.32 14.76 
-1.00 -6.70 35.21 43.47 49.83 41.51 31.33 25.66 23.31 19.31 17.21 20.47 18.73 17.39 17.44 
5.162 -12.2 -10.8 -9.34 -23.3 -16.7 -16.6 -13.6 -11.9 -13.8 -11.8 -13.0 -11.0 -9.89 -8.00 
-15.9 -6.88 3.985 3.446 5.196 -3.15 3.074 -0.28 -0.23 0.107 7.658 6.851 6.910 6.921 6.088 
4.931 0.438 -9.64 -8.67 0.361 0.069 -0.09 -15.4 -18.9 -16.9 -17.6 -16.6 -13.4 -12.3 -11.0 
-72.1 -52.7 -57.7 -43.6 -36.5 -28.9 -24.7 -22.0 -21.8 -17.5 -14.5 -16.5 -15.0 -14.3 -11.6 
1.637 -15.4 -8.17 -13.4 -18.8 -16.7 -11.4 -9.67 -8.60 -6.08 -7.56 -8.71 -7.37 -9.88 -8.47 
22.44 3.415 6.166 3.230 3.463 8.097 7.396 0.788 1.549 1.939 1.666 0.276 0.983 0.055 -3.75 
15.32 50.48 69.60 52.23 41.76 34.79 23.19 23.06 20.55 18.54 16.78 15.95 10.93 10.14 8.965 
10.12 7.590 4.375 -6.72 -7.31 -4.57 -2.87 -3.22 -3.17 4.774 8.120 7.791 6.105 6.195 2.963 
8.617 11.43 8.786 -10.1 -9.51 0.841 0.645 0.372 -0.72 -4.56 -6.02 -7.31 -4.23 -4.37 -4.09 
-1.18 31.40 28.10 20.93 15.35 14.06 13.08 13.05 11.49 10.69 8.200 7.043 6.920 4.973 4.612 
-6.36 -3.85 -1.88 2.693 0.706 4.993 4.892 4.630 5.487 5.747 6.960 6.301 5.500 4.748 6.037 
38.83 23.57 -4.56 -4.17 -3.10 -2.29 -1.80 6.265 4.236 3.592 0.791 2.433 2.354 2.174 3.884 
15.77 -1.98 -3.27 -9.77 -4.84 2.237 1.447 3.488 1.420 1.939 2.199 -0.23 0.010 1.520 -1.12 
58.06 32.60 24.24 27.35 20.81 12.75 19.75 17.40 13.47 11.66 10.51 9.884 9.478 9.388 8.483 
-29.9 -15.3 -8.71 -7.18 1.101 -1.20 0.212 -4.52 -0.71 -1.66 -2.09 -2.26 -0.22 0.199 -5.73 
3.110 2.816 1.808 -1.44 -1.33 -1.06 -2.71 -2.72 -1.23 -1.48 -16.0 -16.8 -15.1 -14.5 -13.7 
57.48 27.33 18.32 13.97 11.53 13.68 14.14 11.32 9.980 8.592 9.241 9.755 9.425 6.717 5.947 
24.71 8.549 18.24 13.72 11.44 8.901 8.672 10.80 10.41 11.36 11.01 8.620 8.094 7.908 6.987 
-4.06 0.130 -10.5 -8.01 -6.44 1.149 -1.97 -2.18 -2.12 -1.78 -0.95 -1.35 -0.66 -0.90 -0.55 
-2.74 -1.39 -9.98 -6.91 -4.71 -3.93 -4.64 -9.98 -7.75 -5.29 -6.66 -6.54 -9.55 -6.86 -6.24 
-9.37 -4.47 -2.70 -2.98 4.710 3.689 3.013 5.822 1.473 1.387 1.518 1.084 0.857 1.798 1.129 
13.45 8.920 7.701 4.680 3.500 4.306 -2.19 -2.20 -1.96 -3.50 0.562 -0.92 2.409 0.375 7.792 
0.045 10.31 15.39 12.41 5.112 6.238 5.307 10.02 9.519 9.952 9.492 8.215 7.302 6.456 6.438 
9.752 -15.0 -10.1 -24.4 -19.6 -19.2 -18.8 -13.8 -12.8 -11.0 -10.0 -11.1 -10.1 -10.2 -12.8 
9.339 5.149 5.902 4.468 3.622 3.968 3.805 3.214 3.335 5.461 1.989 2.235 2.809 2.773 1.840 
10.10 5.875 1.093 3.448 2.981 4.080 4.180 3.823 4.006 3.548 3.479 2.556 0.618 0.134 0.453 
-51.4 -23.6 -13.8 -18.8 -21.4 -17.8 -16.5 -15.7 -15.6 -11.4 -10.4 -12.3 -12.3 -12.3 -11.6 
5.618 19.72 13.62 8.694 7.083 5.174 3.376 -0.69 -0.02 -0.76 -0.08 0.332 0.824 0.549 1.757 
-28.8 -13.8 -16.1 -12.1 -9.24 -5.04 -6.45 -5.02 -5.03 0.202 0.165 0.197 0.657 0.318 0.262 
-4.21 -1.77 -3.86 -3.55 -2.85 0.400 1.566 -0.01 2.358 -0.75 -3.14 -1.23 -0.97 -0.47 0.997 
1.520 18.85 11.41 5.367 3.901 3.254 2.676 5.393 6.826 6.092 11.14 11.68 10.64 9.331 9.481 
-9.71 -4.82 -2.80 -6.60 -4.98 -5.64 -5.68 -4.98 -4.42 -3.83 -4.26 -6.66 -6.19 -5.52 -5.48 
-6.71 -4.47 1.861 3.275 3.477 6.547 5.617 3.892 4.866 4.111 3.752 3.069 3.197 -0.55 -1.28 
2.320 -7.11 -5.21 -5.40 -1.94 -1.90 -3.53 -3.00 -2.22 -2.54 -2.67 -2.90 -2.41 -0.15 0.591 
-9.72 3.154 2.040 1.865 1.519 1.056 0.543 0.467 0.089 -0.69 0.787 -0.50 -0.91 -1.24 -1.42 
32.95 4.298 3.344 0.659 0.534 0.337 0.275 0.716 0.612 1.472 1.673 4.457 5.283 3.981 3.696 
0.440 3.826 4.246 3.182 5.465 10.44 9.093 7.586 9.069 7.975 10.26 9.379 8.714 7.836 7.315 
-0.05 0.512 -1.25 -0.89 1.382 1.050 1.668 2.053 0.335 0.349 -1.47 0.822 -0.46 -0.66 -0.49 
17.45 8.737 0.699 -4.39 -0.79 -0.98 -1.01 -1.40 -2.20 -1.89 -2.06 -1.02 -1.82 -4.10 -3.74 
-9.98 -16.4 -9.19 -7.04 -7.02 -5.75 -6.01 -5.34 -5.87 -3.28 4.074 1.614 1.993 2.674 2.428 
-1.61 3.149 2.925 3.178 1.987 1.728 1.363 0.620 -1.77 -2.26 -1.81 -2.07 -2.36 -1.67 -1.46 
1.638 4.218 2.641 4.539 3.515 2.959 2.548 2.133 2.373 2.279 2.655 2.450 0.328 0.294 0.532 
1.785 0.353 0.429 0.759 -0.70 -3.35 -3.18 0.778 0.021 0.324 0.797 -0.36 0.522 0.457 1.506 
-2.04 17.72 15.17 11.99 11.48 9.607 8.759 8.062 7.910 5.367 2.997 3.939 2.974 3.755 2.784 
11.55 9.154 6.659 6.209 19.09 19.51 16.71 13.28 12.15 11.08 10.36 9.135 9.390 7.328 6.524 
-0.38 4.941 15.14 10.07 8.424 6.471 4.758 4.119 2.273 2.107 1.361 1.061 -0.62 -0.82 -0.77 
0.033 -1.50 -0.90 -7.49 -3.55 -3.10 -2.80 -1.25 -1.10 0.948 0.485 0.420 0.254 0.086 0.151 
-0.52 -3.24 -1.41 -0.25 -2.06 -3.75 -1.05 -0.88 -1.35 -1.27 -3.33 -3.47 -3.29 -3.63 -2.77 
2.396 1.636 1.729 1.658 1.226 1.393 1.334 1.522 2.995 2.291 2.143 1.865 1.737 1.892 1.929 
-2.44 -3.09 -0.85 -0.65 2.097 2.234 1.893 2.261 1.611 2.017 1.571 1.949 0.764 0.344 0.664 
-2.66 -0.63 -0.57 -1.20 -1.04 -2.07 -1.58 -1.44 -1.25 -1.10 -0.60 -0.92 -3.07 -2.88 -2.76 
0.341 1.862 1.162 -0.12 -0.84 -1.59 -1.47 -1.35 -1.26 -2.10 -2.17 -2.62 -2.41 -0.95 -0.54 
-0.09 13.64 8.291 7.279 5.729 4.827 2.710 2.814 2.449 2.167 1.772 2.633 2.260 2.307 2.324 
-2.06 -3.90 -2.61 -2.13 -1.74 6.305 4.215 4.230 3.226 2.281 2.365 1.325 1.083 1.503 1.806 
-0.35 -0.03 0.024 0.003 5.508 4.080 3.659 3.343 3.593 2.914 3.794 3.061 2.597 2.232 2.085 
0.403 2.783 1.859 1.413 2.359 2.071 2.626 2.684 2.700 1.714 1.564 1.692 1.191 1.498 2.085 
-6.08 -3.42 -2.68 -1.43 -1.38 -0.78 -0.94 0.504 -0.11 1.459 3.614 4.295 3.287 3.050 2.157 
-9.30 -3.80 -5.27 -4.13 -4.19 -3.58 0.339 0.267 0.274 -0.06 0.056 2.806 3.483 3.205 3.038 
10.86 7.031 5.266 5.592 4.835 5.539 4.362 3.430 3.010 1.747 1.692 2.093 2.866 2.732 2.935 
-6.79 -1.88 -1.68 -4.10 -3.28 -5.05 -4.74 -4.76 -5.01 -3.49 -4.99 -4.60 -4.05 -5.56 -5.47 
-0.44 -2.20 -3.83 -0.50 0.076 -5.00 -3.14 -2.39 -2.07 -2.26 -2.11 -1.71 -2.73 -2.47 -2.29 
10.47 8.776 8.046 2.166 1.352 0.698 -0.35 -0.07 -3.00 -1.98 -0.87 -0.79 -2.29 -0.99 -0.85 
-1.13 -17.7 -11.2 -8.17 -6.64 -5.54 -4.69 -5.25 -4.69 -4.37 -3.05 -2.82 -2.59 -2.58 -2.99 
-2.58 -8.56 -3.82 -0.36 -1.61 -1.66 1.053 0.844 1.041 -0.06 -0.17 -0.28 -0.01 0.502 -2.09 
1.798 3.786 4.163 2.541 4.847 3.686 3.367 2.916 2.173 2.721 2.558 2.334 1.345 1.020 -1.81 
11.45 2.251 4.658 4.420 2.946 2.214 1.223 1.272 0.651 0.110 0.662 0.406 0.836 0.369 2.171 
1.503 5.032 5.636 12.97 10.66 7.879 3.849 3.784 3.559 3.051 3.009 2.085 5.363 2.238 2.156 
-3.83 -2.71 0.332 -1.30 -5.46 -1.63 -1.42 -1.27 -1.02 -1.12 -1.79 -1.32 -0.68 -0.69 -0.70 
-2.64 2.712 1.852 0.106 -0.68 -1.11 -0.94 -1.18 -0.72 -0.83 -0.77 -0.71 -0.57 -0.33 -0.31 
0.584 3.893 1.812 1.392 1.169 0.948 0.871 -0.92 -1.63 -1.63 -1.53 -2.50 -2.71 -2.16 -1.71 
2.943 -0.15 0.319 -0.20 -3.89 -3.03 -2.81 -2.44 -1.95 -1.75 -1.83 -1.03 -0.97 -0.87 -1.20 
-11.9 -6.01 -4.17 -2.58 -2.30 -4.10 -2.51 -2.35 -1.87 -3.07 -2.83 -2.88 -2.63 -2.74 -1.94 
-1.56 3.281 0.328 0.223 -1.54 -1.27 -1.39 -1.78 -1.45 -1.50 -1.34 -1.06 -0.74 -2.08 -1.49 
10.94 6.290 2.781 -6.17 -6.09 -5.15 -3.78 -3.06 -3.72 -2.93 -2.79 -1.77 -1.60 -1.82 -2.20 
18.36 1.201 0.689 0.462 1.042 1.018 0.533 0.665 0.557 -1.28 -0.21 -0.34 -0.56 -0.43 -0.66 
12.83 1.225 3.500 -1.79 -1.47 -0.67 -1.80 -0.56 -0.59 -0.79 -0.20 -1.96 -1.94 -0.98 -1.23 
-0.42 6.928 5.869 4.737 0.793 0.622 0.560 -0.14 -1.32 -1.75 -1.45 -1.62 -2.64 -1.96 -2.65 
-9.07 -3.94 0.701 0.406 0.269 0.948 1.095 0.937 0.683 0.871 1.023 0.575 -0.35 0.291 0.359 
0.219 0.057 -0.11 0.063 0.229 0.275 0.846 1.059 0.987 0.891 0.372 0.314 0.081 0.281 0.298 
-4.77 -1.78 -4.63 -5.62 -4.39 -4.35 -3.44 -2.45 -0.50 -0.25 0.070 -0.86 -0.85 -0.96 -1.01 
2.398 0.593 2.871 1.845 3.508 2.096 1.265 0.399 -0.64 -1.24 -1.30 -1.39 -0.99 -0.92 -1.67 
-0.63 4.049 4.486 3.189 2.561 1.561 1.486 2.018 1.646 0.757 0.731 1.054 1.150 1.073 1.051 
-2.35 -4.78 7.753 7.696 5.960 4.697 4.049 2.767 1.090 1.127 1.599 1.517 1.424 1.162 2.809 
7.158 5.409 1.372 0.915 0.232 0.985 1.669 1.257 1.131 1.815 0.819 -0.73 -0.45 -0.38 -0.38 
3.993 2.570 2.813 2.092 0.590 1.142 -0.23 -1.25 -0.38 -0.41 1.184 0.805 0.981 0.854 2.967 
2.902 -2.42 -1.39 -1.77 -1.43 -1.29 -5.02 -4.33 -3.98 -4.16 -3.70 -3.45 -2.72 -1.53 -1.33 
-0.77 0.118 1.068 9.903 8.097 8.362 7.126 6.231 6.285 6.390 5.159 4.737 4.375 3.976 3.707 
-0.68 -11.6 -7.90 -6.07 -7.08 -5.40 -4.52 -3.94 -4.01 -4.20 -4.84 -4.18 -4.27 -3.97 -4.11 
