1.00000145 0.00000158 -0.0000001 -0.0000009 0.00000523 0.00490425 -0.0000983 0.00000643 -0.0000034 -0.0000006 -0.0000430 0.00000633 
0.00000156 1.00000155 -0.0000001 -0.0000010 0.00000511 -0.0000917 0.00489772 0.00000628 -0.0000035 -0.0000006 -0.0000430 0.00000634 
0.00000379 -0.0000004 1.00000551 0.00000637 -0.0000007 0.00001007 0.00001400 0.00486656 -0.0000506 0.00002128 -0.0010827 0.00037422 
0.00000663 -0.0000030 0.00000568 1.00000143 0.00000191 0.00001908 0.00002481 -0.0000928 0.00487425 -0.0000582 0.00188378 -0.0011780 
-0.0000021 -0.0000002 -0.0000034 -0.0000052 1.00000041 -0.0000047 -0.0000057 0.00008142 0.00001451 0.00496161 -0.0011801 0.00188816 
0.00028981 0.00031621 -0.0000294 -0.0001833 0.00104588 0.98084968 -0.0196748 0.00128587 -0.0006982 -0.0001227 -0.0086141 0.00126533 
0.00031145 0.00031070 -0.0000367 -0.0002139 0.00102292 -0.0183535 0.97954380 0.00125575 -0.0007162 -0.0001275 -0.0086129 0.00126709 
0.00075804 -0.0000837 0.00110218 0.00127443 -0.0001530 0.00201427 0.00279906 0.97331128 -0.0101364 0.00425541 -0.2165464 0.07484425 
0.00132568 -0.0006064 0.00113686 0.00028656 0.00038237 0.00381532 0.00496128 -0.0185639 0.97484918 -0.0116440 0.37675585 -0.2356068 
-0.0004249 -0.0000418 -0.0006868 -0.0010433 0.00008269 -0.0009425 -0.0011527 0.01628496 0.00290147 0.99232181 -0.2360337 0.37763281 

sysiderr: 0.5537
ptb_coef: 0.0010