388.53915200000006 5.684341886080802e-14 388.53915200000006 5.684341886080802e-14 0
388.9084559875001 0.5173793722016644 389.38082637 1.1839542787866553 5
389.9716644375 1.4647083453911147 392.0940092575 2.29514621282235 10
392.01153221 3.5759653613962445 396.87411212000006 4.8209238160267 15
394.01023386750006 5.0838163614903475 403.24593397750004 7.187125609691086 20
397.235901 7.806383900670477 411.3524641325 10.160695488346926 25
402.55962098000003 13.06491697410939 422.149944885 16.63491397650964 30
407.462981745 19.034935719569514 433.5202472725 18.793957110197496 35
411.9209562125 22.617251574752633 449.99517393249994 26.696011897717177 40
417.714727075 26.9538738652726 463.55760253999995 31.323306725840066 45
427.313577275 36.534068102887886 481.29342156750005 36.96427383074566 50
435.68401954500007 45.3308804244052 498.4623080525 46.38665414917796 55
440.4574068575 47.825553404509336 522.6090900324999 58.43565571378509 60
449.7957211125 56.94465004226519 545.9285591299999 71.06100582588023 65
459.6501369075 69.34376707521515 571.9328825675001 75.73835688280495 70
471.28906044999997 71.51560868176156 596.32950113 80.10037834765193 75
480.76532423 79.79749131653355 620.3642433 92.67320423526797 80
487.04761285999996 83.46332401390268 661.5106292600001 110.51325185309311 85
510.30761723750004 115.93543966559248 681.1350414375 129.86092770386236 90
509.33942406500006 102.43557741641264 716.8688362050001 127.89133005948325 95
550.3385513725 150.09350086777067 755.7752768674999 162.79869342253713 100
