0.999916 -1.01251e-06 4.00753e-10 -4.48507e-11 1.01827e-08 1.00845e-08 -5.49195e-10 2.29706e-10 -6.49316e-10 -4.08222e-10 4.20377e-05 5.85183e-09 4.20396e-05 1.08585e-08 0.000999842 -3.89858e-10 4.01606e-08 -7.16263e-10 4.07435e-08 -2.23459e-10 3.92739e-08 2.5554e-10 3.94301e-08 -5.04209e-10 5.8166e-08 1.16494e-09 5.83948e-08 9.71085e-10 
-1.01801e-06 0.999577 -4.77082e-11 5.61037e-07 -7.98554e-07 0.000167064 1.29682e-07 -5.53433e-07 -1.2969e-07 -5.53178e-07 1.02485e-06 -4.9787e-07 -6.73127e-09 1.2964e-06 -1.51755e-09 0.000999417 -1.12167e-10 1.23045e-08 -1.15797e-09 2.23035e-07 1.74008e-09 -1.26705e-08 -1.66537e-09 -1.26846e-08 1.44145e-09 -5.44724e-10 -1.40306e-10 1.79618e-09 
8.4077e-05 1.01249e-06 0.999934 4.33131e-11 -1.01807e-08 -1.00831e-08 3.28579e-05 -2.63851e-10 3.2858e-05 4.4223e-10 -4.2037e-05 -5.85078e-09 -4.20389e-05 -1.08578e-08 1.57924e-07 3.88259e-10 0.000999057 7.17773e-10 -4.07417e-08 2.24859e-10 4.0069e-07 -2.57096e-10 4.00532e-07 5.02008e-10 -5.81639e-08 -1.16527e-09 -5.83931e-08 -9.70289e-10 
-2.67803e-07 -4.57558e-05 2.27451e-11 0.999863 -2.10559e-07 7.91672e-05 -1.37664e-07 -1.56468e-07 1.37615e-07 -1.5658e-07 -2.36867e-08 -2.74723e-07 2.91473e-07 4.85941e-07 -3.25199e-10 1.42381e-06 4.49651e-11 0.000996908 -2.15294e-10 8.05284e-07 -1.84889e-09 -3.60316e-09 1.82696e-09 -3.64923e-09 -2.45103e-11 -4.99595e-10 4.88687e-10 6.84038e-10 
-5.60741e-09 2.00518e-06 -7.84841e-10 -2.1269e-11 0.999915 4.4828e-08 1.12699e-09 -3.00059e-10 1.31393e-09 9.89304e-10 4.28743e-09 4.20291e-05 3.48091e-09 4.20222e-05 4.24239e-08 7.36365e-10 -4.08237e-08 1.38436e-09 0.000999801 5.68379e-10 -3.88996e-08 -5.61685e-10 -3.91985e-08 1.04759e-09 2.791e-10 5.60195e-08 -2.36888e-10 5.63739e-08 
-1.84009e-06 4.12221e-05 -4.04218e-11 6.2667e-07 -1.48318e-06 0.999864 -3.06123e-07 -5.92454e-07 3.05861e-07 -5.92196e-07 2.48915e-06 2.42974e-06 -6.48863e-07 -9.4415e-07 -2.61048e-09 7.75055e-08 -4.9583e-11 1.41756e-08 -1.8399e-09 0.00099978 -4.20387e-09 -1.32126e-08 4.18659e-09 -1.33982e-08 3.5727e-09 3.22984e-09 -8.21323e-10 -1.18521e-09 
8.41119e-05 6.23689e-07 3.28571e-05 1.38892e-08 1.58399e-08 3.28855e-07 0.999934 7.55037e-08 3.33422e-05 -1.21686e-08 -4.28937e-05 -3.95727e-07 -4.12172e-05 3.54936e-07 1.5818e-07 4.35283e-10 3.99979e-07 1.49472e-09 -4.0409e-08 -2.10544e-10 0.000999052 -5.13775e-10 4.06931e-07 5.46356e-11 -5.93301e-08 -2.15165e-09 -5.69264e-08 -4.21929e-10 
-1.2298e-06 -0.000382837 -8.22634e-12 6.94032e-07 -9.65213e-07 0.00017171 -1.63419e-07 0.999862 7.5531e-08 -6.83736e-07 8.39707e-07 -8.00207e-07 3.90176e-07 1.76639e-06 -1.73001e-09 2.31058e-06 -5.59054e-11 1.54477e-08 -1.2546e-09 -4.71102e-07 -1.09776e-09 0.000996889 1.05941e-09 -1.57582e-08 1.19074e-09 -1.14697e-09 5.33012e-10 2.45847e-09 
8.40422e-05 1.4013e-06 3.28569e-05 -1.37969e-08 -3.6206e-08 -3.49025e-07 3.33422e-05 1.18843e-08 0.999934 -7.48628e-08 -4.11803e-05 3.84023e-07 -4.28607e-05 -3.76653e-07 1.57666e-07 3.46155e-10 3.99628e-07 -6.45596e-11 -4.10775e-08 6.56288e-10 4.07191e-07 9.15029e-11 0.000999052 8.69053e-10 -5.70018e-08 -1.77395e-10 -5.9863e-08 -1.52078e-09 
-1.2298e-06 -0.000382837 -6.38421e-12 6.94028e-07 -9.65394e-07 0.00017171 -7.56027e-08 -6.83805e-07 1.63352e-07 0.999862 8.39707e-07 -8.00201e-07 3.90178e-07 1.76638e-06 -1.72773e-09 2.31058e-06 -6.04019e-11 1.54468e-08 -1.25325e-09 -4.71106e-07 -1.00864e-09 -1.57049e-08 1.14489e-09 0.000996889 1.19049e-09 -1.14156e-09 5.32698e-10 2.45999e-09 
4.20419e-05 5.55228e-07 3.50554e-10 3.21268e-10 5.29312e-09 -4.19272e-09 -1.47608e-10 -8.79747e-11 -2.39387e-10 -3.47453e-10 0.999916 2.32701e-09 4.20426e-05 5.44666e-09 5.77293e-08 6.09805e-11 3.18142e-10 -2.47472e-10 4.55029e-10 -3.1125e-10 -2.38076e-10 -1.00312e-10 -1.95067e-10 -1.23247e-10 0.000999843 4.02736e-08 5.85464e-08 2.07163e-10 
-8.62006e-10 -1.09683e-06 -7.20578e-10 -4.55326e-10 4.20302e-05 -2.92356e-08 4.03058e-10 -2.29412e-11 3.30655e-10 4.76694e-10 -1.02098e-10 0.999915 1.88276e-09 4.20339e-05 1.21395e-09 -6.93536e-11 -6.1869e-10 5.64003e-10 5.74287e-08 5.13237e-10 4.33636e-10 2.36389e-10 3.25602e-10 1.9485e-10 3.99863e-08 0.000999802 -3.9403e-10 5.79191e-08 
4.20309e-05 -9.5081e-07 -6.53779e-10 -2.32172e-09 7.45534e-09 -6.88113e-09 1.48306e-09 3.29399e-10 1.23573e-10 1.46999e-09 4.20378e-05 8.83679e-09 0.999916 -6.02259e-08 6.05357e-08 6.55423e-10 -1.10976e-09 1.44396e-09 -9.71491e-10 -1.1769e-09 -1.92073e-10 -2.7785e-09 -5.71971e-10 5.33993e-10 5.67427e-08 8.80731e-10 0.000999841 3.79021e-08 
-3.47169e-05 1.1174e-06 7.67606e-10 2.71415e-09 7.30327e-06 3.2382e-09 -1.7611e-09 -3.78565e-10 -1.23745e-10 -1.71801e-09 -3.47248e-05 7.3018e-06 6.94458e-05 0.999985 -5.07816e-08 -7.68803e-10 1.30288e-09 -1.6967e-09 1.12814e-08 1.37497e-09 2.2689e-10 3.25901e-09 6.70832e-10 -6.25656e-10 -4.63292e-08 9.1095e-09 1.39222e-07 0.000999935 
-0.168136 -0.00203961 7.94789e-07 -1.17804e-07 1.60929e-05 3.13498e-05 -1.09677e-06 4.8804e-07 -1.2742e-06 -7.74396e-07 0.084065 1.36638e-05 0.0840687 2.34721e-05 0.999656 -1.12796e-06 8.03012e-05 -1.42233e-06 8.14725e-05 -4.33326e-07 7.85484e-05 5.03834e-07 7.88428e-05 -9.91919e-07 0.000130327 2.3172e-06 0.000130795 1.93806e-06 
-0.00201953 -0.845801 -8.49009e-08 0.00111378 -0.00158763 0.334828 0.000255408 -0.00109886 -0.000255388 -0.00109843 0.00202149 -0.000980469 -1.76579e-06 0.00256802 -3.32734e-06 0.998692 -2.01131e-07 2.45935e-05 -2.5923e-06 0.000502696 3.46785e-06 -2.53559e-05 -3.34144e-06 -2.53805e-05 3.1723e-06 -1.23896e-06 -2.77884e-07 3.98126e-06 
0.168132 0.00203956 -0.131371 1.16477e-07 -1.60901e-05 -3.13483e-05 0.065686 -5.88593e-07 0.0656862 8.72275e-07 -0.0840631 -1.36637e-05 -0.0840668 -2.3469e-05 0.00034419 1.13116e-06 0.998094 1.42615e-06 -8.14708e-05 4.34096e-07 0.000811932 -5.04906e-07 0.000811633 9.86474e-07 -0.000130322 -2.31965e-06 -0.00013079 -1.93932e-06 
-0.000533127 -0.0918548 4.9989e-08 -0.274085 -0.000420039 0.158472 -0.000270782 -0.000311011 0.0002707 -0.000311244 -4.46737e-05 -0.000540677 0.000577752 0.000962016 -7.35387e-07 0.00282851 8.42189e-08 0.993777 -5.04769e-07 0.00163569 -3.6794e-06 -7.22389e-06 3.64211e-06 -7.30047e-06 -5.57921e-08 -1.07747e-06 1.06352e-06 1.5271e-06 
-1.99441e-05 0.00401544 -1.54119e-06 -1.49255e-07 -0.169916 0.000144041 2.25327e-06 -4.68801e-07 2.5728e-06 2.05239e-06 1.09702e-05 0.0840464 1.32724e-05 0.0840366 8.49336e-05 2.12881e-06 -8.16083e-05 2.74012e-06 0.999573 1.21877e-06 -7.78103e-05 -1.10375e-06 -7.83638e-05 2.063e-06 5.63997e-07 0.00012606 -4.8791e-07 0.000126761 
-0.00365261 0.0816832 -3.72611e-08 0.00123757 -0.00294978 -0.269636 -0.000601098 -0.00117004 0.000600743 -0.0011698 0.00491754 0.00480683 -0.00126465 -0.00185239 -5.71967e-06 0.000167249 -2.07647e-08 2.81152e-05 -4.24934e-06 0.999518 -8.3402e-06 -2.63602e-05 8.28043e-06 -2.66601e-05 7.83205e-06 7.22028e-06 -1.88581e-06 -2.68097e-06 
0.1682 0.00125598 0.0656844 2.68309e-05 3.48113e-05 0.000645582 -0.132321 0.000151945 0.0666383 -2.35834e-05 -0.0857519 -0.000783253 -0.0824462 0.000699068 0.000344702 1.02262e-06 0.000810526 2.94874e-06 -8.08075e-05 -2.75308e-07 0.998083 -9.27735e-07 0.00082439 1.2094e-07 -0.000132912 -4.39928e-06 -0.000127631 -7.29204e-07 
-0.0024388 -0.765782 -9.27284e-09 0.00137688 -0.00191808 0.344327 -0.000324166 -0.275758 0.000148288 -0.00135676 0.00165461 -0.00157783 0.000784318 0.00349787 -3.81859e-06 0.00448746 -8.7509e-08 3.08517e-05 -2.84412e-06 -0.000882261 -2.26686e-06 0.993738 2.09053e-06 -3.15026e-05 2.61066e-06 -2.53089e-06 1.18153e-06 5.44975e-06 
0.168064 0.00282314 0.065684 -2.65918e-05 -6.69973e-05 -0.000708282 0.0666384 2.29378e-05 -0.13232 -0.000150725 -0.0823744 0.000755926 -0.0856875 -0.000746014 0.000343669 1.23033e-06 0.000809834 -1.09658e-07 -8.21327e-05 1.14163e-06 0.000824862 1.83084e-07 0.998082 1.60703e-06 -0.000127739 -2.31645e-07 -0.000133959 -3.1451e-06 
-0.00243877 -0.765782 8.48849e-09 0.00137687 -0.00191862 0.344327 -0.000148386 -0.00135681 0.000324078 -0.275758 0.0016546 -0.00157782 0.000784307 0.00349786 -3.81402e-06 0.00448747 -9.62604e-08 3.08498e-05 -2.84175e-06 -0.000882268 -2.00082e-06 -3.14114e-05 2.34938e-06 0.993738 2.61016e-06 -2.52012e-06 1.18087e-06 5.45278e-06 
0.0840768 0.00111034 6.92574e-07 7.42813e-07 1.24777e-05 -1.28329e-05 -2.11187e-07 -2.75955e-07 -5.57972e-07 -7.95265e-07 -0.168156 1.20837e-06 0.0840784 1.21761e-05 0.000129477 3.11559e-07 6.29711e-07 -4.92048e-07 9.12717e-07 -6.29387e-07 -4.66251e-07 -1.9834e-07 -3.92234e-07 -2.43504e-07 0.999658 8.0535e-05 0.000131095 4.2719e-07 
-2.51079e-06 -0.00217743 -1.4204e-06 -8.8302e-07 0.0840486 -9.36031e-05 7.8564e-07 -5.64447e-08 6.59866e-07 9.35136e-07 -3.02464e-06 -0.169915 7.34658e-06 0.0840621 2.38953e-06 -4.94891e-07 -1.23011e-06 1.12474e-06 0.000128843 9.59117e-07 8.51659e-07 4.66218e-07 6.40809e-07 3.70449e-07 8.01641e-05 0.999574 -7.62562e-07 0.000129828 
0.0840538 -0.00190306 -1.31423e-06 -4.71351e-06 1.57302e-05 -2.05365e-05 2.88047e-06 7.29373e-07 3.40051e-07 3.0164e-06 0.0840678 1.79488e-05 -0.168129 -0.00012179 0.00013509 9.8405e-07 -2.2252e-06 2.88998e-06 -1.93617e-06 -2.36547e-06 -3.79423e-07 -5.56076e-06 -1.14308e-06 1.07837e-06 0.000127487 1.75585e-06 0.999653 7.57159e-05 
-0.0694265 0.00223793 1.53973e-06 5.49919e-06 0.0146049 8.72798e-06 -3.44778e-06 -8.35744e-07 -3.27638e-07 -3.51548e-06 -0.0694422 0.0146027 0.138877 -0.029448 -0.000113148 -1.15093e-06 2.61284e-06 -3.39481e-06 2.49952e-05 2.75874e-06 4.48428e-07 6.52195e-06 1.34262e-06 -1.26131e-06 -0.000104222 2.06637e-05 0.000301906 0.999865 
