17.8846422 0.0 17.8846422 0.0 0
19.1033562094 2.73926474764 101.708038887 82.5499975622 5
23.8656597849 7.38801051611 347.985059192 334.785882499 10
30.3053878824 12.7535396421 643.995974209 584.962666579 15
40.9887680716 24.7121759188 1118.03472636 1020.49595597 20
50.283295461 32.501308625 1705.72949977 1721.22221878 25
70.3458517304 49.0932455836 2318.19399044 2397.37217124 30
85.4298808758 55.7768592202 3071.7456282 3491.01804972 35
101.820809 73.5223779309 3790.62611993 7284.46447168 40
146.753376406 144.871108021 5475.60727703 12525.2964016 45
165.061449799 132.858459261 6739.33801602 13853.2907742 50
229.662762584 335.579947962 8625.35296652 16859.4918048 55
251.821008121 275.191964691 11643.6830415 23122.4035348 60
3908.83451818 54098.4413526 13036.2667412 25564.3146278 65
1626.73701188 28042.3649226 15297.6410734 30065.1540627 70
3629.96245133 47644.023202 17280.0340782 31527.7130082 75
6640.52020497 80074.9294732 16483.7350586 26160.8100514 80
14631.0357636 113876.294535 19291.4098769 33306.1807722 85
26801.5160072 170851.595907 23192.9400606 36747.6586178 90
16946.0277253 128890.201585 21480.7320973 34373.8346917 95
50784.143067 364985.279819 23208.0521502 35974.1828014 100
