0 0 0 0 0
0.101247372099 0.0567223863715 0.189250240239 0.131394764279 10
0.186502856148 0.150908353385 0.302531982415 0.218449529123 20
0.283129848877 0.196895211748 0.417590255495 0.240069143935 30
0.386677373343 0.221004065716 0.520375938748 0.279084842234 40
0.514843855738 0.275780164559 0.672058864692 0.363699801755 50
0.547214684316 0.287660662839 0.767599694582 0.42475125612 60
0.572733598608 0.2453656035 0.828839222871 0.407903451516 70
0.612232233446 0.258961693549 0.903893749971 0.428834607441 80
0.791788764455 0.554709169387 1.1084128707 0.684535331687 90
0.818579885671 0.522461821952 1.19892732094 0.666550231175 100
