1.00064551 0.09693282 -0.0148653 -0.0080532 -0.0059002 
-0.0046819 1.01154776 -0.0928293 -0.0026105 0.12535299 
-0.0093092 -0.0192404 0.94755504 0.14867660 -0.0072403 
0.00403580 0.04445824 -1.4839295 0.87527464 0.11737996 

0.99710493 0.08108001 -0.0059478 -0.0022794 0.01293112 
-0.0194282 1.01452044 -0.0876571 -0.0134090 0.08664622 
-0.0006794 -0.0167557 0.92067959 0.10239991 -0.0066615 
0.00125447 0.01368228 -1.5017269 0.92739391 0.17789355 

1.02524423 0.11249996 -0.0357752 0.01359370 0.01109196 
0.01901598 0.96499508 -0.0602718 -0.0009037 0.08931208 
-0.0294684 0.01310468 0.89291055 0.11127379 -0.0128393 
0.06519351 -0.0175642 -1.4918962 0.90356494 0.16209397 

1.01893755 0.08026146 0.02064225 -0.0348898 0.00467040 
-0.0226671 1.01153753 -0.0969683 0.02065697 0.08713541 
0.02084946 -0.0170838 0.88686109 0.07371607 0.01422998 
-0.0767775 0.05955130 -1.5707541 0.93566122 0.08117410 

0.98976584 0.11083565 -0.0219455 -0.0262633 -0.0038532 
0.00646720 1.05139901 -0.0718500 -0.0059000 0.10638751 
-0.0196635 0.00825625 0.89107819 0.08594620 -0.0272490 
0.00577081 -0.0150130 -1.6205625 0.95536894 0.22440005 

0.99069992 0.10286661 0.00500398 -0.0095755 -0.0153133 
-0.0005278 1.00809011 -0.0896258 -0.0158296 0.11455231 
0.00879072 -0.0164080 0.94165854 0.10975497 -0.0112903 
-0.0278143 0.02623878 -1.6618999 0.89089893 0.15720071 

0.99967523 0.12145789 -0.0165424 -0.0248365 -0.0161831 
0.01691602 1.03292873 0.00952963 -0.0243175 0.13427395 
-0.0202492 0.04602346 0.94663584 0.10576210 -0.0028618 
0.00353311 -0.0799964 -1.4397965 0.96240992 0.10860761 

0.94859042 0.10088946 0.01042486 -0.0029303 0.01018955 
-0.0021964 1.03409766 -0.0496166 0.01922141 0.06155112 
0.01267162 -0.0174312 0.94305663 0.09391801 -0.0030110 
-0.0232002 0.04650272 -1.4012309 0.94851005 0.13600867 

0.99610234 0.07472289 -0.0127212 -0.0094745 0.01848783 
-0.0216956 0.97800997 -0.0017109 0.01495761 0.08276045 
-0.0130702 0.00225018 0.93899022 0.08329929 0.02014080 
0.00411042 0.01130290 -1.0362317 0.95051577 0.08588892 

0.94904849 0.09011736 -0.0106103 -0.0226597 -0.0025595 
-0.0104629 0.99827257 0.02801463 -0.0232812 0.09248931 
-0.0154810 0.03212852 0.91828214 0.08946966 -0.0003494 
-0.0069460 -0.0614736 -0.9175130 0.97392165 0.08845780 

0.99474487 0.11698304 -0.0132880 0.01892088 -0.0263576 
0.01645080 0.98114740 -0.0058413 0.01111663 0.10393927 
-0.0126764 0.02740029 0.98132819 0.09788743 0.03929431 
0.02825328 -0.0245053 -1.0144760 0.96594432 0.07832334 

0.96487006 0.12632930 0.00291455 0.01936067 -0.0001632 
0.02481966 1.00342554 -0.1038346 0.02283538 0.09200837 
0.00861792 0.00109564 0.94986451 0.11763495 -0.0175172 
0.00558002 0.02234635 -1.2854650 0.94187314 0.15841805 

0.96885508 0.11105728 -0.0064112 0.00489452 -0.0036471 
0.01606335 0.94068171 -0.1274780 -0.0212035 0.10225476 
-0.0005173 0.02081920 0.87879849 0.08466130 0.00791767 
0.00600111 -0.0442914 -1.6700671 0.97433409 0.10158710 

0.98690954 0.09421415 0.01246229 -0.0436797 -0.0100693 
-0.0099441 1.01524425 -0.1356645 -0.0658325 0.09811971 
0.01525132 -0.0136207 0.88894468 0.12454711 -0.0274920 
-0.0744234 -0.0041658 -1.7654369 0.84100086 0.16785547 

1.03456249 0.09454693 0.01109478 -0.0104944 -0.0127751 
-0.0036370 0.96814755 -0.0161000 -0.0236538 0.09380276 
0.01133797 -0.0011256 0.92218773 0.09181499 -0.0203181 
-0.0282581 0.00989192 -1.4022754 0.86361512 0.11531295 

1.02304377 0.11022333 0.02729268 -0.0234178 0.01656027 
0.00874146 1.04535711 0.07845244 -0.0119551 0.11429018 
0.01957408 0.02040640 0.92380794 0.10023877 -0.0038488 
-0.0415244 -0.0077847 -0.8333636 0.91638624 0.04179616 

0.98388662 0.11869787 0.00479767 0.01707589 0.00211854 
0.01491024 1.03516673 0.07646332 -0.0135565 0.07348207 
0.00305177 -0.0048244 0.94838502 0.09343270 0.03031131 
0.01656796 0.00135523 -0.7078527 0.99127670 -0.0220146 

1.03001829 0.08880394 -0.0330833 -0.0483610 -0.0011036 
-0.0148630 1.00305087 0.04165867 -0.0089309 0.08449299 
-0.0369131 -0.0367734 0.94021182 0.10178426 0.02644475 
-0.0232202 0.01266369 -0.6501078 0.99381234 -0.0384633 

0.97509634 0.09530763 -0.0264624 -0.0162690 -0.0052032 
-0.0100849 1.02084678 0.07006869 0.06000871 0.09106963 
-0.0313486 0.00427174 0.97775746 0.12953873 -0.0123767 
-0.0024000 0.03907291 -0.5559926 0.94216325 -0.0051334 

1.02332420 0.10203010 -0.0036675 0.00332443 0.02253876 
0.00357801 0.99771544 0.02789515 0.04297706 0.10863306 
-0.0042026 -0.0211807 0.99267204 0.06722945 0.02297635 
0.00348296 0.02986321 -0.7126738 0.95845907 0.00825823 

1.00382433 0.09815884 0.04057504 0.01211314 -0.0172826 
-0.0052972 1.01500336 -0.0025332 0.04591199 0.08291879 
0.03917937 0.00501743 0.96904242 0.10815118 0.00500513 
-0.0197638 0.01143743 -0.6758212 0.90461746 0.03795528 

1.03411581 0.09915434 0.00732261 -0.0010301 0.02271712 
0.00404412 0.95543415 -0.0885397 0.04401906 0.08210444 
0.00786847 0.03157280 0.98234599 0.12209822 0.01236586 
-0.0104945 -0.0096157 -0.9257392 0.97688299 0.10950339 

1.02326976 0.16571480 0.00129267 0.00018740 0.02742364 
0.06138763 1.02845950 -0.2703923 -0.0070569 0.07102192 
0.01323199 0.00076661 0.94281178 0.07590958 0.01252644 
-0.0205894 -0.0051127 -1.7581550 0.94096278 0.11453438 

1.01857150 0.08972011 0.00650585 0.01612554 0.06254560 
-0.0045128 0.95374111 -0.1729236 -0.0542265 0.10527179 
0.01780363 0.00685008 0.91030293 0.08888481 0.02990589 
-0.0067583 -0.0181969 -1.6862719 0.86808375 0.04234945 

0.96932394 0.08092612 -0.0209836 0.01878623 0.00602308 
-0.0160142 0.95560806 0.03722050 -0.0128867 0.09491147 
-0.0188117 0.01643361 0.95449291 0.10892991 -0.0128026 
0.03581974 0.02362505 -0.8685214 0.94169463 0.06169283 

1.00979465 0.07891423 0.01876968 -0.0048553 -0.0025395 
-0.0198352 0.99491698 0.07871650 -0.0286863 0.10069956 
0.01523381 -0.0126995 1.02305702 0.08442565 0.00587779 
-0.0017943 0.00839144 0.13065238 1.02133644 -0.0436129 

1.00118638 0.12904881 -0.0141971 -0.0026022 0.04118642 
0.03531175 0.96633737 0.04173308 -0.0172652 0.07114927 
-0.0178758 0.00033444 1.10824366 0.11714176 -0.0230967 
-0.0201675 0.00484502 0.94544629 1.02095954 -0.0979114 

1.04790379 0.09365283 -0.0049715 -0.0009889 0.00310801 
-0.0048395 0.98363581 -0.0249786 -0.0090751 0.10045139 
-0.0034224 -0.0206648 0.99989099 0.07466631 0.00143025 
-0.0043801 -0.0205719 1.10397576 1.02537151 -0.1124167 

0.97053628 0.10868347 -0.0088324 0.03142882 0.00647034 
0.00732657 1.01533190 -0.0350410 -0.0022533 0.09664169 
-0.0047006 0.00070175 1.09009780 0.10283925 -0.0252609 
0.02365407 0.00728998 1.33125589 1.05360257 -0.1816325 

0.97349314 0.08187531 0.01012779 0.00105667 0.00396739 
-0.0201959 1.01429463 -0.0723015 -0.0026095 0.07678497 
0.01582290 -0.0250270 1.07136268 0.13535163 -0.0003353 
0.02090241 -0.0284297 1.38358411 1.17112878 -0.1122051 
