0.99225639 0.09475731 0.02257346 0.00411109 0.03599675 
0.00628695 0.89691399 -0.0913702 -0.0377619 0.09180261 
0.02722405 -0.0255701 0.92806962 0.10500995 0.01521084 
-0.0304826 0.00157762 -1.5005162 0.96713715 0.15251745 

1.12785288 0.09784083 0.06011511 0.00577030 -0.0072626 
-0.0112567 1.03680465 -0.0462869 -0.0372493 0.09013101 
0.05705828 0.02683742 0.95263518 0.21448568 -0.0651033 
-0.0841139 -0.0739752 -1.4410331 0.87710942 0.26169099 

0.94652200 0.14808809 0.04962795 -0.0111220 0.05862194 
0.04837223 1.00868575 -0.0735057 0.06335440 0.12232148 
0.04747472 0.01234655 0.94816202 0.07818500 -0.0302655 
-0.0920259 0.05788184 -1.6149591 0.89863844 0.15671661 

0.98063953 0.08797855 -0.0783820 -0.1064989 0.02015266 
-0.0094290 1.04999735 -0.1483694 0.02269473 0.12599648 
-0.0728978 -0.0531265 0.94364464 0.13769349 -0.0518791 
0.00973559 0.13610986 -1.6035579 0.88000860 0.18644955 

0.97156732 0.08999237 0.01647143 -0.0524628 0.03066195 
-0.0066489 0.98159228 -0.1011486 0.01871364 0.06677072 
0.01618170 -0.0256906 0.87063568 0.03938421 0.04412372 
-0.0837467 0.06650800 -1.6088743 0.90547223 0.06447148 

0.82419331 0.01870926 -0.0477909 -0.0254812 0.02545975 
-0.0788821 1.03072519 -0.0507571 0.04518674 0.02563653 
-0.0449453 0.02280344 0.88045479 0.03379876 -0.0505486 
0.05045235 -0.0002628 -1.6362135 0.95679236 0.27414846 

1.03946484 0.08512133 -0.0445012 0.02421617 0.00190259 
-0.0074806 0.93429981 -0.0524965 -0.0155097 0.21327528 
-0.0356838 -0.0090087 0.97724133 0.07918995 -0.0048429 
0.08172426 0.01130520 -1.5168621 1.00167714 0.18247572 

0.97069264 0.09713583 -0.0229321 -0.0334797 -0.0806061 
0.00064211 0.89382293 -0.0034527 0.02120527 0.13888095 
-0.0258565 0.02216600 0.96422629 0.12277292 0.04252504 
-0.0081032 0.00286029 -1.3682107 0.70064917 0.02352311 

0.92199310 0.08313201 0.05749453 0.04453359 -0.0229245 
-0.0112358 0.92006042 0.01631500 -0.0540496 0.07217701 
0.05775489 0.01278536 0.98310211 0.08538704 0.01797230 
-0.0093275 -0.0649391 -1.0830992 0.99246474 -0.0134209 

0.96833387 0.08941454 0.03727045 0.00092585 0.03181845 
-0.0095791 1.01210248 -0.0253895 0.00585147 0.13774993 
0.03752606 -0.0158925 1.05217420 0.11878421 0.00818301 
-0.0328789 0.02696529 -1.0044032 0.90620208 0.09331613 

1.06895114 0.07876713 -0.0461309 0.03891941 0.03087772 
-0.0170964 1.00533362 0.01219501 0.05083090 0.08451523 
-0.0438239 0.05166799 0.98397654 0.04153484 0.00495032 
0.08674904 -0.0070478 -1.0820831 1.05864923 0.06230250 

0.95176383 0.03003553 -0.0584070 0.03800793 -0.0277059 
-0.0657644 0.98196099 -0.0834815 -0.0217757 -0.0056778 
-0.0491103 0.01449590 1.01277921 0.07924205 0.04818450 
0.10017210 -0.0621314 -1.3996251 0.96968398 0.07885680 

0.95363135 0.12205809 0.03672009 0.00908087 -0.0086167 
0.00827970 1.05770067 -0.1694542 -0.0647579 0.03404074 
0.04342506 -0.0202326 0.89689761 0.09508543 0.01177247 
-0.0683572 -0.0202053 -1.6796517 0.91268173 0.07469155 

0.94812804 0.07179065 -0.0862285 -0.0267604 0.04754922 
-0.0222584 1.07840192 -0.1139078 -0.0526084 0.07883748 
-0.0745508 0.01397452 0.96165379 0.18644848 -0.0026116 
0.12824992 -0.0411512 -1.8197154 0.63881042 0.11931601 

0.98501042 0.14836090 -0.0205382 0.06963222 -0.0677706 
0.03672709 1.03270274 0.02786924 -0.0414255 -0.0359458 
-0.0143633 0.04120695 1.00833331 0.13460605 -0.0394527 
0.09406601 -0.0822656 -1.4803699 0.78883295 0.14440592 

0.96578409 0.09931285 0.02401532 0.03983414 -0.0301895 
-0.0026285 0.98715615 0.04635686 -0.1209899 0.12825838 
0.02679504 -0.0217787 0.94906477 0.11971880 -0.0090354 
0.02900571 -0.0900213 -0.8317022 0.93015197 0.07242095 

0.99443861 0.06067211 -0.0163191 -0.0050905 0.04275021 
-0.0315919 0.94020336 0.11274615 -0.0269544 0.10511571 
-0.0228222 0.02972611 0.97472781 0.10816438 0.00424413 
0.01505506 -0.0438668 -0.7065639 0.90916088 -0.0225119 

0.97675102 0.09517872 -0.0514847 0.07674596 -0.0401743 
-0.0086566 0.95464450 0.04155783 -0.0115527 0.16142756 
-0.0424791 -0.0316233 0.96057366 0.09674471 -0.0442979 
0.11182442 0.00944139 -0.6738540 1.00689917 -0.0120356 

1.00957087 0.13980553 -0.0377952 -0.0472588 -0.0097418 
0.03942675 0.95138666 0.08382299 0.07491727 0.11647030 
-0.0470807 0.01854010 1.03431376 0.15863256 -0.0518949 
-0.0297126 0.03513965 -0.5518293 0.89222126 0.06793767 

1.00764036 0.12598214 0.03873988 0.01018660 0.01521413 
0.03690900 0.92500948 0.07626545 -0.0078761 0.01732322 
0.03343134 0.02304558 0.91171958 0.11671206 0.02319000 
-0.0075624 -0.0586638 -0.6022187 0.92118281 -0.0249180 

1.03584592 0.13950015 -0.0302660 0.02463164 -0.0080407 
0.03894067 1.00550698 -0.0008992 0.05743011 0.08598995 
-0.0286077 0.01113477 0.94932955 0.03180725 0.00035084 
0.04255048 0.01646921 -0.7533293 1.01528649 0.03559660 

1.01597204 0.12473227 -0.0674266 -0.0237960 0.00942932 
0.03418163 0.97209673 -0.1753735 0.00855853 0.03283686 
-0.0571892 -0.0678015 0.91622579 0.13920058 0.04977166 
0.02478139 0.04296554 -0.8401833 1.01362959 0.10923695 

1.13746348 0.12293808 -0.0139544 -0.0095126 0.02018699 
0.01431742 1.09207849 -0.3279616 -0.0673492 0.18853569 
0.00443554 -0.0646208 0.91758249 0.06202096 0.00642027 
-0.0105158 0.06030513 -1.7374321 1.07845463 0.11689123 

0.98014984 0.11080956 -0.0403045 0.06101563 -0.0213935 
0.01557551 0.93548599 -0.2032696 -0.0682039 0.10956944 
-0.0182130 -0.0216301 0.91889638 0.10343026 0.03944547 
0.09570185 0.02168781 -1.6777099 0.82116351 0.02666007 

0.91655270 0.06528700 0.02217517 -0.0469328 0.06081163 
-0.0256324 0.97629839 -0.0432671 -0.0890188 0.08579741 
0.02391818 -0.0640374 1.02011749 0.12263170 -0.0563330 
-0.0687737 0.02639775 -0.9193643 0.96545968 0.03792117 

1.06881060 0.18688948 0.04300701 -0.0059386 -0.0250165 
0.08156949 1.06425327 0.08891770 0.01747636 0.08319077 
0.03730989 0.02009402 0.93131576 0.18751615 -0.0559762 
0.00131948 0.05254600 0.22684232 1.08290220 -0.0744126 

1.06220559 0.11685561 0.03758041 -0.0220843 -0.0788284 
0.00840185 1.02518355 0.02960250 -0.0312371 0.05885968 
0.03597187 -0.0131633 1.02007071 0.09205486 0.00920304 
0.01881447 -0.0120702 0.84125659 1.09554817 -0.1234287 

0.86772998 0.11439933 -0.0773916 0.00985267 -0.0131439 
0.01340231 0.99427381 0.03667466 -0.0817369 0.13592693 
-0.0842785 0.03125207 1.08345133 0.12284984 0.06596188 
-0.0766022 -0.0421327 1.23342757 1.06291640 0.00121917 

0.99931867 0.02734109 0.00341416 -0.0196871 0.03118198 
-0.0675259 0.97322902 -0.0269385 -0.0002378 0.11761253 
0.00216674 0.00665394 1.03796092 0.15586431 -0.0175421 
-0.0201565 0.01552848 1.30507823 1.18189544 -0.1893359 

0.98165700 0.09668370 -0.0507951 -0.0101348 -0.0057611 
-0.0059701 1.03992491 -0.0405495 0.04678809 0.09716160 
-0.0540868 0.01466611 1.04657697 0.09677899 -0.0360605 
-0.0809550 0.06467317 1.31720373 1.08276129 -0.1717769 
