0.92715096 0.04065915 -0.0750147 -0.0516092 -0.1186767 
-0.0113959 0.97285082 -0.1052075 0.03570030 0.06453066 
-0.0722259 -0.0667149 1.03701417 0.03020310 0.04422925 
-0.0089036 0.09129625 -0.8254555 0.98585472 0.01317844 

0.97797178 0.05386135 0.07658782 0.07291538 0.06904638 
0.00320849 1.01032387 -0.0459450 0.04400875 0.02927505 
0.07986121 -0.0023031 0.92358158 0.06950520 -0.0223876 
0.00983209 0.04715401 -0.7470762 0.91679624 0.09723281 

1.00499432 0.04229733 -0.0395321 -0.0955513 -0.0046544 
-0.0059672 0.99979527 -0.0526080 0.01576078 0.08891971 
-0.0423807 0.00647438 1.02755296 0.03474233 -0.1366695 
-0.0626605 0.01387199 -0.9257178 1.06188673 0.19569802 

0.95717980 0.09226340 -0.0130276 0.00954430 0.04658127 
0.04928758 0.91220853 -0.0708831 0.06451172 0.08642202 
-0.0101116 -0.0163834 1.00361272 0.09351745 0.01481420 
0.01858521 0.09143752 -0.8272141 0.90442011 0.00357601 

1.00951791 0.05925146 0.07215328 -0.0112568 0.03610338 
0.01196479 0.92156919 0.03470992 -0.0290318 0.00747395 
0.06743868 0.07944725 0.98749940 0.09181149 -0.0752031 
-0.0626917 -0.0905195 -0.7758991 1.02871876 0.13610145 

0.98779332 0.05421775 -0.0045811 -0.0318110 -0.0193710 
0.00414461 0.98800728 -0.0150849 0.03388399 0.03999836 
-0.0061334 0.01603392 0.91954628 0.03536325 0.01378330 
-0.0310365 0.02758257 -0.6923109 1.07367422 0.05971548 

0.97329089 0.02370389 0.04073211 -0.0371842 0.01575151 
-0.0307604 1.08696686 -0.0895209 0.02751162 0.04183803 
0.04222222 -0.0708476 0.86314193 0.03139827 0.01479421 
-0.0660635 0.07793811 -0.5615061 1.05116574 0.03177675 

0.95356927 0.07704806 -0.0166630 0.05487138 0.01567770 
0.02636301 1.02413663 0.02976175 -0.0136403 0.04624657 
-0.0151720 0.03128880 0.95018156 0.07836874 0.07788616 
0.06425261 -0.0273607 -0.4550189 0.96690852 0.00034090 

1.06856894 0.05371583 0.05889036 0.02253866 -0.0427615 
-0.0029565 1.08575488 0.06117497 -0.0064238 0.06662765 
0.05627659 0.05864462 1.02212709 0.07061426 -0.0055389 
-0.0073700 -0.0287287 -0.4253101 0.96930472 0.06889033 

0.99729907 0.07397203 0.02790377 0.00225318 -0.0030529 
0.02463420 0.98488475 0.05459613 -0.0353035 0.09574822 
0.02534922 0.04370881 1.04511134 0.01384942 0.00006949 
-0.0059161 -0.0496108 -0.4160282 1.08444012 0.09505403 

0.89243248 0.02397245 -0.0028589 -0.0990449 -0.0186071 
-0.0319216 1.09730091 -0.0419260 -0.0471553 0.01455416 
-0.0053454 -0.0543440 0.99599944 0.00620013 0.03468537 
-0.0963710 -0.0275962 -0.3792511 0.95157513 -0.0103180 

0.96007304 0.08318977 0.01876405 0.00448325 0.00848776 
0.03192966 1.03197923 -0.0139320 0.00348011 0.11013634 
0.01959205 -0.0185768 1.06148104 0.08721185 -0.0285211 
-0.0027370 0.01067983 -0.3241745 0.91072734 0.04513824 

1.01512163 0.06663208 0.02199806 0.02820888 0.00318281 
0.01494685 1.03627555 0.00406765 0.00646851 -0.0163720 
0.02297946 0.00114827 1.03687036 -0.0092940 0.08663938 
0.01863448 -0.0014379 -0.4288461 1.05061496 -0.0094002 

0.99107736 -0.0095754 -0.0010441 -0.0424629 -0.0349118 
-0.0596853 0.95890001 0.00077815 0.01150702 0.02118720 
-0.0038079 0.01665935 0.96729953 0.01701242 -0.0141965 
-0.0466013 -0.0033191 -0.4640895 1.18396887 0.08863899 

1.00411520 0.06685476 -0.0610429 0.02463097 0.08435983 
0.02407768 0.98182465 -0.0708626 -0.0283453 0.02524877 
-0.0563146 -0.0350840 0.97840934 0.02400071 0.00157672 
0.06390728 -0.0146105 -0.5879491 1.07782900 0.00381741 

1.04382589 0.05101018 -0.0493398 -0.0184532 0.08433419 
0.00803690 0.99704069 -0.0631405 -0.1016993 0.15416963 
-0.0474783 -0.0083632 0.91673199 0.08438179 -0.0489029 
0.02611351 -0.0822668 -0.6262052 0.94062002 -0.0779807 

1.04799524 0.02014634 0.01372293 0.00910813 0.03035246 
-0.0301734 1.01316641 -0.0194773 0.05260598 0.05423790 
0.01259664 0.06955028 1.04517670 0.04743848 -0.0306283 
-0.0010775 -0.0001723 -0.8928133 0.92853125 0.04825936 

0.90624523 0.12170175 -0.0146770 0.00623555 0.03816384 
0.07144345 1.06126259 -0.0586375 -0.0002516 0.04658263 
-0.0131817 0.02714752 0.99801949 0.07005605 0.00729966 
0.02046922 -0.0147413 -0.8751226 0.93210700 0.04748536 

1.18733424 0.01257330 -0.0674976 0.02859798 -0.0395870 
-0.0334720 0.96476931 -0.0468729 -0.0487685 -0.0202196 
-0.0640055 0.02361859 1.01713042 -0.0012794 -0.0515806 
0.08136097 -0.0647513 -0.9048833 1.07932823 0.13626481 

0.87585650 -0.0001223 0.05757631 -0.0374922 0.06025534 
-0.0472118 0.96117506 -0.0529984 0.01498752 -0.0024814 
0.05652917 -0.0099108 1.06379666 -0.0047633 -0.0005866 
-0.0729307 0.03136964 -0.7577075 1.07124553 0.06793395 

1.03701896 0.02228620 -0.0333298 -0.0018109 0.02386457 
-0.0204209 0.88693030 -0.0720779 -0.0110145 0.06736929 
-0.0295173 -0.0597030 0.97851625 0.02821570 0.02049518 
0.01549008 0.03559901 -0.5087213 0.93838229 0.00912653 

0.85862771 -0.0138280 -0.0369329 0.01358484 0.02251655 
-0.0657356 1.05000570 -0.0327969 0.05196396 0.01946505 
-0.0340967 -0.0379503 0.83812127 0.07411050 0.06362653 
0.02469392 0.07815358 -0.2965496 0.97156417 -0.0057985 

0.99206458 -0.0328659 0.02809615 0.04805448 -0.0384939 
-0.0841755 0.98859552 0.05170392 -0.0148827 0.09080489 
0.02821362 0.03245203 0.93084040 0.05878126 0.01086463 
0.03903233 -0.0151631 -0.2825520 0.97468719 0.03821252 

1.00236533 0.01454799 0.08506603 -0.0375519 0.01785581 
-0.0323406 1.00192143 -0.0452634 -0.0136950 -0.0091997 
0.08555211 -0.0737481 1.00532162 -0.0106939 0.04497137 
-0.0632044 0.01678700 -0.3417681 0.93653424 -0.0150271 

0.94341000 0.01136267 -0.0793453 0.07391683 0.08924389 
-0.0380576 1.01364028 0.07104660 -0.0137554 0.04741473 
-0.0777556 0.03920529 1.00556563 -0.0093348 0.02999821 
0.09868364 -0.0206381 -0.3545301 0.98082437 0.01281398 

1.08173824 0.03902374 0.01595729 0.05490354 -0.0370061 
-0.0155513 1.06493558 0.05765957 -0.0305332 0.01635388 
0.01651629 0.02758686 0.90392477 0.05145053 0.01421244 
0.05255415 -0.0366490 -0.2577966 1.00038485 0.02009950 

1.08569518 0.04656154 0.03739360 0.02983255 0.09823537 
0.00059734 1.03071185 -0.0041095 0.02065928 0.08760469 
0.03946915 -0.0313268 1.03215687 0.06301402 -0.0693841 
0.01759337 0.02898779 -0.3161126 0.92962663 0.02660362 

1.00343495 0.05660212 0.05519336 0.04283860 0.02015754 
0.00846104 1.01681648 -0.0167891 -0.0053268 0.10300514 
0.05839362 -0.0421809 1.03327697 0.09656520 -0.1173258 
0.02636391 -0.0015932 -0.2946719 1.03660529 0.11165608 

1.11090762 0.02500656 0.01204838 -0.0035791 -0.1268345 
-0.0309279 1.00782910 -0.0823476 0.03553941 0.08222141 
0.01640659 -0.1075112 0.93640351 0.08408092 0.03900145 
-0.0119587 0.06487402 -0.2475950 0.79765518 -0.0613390 

0.90648814 0.04173786 0.09958624 0.08089658 -0.0019431 
-0.0059699 1.01219891 0.02861259 0.05633936 0.03333490 
0.10183686 0.00854098 1.00241352 0.03272665 0.00772845 
0.04714405 0.04625000 -0.3321467 0.87541881 0.02357506 

0.96877967 0.08954219 0.04715580 0.03396055 -0.0058788 
0.04083249 0.98723976 0.09419450 0.05344387 0.06951683 
0.04402503 0.08115682 0.87869221 0.07976701 0.00232559 
0.01836591 0.02262349 -0.2144529 0.96164853 -0.0178028 

0.88830927 0.04295201 -0.0115099 0.02386474 -0.0452354 
-0.0043290 0.91027865 0.00647229 -0.0342364 0.02056169 
-0.0104906 0.00084084 0.99026279 -0.0201191 -0.0508900 
0.02824875 -0.0508010 -0.3182645 0.92399809 0.12236931 

1.05934002 0.04817108 -0.0695707 0.01604746 -0.0084805 
-0.0003418 0.97600748 0.01894853 0.02867690 0.03985222 
-0.0697487 0.03011573 0.95772585 0.12374692 -0.0140436 
0.03336288 0.00532398 -0.2068114 0.91585308 0.06870057 

0.99399167 0.02202611 0.04192421 -0.0503017 0.03807708 
-0.0263878 0.95742515 -0.0571789 -0.0062246 0.09882157 
0.04081812 -0.0205086 1.02342879 0.12597554 0.04707558 
-0.0653108 -0.0047229 -0.3233929 0.90889892 0.03427780 

0.93605850 0.03984824 0.00178593 -0.0280611 -0.0477803 
-0.0095368 0.93394011 -0.0423131 -0.0609449 0.04806326 
0.00034092 0.03446406 0.95502083 0.03332825 -0.0963366 
-0.0279712 -0.0956000 -0.5786521 1.09412302 0.16238960 

0.94653937 -0.0107140 0.04663930 0.07882800 0.01156749 
-0.0667840 1.01183002 -0.0642971 -0.0636451 0.09293048 
0.04974684 0.05668599 0.99203681 0.01061945 -0.0083281 
0.04278784 -0.1145084 -0.8880788 1.08458890 0.08509533 

0.92528965 0.06485423 -0.0189268 0.00176860 0.01250139 
0.02119514 0.92684071 -0.1691704 0.00714457 -0.0516208 
-0.0141414 -0.0004866 1.13914336 0.08560268 -0.0093682 
0.01713437 0.01668286 -1.1390654 0.93434531 0.10504320 

1.05341682 0.09161713 -0.0829317 -0.0812752 0.00572764 
0.05691337 0.92146258 -0.1138126 -0.0590688 -0.0027549 
-0.0819115 0.00550808 1.03091785 0.19373329 0.00991762 
-0.0001879 -0.0319894 -0.8259068 0.92990063 0.11906045 

0.95686142 0.04845287 0.01270291 -0.0327545 -0.0613645 
0.00049589 0.90362021 -0.1201230 0.00923806 0.07256073 
0.01564226 -0.0617967 1.04173166 0.04447769 -0.0055028 
-0.0455379 0.07374713 -0.6469076 1.03298546 0.06803012 

1.05250634 -0.0497570 0.11292499 -0.0267319 0.03061307 
-0.0994272 1.03737931 -0.1109648 -0.0386467 0.04188729 
0.11677696 -0.1137808 1.03011778 0.06234459 0.04934734 
-0.0493396 0.01175119 -0.2075675 0.91705602 -0.0281506 

1.07266362 -0.0043441 0.06884651 0.01301511 0.04236132 
-0.0519461 1.02310847 -0.0218918 -0.0948041 0.01299265 
0.07171402 -0.0524787 0.93079237 0.02320574 0.01200317 
0.02628010 -0.0742072 0.07175079 1.05596331 -0.0110671 

1.00118090 0.00140696 0.03810453 -0.0357252 -0.0120128 
-0.0482786 1.01831165 0.03711202 -0.0062137 0.05399583 
0.03551431 0.00746963 0.97395374 0.01094314 -0.0013775 
-0.0219644 0.01932142 0.34321188 0.92079374 -0.0949329 

1.00052634 0.02976445 -0.0090642 0.07646164 0.08376197 
-0.0186956 1.01680357 0.08058311 -0.0568565 -0.0002273 
-0.0090195 0.06293880 0.98356820 0.02164812 -0.1113098 
0.07043845 -0.0007996 0.52652981 1.06970764 -0.1082898 

0.92362197 0.09666895 0.04042342 -0.0603861 -0.0263253 
0.05140385 0.90574209 0.02663339 -0.0561100 -0.0005215 
0.03695430 0.01522085 1.10636826 0.06324401 -0.0604487 
-0.0334559 -0.0280232 0.71651585 1.12631998 -0.1077543 

1.02850373 0.10165446 0.04708028 0.01693848 -0.0127644 
0.05091304 0.99970849 0.00700033 -0.0245675 0.05694639 
0.04839931 0.00477825 1.11064394 0.05222273 -0.0049603 
0.05114194 -0.0099178 0.75752985 0.96770338 -0.1121854 

0.99017594 0.10710514 0.04045753 -0.0151030 -0.0294098 
0.05677316 0.97477603 0.01607798 -0.0580408 0.08885207 
0.03951413 0.02050821 0.95977783 0.07943199 -0.0612451 
0.01615007 -0.0343604 0.67480537 0.99101250 -0.1451097 

0.98121235 0.01731121 0.08217634 0.06559637 -0.0560895 
-0.0349122 0.96864172 -0.0112952 0.04275920 0.04054920 
0.08701475 0.00157722 0.99625701 0.09704958 -0.0854382 
0.12162641 0.04579283 0.67317857 1.07645940 -0.0261766 

1.02832431 0.07835883 0.03094959 -0.0770724 -0.0305729 
0.03102945 0.92071797 -0.0105750 -0.0999079 -0.0090104 
0.02797584 -0.0037179 0.92948463 0.06449805 -0.1093741 
-0.0543913 -0.0908790 0.54597290 1.13917439 -0.1855353 

1.07933561 0.01367852 -0.0210594 -0.0308908 -0.0510354 
-0.0359273 0.94462650 0.06503072 -0.0484339 0.02390031 
-0.0262608 0.07418961 1.09610453 -0.0324453 -0.0177515 
-0.0373290 -0.0076992 0.50320277 1.08455916 0.00177952 

1.01420890 0.01423286 0.04084100 0.03196956 -0.0509461 
-0.0399825 1.02349220 -0.0652632 -0.0296583 0.09504802 
0.04625718 -0.0619295 0.98072603 0.11085207 0.07042429 
0.05990671 -0.0649124 0.53768054 1.04225367 0.00720688 
