0.00000000 -0.0076218 -0.0340028 -0.0936457 -0.1978304 -0.3480362 -0.5450337 -0.7792174 -1.0433213 -1.3240653 -1.5981688 -1.8467009 -2.0476114 -2.1882108 -2.2640120 -2.2768988 -2.2356819 -2.1382299 -1.9751427 -1.7493499 -1.4747993 -1.1755464 -0.8903705 -0.6576580 -0.4807793 -0.3446146 -0.2374816 -0.1438926 -0.0592739 0.00389511 0.02270399 
0.00000000 -0.1523057 -0.3748710 -0.8169286 -1.2649141 -1.7368870 -2.2011322 -2.4821597 -2.8000019 -2.8148053 -2.6661560 -2.3036327 -1.7187585 -1.1062311 -0.4215061 0.16583571 0.66737523 1.28781892 1.97445684 2.53623738 2.94586917 3.03169112 2.67537507 2.00884865 1.55278722 1.15962341 0.96556795 0.89845200 0.79205304 0.47135673 -0.0948621 
0.00000000 -0.0110254 -0.0476111 -0.1254598 -0.2493862 -0.4026833 -0.5626187 -0.6927941 -0.7656175 -0.7575144 -0.6444160 -0.4157843 -0.0666747 0.37764087 0.85571211 1.28806852 1.60787693 1.78210221 1.79660717 1.65125042 1.35755428 0.93054667 0.37515354 -0.3009185 -1.0116348 -1.6373766 -2.1237439 -2.4798549 -2.7370840 -2.9079705 -2.9813997 
0.00000000 -0.2176386 -0.5046373 -1.0315782 -1.4129242 -1.6099112 -1.5446032 -1.0284883 -0.4116574 0.57223518 1.67292727 2.86392917 4.04383872 4.71112208 4.70018914 3.84598207 2.50415069 0.95858239 -0.6701490 -2.2215484 -3.6195436 -4.8748042 -6.1531209 -7.1739055 -6.8354487 -5.5886984 -4.1448282 -3.0229489 -2.1695033 -1.2834511 -0.2012653 
0.00000000 -0.0076218 -0.0340028 -0.0936457 -0.1978304 -0.3480362 -0.5450337 -0.7792174 -1.0433213 -1.3240653 -1.5981688 -1.8467009 -2.0476114 -2.1882108 -2.2640120 -2.2768988 -2.2356819 -2.1382299 -1.9751427 -1.7493499 -1.4747993 -1.1755464 -0.8903705 -0.6576580 -0.4807793 -0.3446146 -0.2374816 -0.1438926 -0.0592739 0.00389511 0.02270399 
0.00000000 -0.1523057 -0.3748710 -0.8169286 -1.2649141 -1.7368870 -2.2011322 -2.4821597 -2.8000019 -2.8148053 -2.6661560 -2.3036327 -1.7187585 -1.1062311 -0.4215061 0.16583571 0.66737523 1.28781892 1.97445684 2.53623738 2.94586917 3.03169112 2.67537507 2.00884865 1.55278722 1.15962341 0.96556795 0.89845200 0.79205304 0.47135673 -0.0948621 
0.00000000 -0.0110254 -0.0476111 -0.1254598 -0.2493862 -0.4026833 -0.5626187 -0.6927941 -0.7656175 -0.7575144 -0.6444160 -0.4157843 -0.0666747 0.37764087 0.85571211 1.28806852 1.60787693 1.78210221 1.79660717 1.65125042 1.35755428 0.93054667 0.37515354 -0.3009185 -1.0116348 -1.6373766 -2.1237439 -2.4798549 -2.7370840 -2.9079705 -2.9813997 
0.00000000 -0.2176386 -0.5046373 -1.0315782 -1.4129242 -1.6099112 -1.5446032 -1.0284883 -0.4116574 0.57223518 1.67292727 2.86392917 4.04383872 4.71112208 4.70018914 3.84598207 2.50415069 0.95858239 -0.6701490 -2.2215484 -3.6195436 -4.8748042 -6.1531209 -7.1739055 -6.8354487 -5.5886984 -4.1448282 -3.0229489 -2.1695033 -1.2834511 -0.2012653 
0.00000000 -0.0076218 -0.0340028 -0.0936457 -0.1978304 -0.3480362 -0.5450337 -0.7792174 -1.0433213 -1.3240653 -1.5981688 -1.8467009 -2.0476114 -2.1882108 -2.2640120 -2.2768988 -2.2356819 -2.1382299 -1.9751427 -1.7493499 -1.4747993 -1.1755464 -0.8903705 -0.6576580 -0.4807793 -0.3446146 -0.2374816 -0.1438926 -0.0592739 0.00389511 0.02270399 
0.00000000 -0.1523057 -0.3748710 -0.8169286 -1.2649141 -1.7368870 -2.2011322 -2.4821597 -2.8000019 -2.8148053 -2.6661560 -2.3036327 -1.7187585 -1.1062311 -0.4215061 0.16583571 0.66737523 1.28781892 1.97445684 2.53623738 2.94586917 3.03169112 2.67537507 2.00884865 1.55278722 1.15962341 0.96556795 0.89845200 0.79205304 0.47135673 -0.0948621 
0.00000000 -0.0110254 -0.0476111 -0.1254598 -0.2493862 -0.4026833 -0.5626187 -0.6927941 -0.7656175 -0.7575144 -0.6444160 -0.4157843 -0.0666747 0.37764087 0.85571211 1.28806852 1.60787693 1.78210221 1.79660717 1.65125042 1.35755428 0.93054667 0.37515354 -0.3009185 -1.0116348 -1.6373766 -2.1237439 -2.4798549 -2.7370840 -2.9079705 -2.9813997 
0.00000000 -0.2176386 -0.5046373 -1.0315782 -1.4129242 -1.6099112 -1.5446032 -1.0284883 -0.4116574 0.57223518 1.67292727 2.86392917 4.04383872 4.71112208 4.70018914 3.84598207 2.50415069 0.95858239 -0.6701490 -2.2215484 -3.6195436 -4.8748042 -6.1531209 -7.1739055 -6.8354487 -5.5886984 -4.1448282 -3.0229489 -2.1695033 -1.2834511 -0.2012653 
0.00000000 -0.0076218 -0.0340028 -0.0936457 -0.1978304 -0.3480362 -0.5450337 -0.7792174 -1.0433213 -1.3240653 -1.5981688 -1.8467009 -2.0476114 -2.1882108 -2.2640120 -2.2768988 -2.2356819 -2.1382299 -1.9751427 -1.7493499 -1.4747993 -1.1755464 -0.8903705 -0.6576580 -0.4807793 -0.3446146 -0.2374816 -0.1438926 -0.0592739 0.00389511 0.02270399 
0.00000000 -0.1523057 -0.3748710 -0.8169286 -1.2649141 -1.7368870 -2.2011322 -2.4821597 -2.8000019 -2.8148053 -2.6661560 -2.3036327 -1.7187585 -1.1062311 -0.4215061 0.16583571 0.66737523 1.28781892 1.97445684 2.53623738 2.94586917 3.03169112 2.67537507 2.00884865 1.55278722 1.15962341 0.96556795 0.89845200 0.79205304 0.47135673 -0.0948621 
0.00000000 -0.0110254 -0.0476111 -0.1254598 -0.2493862 -0.4026833 -0.5626187 -0.6927941 -0.7656175 -0.7575144 -0.6444160 -0.4157843 -0.0666747 0.37764087 0.85571211 1.28806852 1.60787693 1.78210221 1.79660717 1.65125042 1.35755428 0.93054667 0.37515354 -0.3009185 -1.0116348 -1.6373766 -2.1237439 -2.4798549 -2.7370840 -2.9079705 -2.9813997 
0.00000000 -0.2176386 -0.5046373 -1.0315782 -1.4129242 -1.6099112 -1.5446032 -1.0284883 -0.4116574 0.57223518 1.67292727 2.86392917 4.04383872 4.71112208 4.70018914 3.84598207 2.50415069 0.95858239 -0.6701490 -2.2215484 -3.6195436 -4.8748042 -6.1531209 -7.1739055 -6.8354487 -5.5886984 -4.1448282 -3.0229489 -2.1695033 -1.2834511 -0.2012653 
0.00000000 -0.0076218 -0.0340028 -0.0936457 -0.1978304 -0.3480362 -0.5450337 -0.7792174 -1.0433213 -1.3240653 -1.5981688 -1.8467009 -2.0476114 -2.1882108 -2.2640120 -2.2768988 -2.2356819 -2.1382299 -1.9751427 -1.7493499 -1.4747993 -1.1755464 -0.8903705 -0.6576580 -0.4807793 -0.3446146 -0.2374816 -0.1438926 -0.0592739 0.00389511 0.02270399 
0.00000000 -0.1523057 -0.3748710 -0.8169286 -1.2649141 -1.7368870 -2.2011322 -2.4821597 -2.8000019 -2.8148053 -2.6661560 -2.3036327 -1.7187585 -1.1062311 -0.4215061 0.16583571 0.66737523 1.28781892 1.97445684 2.53623738 2.94586917 3.03169112 2.67537507 2.00884865 1.55278722 1.15962341 0.96556795 0.89845200 0.79205304 0.47135673 -0.0948621 
0.00000000 -0.0110254 -0.0476111 -0.1254598 -0.2493862 -0.4026833 -0.5626187 -0.6927941 -0.7656175 -0.7575144 -0.6444160 -0.4157843 -0.0666747 0.37764087 0.85571211 1.28806852 1.60787693 1.78210221 1.79660717 1.65125042 1.35755428 0.93054667 0.37515354 -0.3009185 -1.0116348 -1.6373766 -2.1237439 -2.4798549 -2.7370840 -2.9079705 -2.9813997 
0.00000000 -0.2176386 -0.5046373 -1.0315782 -1.4129242 -1.6099112 -1.5446032 -1.0284883 -0.4116574 0.57223518 1.67292727 2.86392917 4.04383872 4.71112208 4.70018914 3.84598207 2.50415069 0.95858239 -0.6701490 -2.2215484 -3.6195436 -4.8748042 -6.1531209 -7.1739055 -6.8354487 -5.5886984 -4.1448282 -3.0229489 -2.1695033 -1.2834511 -0.2012653 
0.00000000 -0.0076218 -0.0340028 -0.0936457 -0.1978304 -0.3480362 -0.5450337 -0.7792174 -1.0433213 -1.3240653 -1.5981688 -1.8467009 -2.0476114 -2.1882108 -2.2640120 -2.2768988 -2.2356819 -2.1382299 -1.9751427 -1.7493499 -1.4747993 -1.1755464 -0.8903705 -0.6576580 -0.4807793 -0.3446146 -0.2374816 -0.1438926 -0.0592739 0.00389511 0.02270399 
0.00000000 -0.1523057 -0.3748710 -0.8169286 -1.2649141 -1.7368870 -2.2011322 -2.4821597 -2.8000019 -2.8148053 -2.6661560 -2.3036327 -1.7187585 -1.1062311 -0.4215061 0.16583571 0.66737523 1.28781892 1.97445684 2.53623738 2.94586917 3.03169112 2.67537507 2.00884865 1.55278722 1.15962341 0.96556795 0.89845200 0.79205304 0.47135673 -0.0948621 
0.00000000 -0.0110254 -0.0476111 -0.1254598 -0.2493862 -0.4026833 -0.5626187 -0.6927941 -0.7656175 -0.7575144 -0.6444160 -0.4157843 -0.0666747 0.37764087 0.85571211 1.28806852 1.60787693 1.78210221 1.79660717 1.65125042 1.35755428 0.93054667 0.37515354 -0.3009185 -1.0116348 -1.6373766 -2.1237439 -2.4798549 -2.7370840 -2.9079705 -2.9813997 
0.00000000 -0.2176386 -0.5046373 -1.0315782 -1.4129242 -1.6099112 -1.5446032 -1.0284883 -0.4116574 0.57223518 1.67292727 2.86392917 4.04383872 4.71112208 4.70018914 3.84598207 2.50415069 0.95858239 -0.6701490 -2.2215484 -3.6195436 -4.8748042 -6.1531209 -7.1739055 -6.8354487 -5.5886984 -4.1448282 -3.0229489 -2.1695033 -1.2834511 -0.2012653 
0.00000000 -0.0076218 -0.0340028 -0.0936457 -0.1978304 -0.3480362 -0.5450337 -0.7792174 -1.0433213 -1.3240653 -1.5981688 -1.8467009 -2.0476114 -2.1882108 -2.2640120 -2.2768988 -2.2356819 -2.1382299 -1.9751427 -1.7493499 -1.4747993 -1.1755464 -0.8903705 -0.6576580 -0.4807793 -0.3446146 -0.2374816 -0.1438926 -0.0592739 0.00389511 0.02270399 
0.00000000 -0.1523057 -0.3748710 -0.8169286 -1.2649141 -1.7368870 -2.2011322 -2.4821597 -2.8000019 -2.8148053 -2.6661560 -2.3036327 -1.7187585 -1.1062311 -0.4215061 0.16583571 0.66737523 1.28781892 1.97445684 2.53623738 2.94586917 3.03169112 2.67537507 2.00884865 1.55278722 1.15962341 0.96556795 0.89845200 0.79205304 0.47135673 -0.0948621 
0.00000000 -0.0110254 -0.0476111 -0.1254598 -0.2493862 -0.4026833 -0.5626187 -0.6927941 -0.7656175 -0.7575144 -0.6444160 -0.4157843 -0.0666747 0.37764087 0.85571211 1.28806852 1.60787693 1.78210221 1.79660717 1.65125042 1.35755428 0.93054667 0.37515354 -0.3009185 -1.0116348 -1.6373766 -2.1237439 -2.4798549 -2.7370840 -2.9079705 -2.9813997 
0.00000000 -0.2176386 -0.5046373 -1.0315782 -1.4129242 -1.6099112 -1.5446032 -1.0284883 -0.4116574 0.57223518 1.67292727 2.86392917 4.04383872 4.71112208 4.70018914 3.84598207 2.50415069 0.95858239 -0.6701490 -2.2215484 -3.6195436 -4.8748042 -6.1531209 -7.1739055 -6.8354487 -5.5886984 -4.1448282 -3.0229489 -2.1695033 -1.2834511 -0.2012653 
0.00000000 -0.0076218 -0.0340028 -0.0936457 -0.1978304 -0.3480362 -0.5450337 -0.7792174 -1.0433213 -1.3240653 -1.5981688 -1.8467009 -2.0476114 -2.1882108 -2.2640120 -2.2768988 -2.2356819 -2.1382299 -1.9751427 -1.7493499 -1.4747993 -1.1755464 -0.8903705 -0.6576580 -0.4807793 -0.3446146 -0.2374816 -0.1438926 -0.0592739 0.00389511 0.02270399 
0.00000000 -0.1523057 -0.3748710 -0.8169286 -1.2649141 -1.7368870 -2.2011322 -2.4821597 -2.8000019 -2.8148053 -2.6661560 -2.3036327 -1.7187585 -1.1062311 -0.4215061 0.16583571 0.66737523 1.28781892 1.97445684 2.53623738 2.94586917 3.03169112 2.67537507 2.00884865 1.55278722 1.15962341 0.96556795 0.89845200 0.79205304 0.47135673 -0.0948621 
0.00000000 -0.0110254 -0.0476111 -0.1254598 -0.2493862 -0.4026833 -0.5626187 -0.6927941 -0.7656175 -0.7575144 -0.6444160 -0.4157843 -0.0666747 0.37764087 0.85571211 1.28806852 1.60787693 1.78210221 1.79660717 1.65125042 1.35755428 0.93054667 0.37515354 -0.3009185 -1.0116348 -1.6373766 -2.1237439 -2.4798549 -2.7370840 -2.9079705 -2.9813997 
0.00000000 -0.2176386 -0.5046373 -1.0315782 -1.4129242 -1.6099112 -1.5446032 -1.0284883 -0.4116574 0.57223518 1.67292727 2.86392917 4.04383872 4.71112208 4.70018914 3.84598207 2.50415069 0.95858239 -0.6701490 -2.2215484 -3.6195436 -4.8748042 -6.1531209 -7.1739055 -6.8354487 -5.5886984 -4.1448282 -3.0229489 -2.1695033 -1.2834511 -0.2012653 
0.00000000 -0.0076218 -0.0340028 -0.0936457 -0.1978304 -0.3480362 -0.5450337 -0.7792174 -1.0433213 -1.3240653 -1.5981688 -1.8467009 -2.0476114 -2.1882108 -2.2640120 -2.2768988 -2.2356819 -2.1382299 -1.9751427 -1.7493499 -1.4747993 -1.1755464 -0.8903705 -0.6576580 -0.4807793 -0.3446146 -0.2374816 -0.1438926 -0.0592739 0.00389511 0.02270399 
0.00000000 -0.1523057 -0.3748710 -0.8169286 -1.2649141 -1.7368870 -2.2011322 -2.4821597 -2.8000019 -2.8148053 -2.6661560 -2.3036327 -1.7187585 -1.1062311 -0.4215061 0.16583571 0.66737523 1.28781892 1.97445684 2.53623738 2.94586917 3.03169112 2.67537507 2.00884865 1.55278722 1.15962341 0.96556795 0.89845200 0.79205304 0.47135673 -0.0948621 
0.00000000 -0.0110254 -0.0476111 -0.1254598 -0.2493862 -0.4026833 -0.5626187 -0.6927941 -0.7656175 -0.7575144 -0.6444160 -0.4157843 -0.0666747 0.37764087 0.85571211 1.28806852 1.60787693 1.78210221 1.79660717 1.65125042 1.35755428 0.93054667 0.37515354 -0.3009185 -1.0116348 -1.6373766 -2.1237439 -2.4798549 -2.7370840 -2.9079705 -2.9813997 
0.00000000 -0.2176386 -0.5046373 -1.0315782 -1.4129242 -1.6099112 -1.5446032 -1.0284883 -0.4116574 0.57223518 1.67292727 2.86392917 4.04383872 4.71112208 4.70018914 3.84598207 2.50415069 0.95858239 -0.6701490 -2.2215484 -3.6195436 -4.8748042 -6.1531209 -7.1739055 -6.8354487 -5.5886984 -4.1448282 -3.0229489 -2.1695033 -1.2834511 -0.2012653 
0.00000000 -0.0076218 -0.0340028 -0.0936457 -0.1978304 -0.3480362 -0.5450337 -0.7792174 -1.0433213 -1.3240653 -1.5981688 -1.8467009 -2.0476114 -2.1882108 -2.2640120 -2.2768988 -2.2356819 -2.1382299 -1.9751427 -1.7493499 -1.4747993 -1.1755464 -0.8903705 -0.6576580 -0.4807793 -0.3446146 -0.2374816 -0.1438926 -0.0592739 0.00389511 0.02270399 
0.00000000 -0.1523057 -0.3748710 -0.8169286 -1.2649141 -1.7368870 -2.2011322 -2.4821597 -2.8000019 -2.8148053 -2.6661560 -2.3036327 -1.7187585 -1.1062311 -0.4215061 0.16583571 0.66737523 1.28781892 1.97445684 2.53623738 2.94586917 3.03169112 2.67537507 2.00884865 1.55278722 1.15962341 0.96556795 0.89845200 0.79205304 0.47135673 -0.0948621 
0.00000000 -0.0110254 -0.0476111 -0.1254598 -0.2493862 -0.4026833 -0.5626187 -0.6927941 -0.7656175 -0.7575144 -0.6444160 -0.4157843 -0.0666747 0.37764087 0.85571211 1.28806852 1.60787693 1.78210221 1.79660717 1.65125042 1.35755428 0.93054667 0.37515354 -0.3009185 -1.0116348 -1.6373766 -2.1237439 -2.4798549 -2.7370840 -2.9079705 -2.9813997 
0.00000000 -0.2176386 -0.5046373 -1.0315782 -1.4129242 -1.6099112 -1.5446032 -1.0284883 -0.4116574 0.57223518 1.67292727 2.86392917 4.04383872 4.71112208 4.70018914 3.84598207 2.50415069 0.95858239 -0.6701490 -2.2215484 -3.6195436 -4.8748042 -6.1531209 -7.1739055 -6.8354487 -5.5886984 -4.1448282 -3.0229489 -2.1695033 -1.2834511 -0.2012653 
0.00000000 -0.0076218 -0.0340028 -0.0936457 -0.1978304 -0.3480362 -0.5450337 -0.7792174 -1.0433213 -1.3240653 -1.5981688 -1.8467009 -2.0476114 -2.1882108 -2.2640120 -2.2768988 -2.2356819 -2.1382299 -1.9751427 -1.7493499 -1.4747993 -1.1755464 -0.8903705 -0.6576580 -0.4807793 -0.3446146 -0.2374816 -0.1438926 -0.0592739 0.00389511 0.02270399 
0.00000000 -0.1523057 -0.3748710 -0.8169286 -1.2649141 -1.7368870 -2.2011322 -2.4821597 -2.8000019 -2.8148053 -2.6661560 -2.3036327 -1.7187585 -1.1062311 -0.4215061 0.16583571 0.66737523 1.28781892 1.97445684 2.53623738 2.94586917 3.03169112 2.67537507 2.00884865 1.55278722 1.15962341 0.96556795 0.89845200 0.79205304 0.47135673 -0.0948621 
0.00000000 -0.0110254 -0.0476111 -0.1254598 -0.2493862 -0.4026833 -0.5626187 -0.6927941 -0.7656175 -0.7575144 -0.6444160 -0.4157843 -0.0666747 0.37764087 0.85571211 1.28806852 1.60787693 1.78210221 1.79660717 1.65125042 1.35755428 0.93054667 0.37515354 -0.3009185 -1.0116348 -1.6373766 -2.1237439 -2.4798549 -2.7370840 -2.9079705 -2.9813997 
0.00000000 -0.2176386 -0.5046373 -1.0315782 -1.4129242 -1.6099112 -1.5446032 -1.0284883 -0.4116574 0.57223518 1.67292727 2.86392917 4.04383872 4.71112208 4.70018914 3.84598207 2.50415069 0.95858239 -0.6701490 -2.2215484 -3.6195436 -4.8748042 -6.1531209 -7.1739055 -6.8354487 -5.5886984 -4.1448282 -3.0229489 -2.1695033 -1.2834511 -0.2012653 
0.00000000 -0.0076218 -0.0340028 -0.0936457 -0.1978304 -0.3480362 -0.5450337 -0.7792174 -1.0433213 -1.3240653 -1.5981688 -1.8467009 -2.0476114 -2.1882108 -2.2640120 -2.2768988 -2.2356819 -2.1382299 -1.9751427 -1.7493499 -1.4747993 -1.1755464 -0.8903705 -0.6576580 -0.4807793 -0.3446146 -0.2374816 -0.1438926 -0.0592739 0.00389511 0.02270399 
0.00000000 -0.1523057 -0.3748710 -0.8169286 -1.2649141 -1.7368870 -2.2011322 -2.4821597 -2.8000019 -2.8148053 -2.6661560 -2.3036327 -1.7187585 -1.1062311 -0.4215061 0.16583571 0.66737523 1.28781892 1.97445684 2.53623738 2.94586917 3.03169112 2.67537507 2.00884865 1.55278722 1.15962341 0.96556795 0.89845200 0.79205304 0.47135673 -0.0948621 
0.00000000 -0.0110254 -0.0476111 -0.1254598 -0.2493862 -0.4026833 -0.5626187 -0.6927941 -0.7656175 -0.7575144 -0.6444160 -0.4157843 -0.0666747 0.37764087 0.85571211 1.28806852 1.60787693 1.78210221 1.79660717 1.65125042 1.35755428 0.93054667 0.37515354 -0.3009185 -1.0116348 -1.6373766 -2.1237439 -2.4798549 -2.7370840 -2.9079705 -2.9813997 
0.00000000 -0.2176386 -0.5046373 -1.0315782 -1.4129242 -1.6099112 -1.5446032 -1.0284883 -0.4116574 0.57223518 1.67292727 2.86392917 4.04383872 4.71112208 4.70018914 3.84598207 2.50415069 0.95858239 -0.6701490 -2.2215484 -3.6195436 -4.8748042 -6.1531209 -7.1739055 -6.8354487 -5.5886984 -4.1448282 -3.0229489 -2.1695033 -1.2834511 -0.2012653 
0.00000000 -0.0076218 -0.0340028 -0.0936457 -0.1978304 -0.3480362 -0.5450337 -0.7792174 -1.0433213 -1.3240653 -1.5981688 -1.8467009 -2.0476114 -2.1882108 -2.2640120 -2.2768988 -2.2356819 -2.1382299 -1.9751427 -1.7493499 -1.4747993 -1.1755464 -0.8903705 -0.6576580 -0.4807793 -0.3446146 -0.2374816 -0.1438926 -0.0592739 0.00389511 0.02270399 
0.00000000 -0.1523057 -0.3748710 -0.8169286 -1.2649141 -1.7368870 -2.2011322 -2.4821597 -2.8000019 -2.8148053 -2.6661560 -2.3036327 -1.7187585 -1.1062311 -0.4215061 0.16583571 0.66737523 1.28781892 1.97445684 2.53623738 2.94586917 3.03169112 2.67537507 2.00884865 1.55278722 1.15962341 0.96556795 0.89845200 0.79205304 0.47135673 -0.0948621 
0.00000000 -0.0110254 -0.0476111 -0.1254598 -0.2493862 -0.4026833 -0.5626187 -0.6927941 -0.7656175 -0.7575144 -0.6444160 -0.4157843 -0.0666747 0.37764087 0.85571211 1.28806852 1.60787693 1.78210221 1.79660717 1.65125042 1.35755428 0.93054667 0.37515354 -0.3009185 -1.0116348 -1.6373766 -2.1237439 -2.4798549 -2.7370840 -2.9079705 -2.9813997 
0.00000000 -0.2176386 -0.5046373 -1.0315782 -1.4129242 -1.6099112 -1.5446032 -1.0284883 -0.4116574 0.57223518 1.67292727 2.86392917 4.04383872 4.71112208 4.70018914 3.84598207 2.50415069 0.95858239 -0.6701490 -2.2215484 -3.6195436 -4.8748042 -6.1531209 -7.1739055 -6.8354487 -5.5886984 -4.1448282 -3.0229489 -2.1695033 -1.2834511 -0.2012653 
0.00000000 -0.0076218 -0.0340028 -0.0936457 -0.1978304 -0.3480362 -0.5450337 -0.7792174 -1.0433213 -1.3240653 -1.5981688 -1.8467009 -2.0476114 -2.1882108 -2.2640120 -2.2768988 -2.2356819 -2.1382299 -1.9751427 -1.7493499 -1.4747993 -1.1755464 -0.8903705 -0.6576580 -0.4807793 -0.3446146 -0.2374816 -0.1438926 -0.0592739 0.00389511 0.02270399 
0.00000000 -0.1523057 -0.3748710 -0.8169286 -1.2649141 -1.7368870 -2.2011322 -2.4821597 -2.8000019 -2.8148053 -2.6661560 -2.3036327 -1.7187585 -1.1062311 -0.4215061 0.16583571 0.66737523 1.28781892 1.97445684 2.53623738 2.94586917 3.03169112 2.67537507 2.00884865 1.55278722 1.15962341 0.96556795 0.89845200 0.79205304 0.47135673 -0.0948621 
0.00000000 -0.0110254 -0.0476111 -0.1254598 -0.2493862 -0.4026833 -0.5626187 -0.6927941 -0.7656175 -0.7575144 -0.6444160 -0.4157843 -0.0666747 0.37764087 0.85571211 1.28806852 1.60787693 1.78210221 1.79660717 1.65125042 1.35755428 0.93054667 0.37515354 -0.3009185 -1.0116348 -1.6373766 -2.1237439 -2.4798549 -2.7370840 -2.9079705 -2.9813997 
0.00000000 -0.2176386 -0.5046373 -1.0315782 -1.4129242 -1.6099112 -1.5446032 -1.0284883 -0.4116574 0.57223518 1.67292727 2.86392917 4.04383872 4.71112208 4.70018914 3.84598207 2.50415069 0.95858239 -0.6701490 -2.2215484 -3.6195436 -4.8748042 -6.1531209 -7.1739055 -6.8354487 -5.5886984 -4.1448282 -3.0229489 -2.1695033 -1.2834511 -0.2012653 
0.00000000 -0.0076218 -0.0340028 -0.0936457 -0.1978304 -0.3480362 -0.5450337 -0.7792174 -1.0433213 -1.3240653 -1.5981688 -1.8467009 -2.0476114 -2.1882108 -2.2640120 -2.2768988 -2.2356819 -2.1382299 -1.9751427 -1.7493499 -1.4747993 -1.1755464 -0.8903705 -0.6576580 -0.4807793 -0.3446146 -0.2374816 -0.1438926 -0.0592739 0.00389511 0.02270399 
0.00000000 -0.1523057 -0.3748710 -0.8169286 -1.2649141 -1.7368870 -2.2011322 -2.4821597 -2.8000019 -2.8148053 -2.6661560 -2.3036327 -1.7187585 -1.1062311 -0.4215061 0.16583571 0.66737523 1.28781892 1.97445684 2.53623738 2.94586917 3.03169112 2.67537507 2.00884865 1.55278722 1.15962341 0.96556795 0.89845200 0.79205304 0.47135673 -0.0948621 
0.00000000 -0.0110254 -0.0476111 -0.1254598 -0.2493862 -0.4026833 -0.5626187 -0.6927941 -0.7656175 -0.7575144 -0.6444160 -0.4157843 -0.0666747 0.37764087 0.85571211 1.28806852 1.60787693 1.78210221 1.79660717 1.65125042 1.35755428 0.93054667 0.37515354 -0.3009185 -1.0116348 -1.6373766 -2.1237439 -2.4798549 -2.7370840 -2.9079705 -2.9813997 
0.00000000 -0.2176386 -0.5046373 -1.0315782 -1.4129242 -1.6099112 -1.5446032 -1.0284883 -0.4116574 0.57223518 1.67292727 2.86392917 4.04383872 4.71112208 4.70018914 3.84598207 2.50415069 0.95858239 -0.6701490 -2.2215484 -3.6195436 -4.8748042 -6.1531209 -7.1739055 -6.8354487 -5.5886984 -4.1448282 -3.0229489 -2.1695033 -1.2834511 -0.2012653 
0.0000000000000000 -0.007621891117842 -0.034002798158562 -0.093645730564226 -0.197830478252782 -0.348036227491111 -0.545033779949780 -0.779217434219506 -1.043321343490862 -1.324065346096109 -1.598168849334551 -1.846700959899927 -2.047611417915699 -2.188210843926981 -2.264012091865933 -2.276898876637355 -2.235681928085540 -2.138229990625900 -1.975142707410575 -1.749349977744240 -1.474799340939143 -1.175546461014189 -0.890370535084564 -0.657658084793154 -0.480779338881344 -0.344614670403960 -0.237481664712094 -0.143892624120163 -0.059273938028046 0.0038951073812610 0.0227039864142275 
0.0000000000000000 -0.152305756990033 -0.374871010183347 -0.816928666583191 -1.264914116294780 -1.736887069781329 -2.201132236513091 -2.482159739606953 -2.800001952492824 -2.814805304360733 -2.666156016607611 -2.303632782374330 -1.718758569470817 -1.106231100921492 -0.421506106770915 0.1658357087716884 0.6673752317448133 1.2878189153173538 1.9744568443445731 2.5362373755926657 2.9458691735740090 3.0316911187975544 2.6753750694975791 2.0088486518187327 1.5527872173276347 1.1596234122494657 0.9655679486144164 0.8984519956666615 0.7920530398941480 0.4713567341231322 -0.094862193200051 
0.0000000000000000 -0.011025399320493 -0.047611132253478 -0.125459866054731 -0.249386267316240 -0.402683305129743 -0.562618724554458 -0.692794099120906 -0.765617552322511 -0.757514470527665 -0.644416024018380 -0.415784370037352 -0.066674716978644 0.3776408726563323 0.8557121145138105 1.2880685234083367 1.6078769279434124 1.7821022126557398 1.7966071692443659 1.6512504208571748 1.3575542848201221 0.9305466676011482 0.3751535369086659 -0.300918495629599 -1.011634797505163 -1.637376688841158 -2.123743948084254 -2.479854978343092 -2.737084085679615 -2.907970562432182 -2.981399698134970 
0.0000000000000000 -0.217638640192944 -0.504637316797817 -1.031578209585903 -1.412924281814192 -1.609911218539335 -1.544603288896000 -1.028488330222698 -0.411657453280010 0.5722351825336717 1.6729272652590175 2.8639291709654717 4.0438387221924943 4.7111220764092820 4.7001891350838392 3.8459820651505838 2.5041506912329083 0.9585823906971926 -0.670149014869358 -2.221548486624300 -3.619543684598163 -4.874804265280743 -6.153120917958011 -7.173905528286583 -6.835448721045475 -5.588698426249381 -4.144828233624025 -3.022948915699839 -2.169503331644943 -1.283451141395447 -0.201265325255039 
0.0000000000000000 -0.007621891117842 -0.034002798158562 -0.093645730564226 -0.197830478252782 -0.348036227491111 -0.545033779949780 -0.779217434219506 -1.043321343490862 -1.324065346096109 -1.598168849334551 -1.846700959899927 -2.047611417915699 -2.188210843926981 -2.264012091865933 -2.276898876637355 -2.235681928085540 -2.138229990625900 -1.975142707410575 -1.749349977744240 -1.474799340939143 -1.175546461014189 -0.890370535084564 -0.657658084793154 -0.480779338881344 -0.344614670403960 -0.237481664712094 -0.143892624120163 -0.059273938028046 0.0038951073812610 0.0227039864142275 
0.0000000000000000 -0.152305756990033 -0.374871010183347 -0.816928666583191 -1.264914116294780 -1.736887069781329 -2.201132236513091 -2.482159739606953 -2.800001952492824 -2.814805304360733 -2.666156016607611 -2.303632782374330 -1.718758569470817 -1.106231100921492 -0.421506106770915 0.1658357087716884 0.6673752317448133 1.2878189153173538 1.9744568443445731 2.5362373755926657 2.9458691735740090 3.0316911187975544 2.6753750694975791 2.0088486518187327 1.5527872173276347 1.1596234122494657 0.9655679486144164 0.8984519956666615 0.7920530398941480 0.4713567341231322 -0.094862193200051 
0.0000000000000000 -0.011025399320493 -0.047611132253478 -0.125459866054731 -0.249386267316240 -0.402683305129743 -0.562618724554458 -0.692794099120906 -0.765617552322511 -0.757514470527665 -0.644416024018380 -0.415784370037352 -0.066674716978644 0.3776408726563323 0.8557121145138105 1.2880685234083367 1.6078769279434124 1.7821022126557398 1.7966071692443659 1.6512504208571748 1.3575542848201221 0.9305466676011482 0.3751535369086659 -0.300918495629599 -1.011634797505163 -1.637376688841158 -2.123743948084254 -2.479854978343092 -2.737084085679615 -2.907970562432182 -2.981399698134970 
0.0000000000000000 -0.217638640192944 -0.504637316797817 -1.031578209585903 -1.412924281814192 -1.609911218539335 -1.544603288896000 -1.028488330222698 -0.411657453280010 0.5722351825336717 1.6729272652590175 2.8639291709654717 4.0438387221924943 4.7111220764092820 4.7001891350838392 3.8459820651505838 2.5041506912329083 0.9585823906971926 -0.670149014869358 -2.221548486624300 -3.619543684598163 -4.874804265280743 -6.153120917958011 -7.173905528286583 -6.835448721045475 -5.588698426249381 -4.144828233624025 -3.022948915699839 -2.169503331644943 -1.283451141395447 -0.201265325255039 
