2.69997 4.09693 0.302117 2.99583 

-3.5513 -2.05765 -8.98803 1.66268 

3.01459 3.64854 -3.78466 2.88016 

-0.964969 2.54935 -9.17554 2.05299 

3.79255 4.12758 2.651 3.01756 

0.215455 -1.67608 -8.98714 2.54478 

2.67761 2.61652 -5.98843 2.24617 

-3.59695 2.88294 2.96328 1.25797 

-3.4772 5.0158 27.2997 -2.55897 

-0.209997 5.93403 6.51247 1.87759 

3.63395 9.45143 1.78598 2.28032 

-4.13926 -1.9475 7.2949 4.12767 

-8.74877 1.94316 -5.04184 8.42636 

5.92661 3.70556 -11.8239 1.34218 

0.186872 -3.14847 -12.8826 2.7645 

-2.45238 2.9242 -7.49347 4.29095 

9.71766 5.23586 1.82924 -2.09288 

-2.06259 5.09824 2.55774 -2.72035 

5.52079 5.48221 -6.83331 1.28306 

4.87058 5.87181 30.2065 -3.91744 

-0.37602 9.44739 -11.6645 3.4815 

3.59277 -0.0573752 16.3491 2.50347 

1.65519 4.13272 -11.5688 3.13137 

-2.03609 5.43465 -0.731743 1.94245 

5.69625 6.3152 -1.90965 1.40128 

3.98126 4.76451 -7.91105 -5.50828 

-6.84664 -0.686639 -8.07453 -5.02624 

-1.03535 4.19238 10.8978 3.72347 

6.58735 1.14362 -5.25763 -4.27838 

0.238257 2.20017 -6.62814 -4.57834 

