1.85302 7.82083 5.40559 1.74653 

2.82814 3.22485 -2.73528 4.0571 

0.276911 -0.267771 -14.0414 4.33595 

4.7595 8.52801 9.72671 1.68061 

1.08988 0.270384 -8.55579 3.64235 

0.287416 1.62131 -9.04984 4.5865 

-0.745499 7.07591 5.24388 1.36158 

-1.68701 -1.56777 -20.7223 6.49917 

7.88785 7.68011 9.7721 0.999216 

8.69316 7.50936 -5.28675 3.19175 

1.10396 6.00941 8.98974 1.52174 

0.983215 -0.0742192 -13.654 4.50957 

2.6774 7.31504 3.75598 2.18077 

1.09846 1.2524 -10.5446 3.83676 

-5.60125 -0.524528 -14.9545 5.69407 

4.08727 6.64327 -10.4801 3.10919 

6.0999 9.77727 8.15177 -4.92183 

-1.12938 3.46296 17.4669 -4.89692 

0.0183676 8.14094 -13.4975 -3.85239 

7.69316 5.53779 13.0181 -0.395582 

-4.77365 9.81861 12.9806 0.724526 

3.05298 6.23886 5.25947 3.95706 

-0.218199 0.721704 -20.6959 7.63688 

7.2558 2.50295 2.33499 2.9969 

7.27926 6.07256 1.20956 9.43541 

4.99418 11.3673 20.7442 7.09687 

8.01693 -0.535029 -17.4389 -6.71522 

2.98198 10.7454 9.85197 1.82114 

0.407101 -3.2849 -17.8472 -7.1162 

-0.00210609 4.37624 -8.66132 -7.07719 

