0.563141 6.25524 6.23905 2.02587 

-4.58682 3.25171 9.43033 2.27061 

3.03919 1.07318 -18.3073 5.71519 

-4.96037 2.91668 -2.68226 2.14869 

5.23463 5.82717 2.49873 -0.677462 

-6.0286 2.28855 1.03076 4.17526 

-1.27224 -1.62864 -11.3884 2.89506 

3.80484 8.92468 -2.45006 1.04235 

-4.94478 9.96006 10.9158 0.557763 

2.62817 1.36967 -10.4166 1.26923 

-3.57498 2.49236 -6.87858 4.68013 

3.8988 3.63693 9.74872 0.472197 

-1.69656 3.13443 -6.9177 1.85564 

3.21281 4.9051 -6.15665 1.72372 

-3.67845 3.76556 7.05009 -2.86684 

-0.445789 -2.81248 -11.7753 3.72014 

3.50837 1.09895 -17.6047 6.91938 

5.73427 6.39793 -3.43104 -3.03852 

-3.79574 9.60391 -9.62325 3.43742 

8.58885 1.63522 3.93751 -1.1537 

1.76384 2.34577 13.9036 0.303147 

3.92412 5.54422 -1.42421 1.20357 

-0.33905 0.950043 -7.46357 7.15377 

6.62854 4.59161 -11.8322 3.11596 

3.72242 5.82027 4.08814 6.76591 

5.51048 13.6524 19.0015 4.5078 

-7.7569 -1.5475 -18.8111 -6.35223 

0.982973 1.49661 -15.3565 -6.23431 

-2.37023 3.87401 16.9406 7.47618 

2.34625 6.35784 -4.1513 -4.20767 

