2160.17449
2116.17953
2181.27272
2138.26122
2123.87316
1942.96052
2194.75801
2294.61708
2216.92042
2349.18492
2136.69018
1959.14568
2217.36980
2296.72921
2179.09996
2327.05438
2107.90391
2098.26919
2177.01610
2299.37609
2123.91184
2295.92081
2177.72393
2438.70165
2179.16543
2410.18622
2145.48573
2200.50433
2140.54984
2332.96441
2133.53212
2359.03578
2213.52778
2371.91057
2152.46904
2270.02549
2183.83861
2138.60110
2142.45432
2190.92852
2205.52035
2270.39711
2140.22282
2264.40241
2161.05696
2180.12519
2128.37918
2468.12148
2137.04884
2074.58857
2135.32129
2063.08259
2187.69618
2578.23752
2145.08791
2079.50071
2117.02375
2042.99129
2195.52975
2218.34957
2168.71735
2099.54573
2178.00049
2301.98288
2145.83623
2220.49983
2144.79489
2199.76914
2181.95492
2336.22936
2195.05810
2375.59359
2180.68178
2238.13686
2132.82086
2094.91165
2175.93592
2536.47135
2138.49454
2306.30797
2203.69537
2466.31318
2156.88407
2331.52910
2183.80282
2330.66221
2191.97731
2343.44037
2154.31348
2111.23286
2177.99235
2489.63787
2170.90126
2420.68747
2185.48122
2153.14923
2156.01279
2436.75280
2150.57273
2203.37691
2181.05122
2441.27336
2219.69635
2557.62796
2169.77010
2400.43651
2096.00331
2174.61138
2166.57430
2469.98794
2184.74119
2455.44762
2169.78428
2190.89419
2204.56717
2443.36894
2218.46794
2533.99569
2166.20826
2348.00611
2164.03638
2361.43535
2223.68125
2375.68119
2200.40640
2495.97115
2225.15091
2292.28195
2219.61231
2655.97158
2207.65229
2635.22645
2152.68046
2307.65726
2193.49201
2347.76486
2127.78953
2158.95602
2152.14849
2069.21214
2147.39616
2188.65062
2194.61751
2178.71785
2225.71464
2351.42066
2194.86734
2225.15128
2167.39077
2041.38507
2161.11200
2082.17919
2172.28733
2474.85615
2139.22805
2557.03130
2166.44120
2420.30574
2173.80890
2262.23379
2187.88956
2293.45697
2122.34525
2245.93466
2140.24987
2280.09688
2137.67174
2348.09920
2165.91625
2147.32770
2201.65526
2213.99000
2198.72357
2257.72518
2173.25190
2409.26919
2200.84189
2442.54214
2221.39114
2247.57528
2202.76343
2498.97138
2160.17806
2238.28530
2137.62718
2170.85662
2188.57346
2437.55379
2169.51122
2395.38875
2138.05050
1989.63777
2198.75050
2553.71212
2207.39795
2507.60329
2114.67454
2034.82763
2224.36552
2335.15723
2176.13262
2443.75692
2188.88001
2108.37306
2168.89431
2310.67550
2130.76522
2170.29768
2209.25366
2441.47841
2175.22509
2216.64027
2182.23490
2534.59880
2156.10655
2322.72543
2175.62719
2243.51178
2158.12178
2463.11580
2164.68451
2376.56648
2131.62814
2014.90247
2182.59802
2421.21900
2146.01062
2104.34259
2174.51803
2368.28034
2189.86498
2314.90652
2187.51796
2516.23285
2220.40096
2512.37684
2152.20141
2420.32863
2175.61999
2165.49867
2158.76212
2135.89762
2164.39345
2438.87834
2165.30927
2254.33350
2200.37966
2427.44965
2211.82862
2562.40804
2178.18638
2307.32467
2164.73884
2190.55434
2202.22692
2494.68654
2155.76666
2025.90349
2155.74001
2162.94875
2195.22118
2152.31770
2217.81214
2373.86307
2161.65219
2155.03863
2130.06374
2332.90782
2190.62649
2170.29527
2199.58750
2348.06909
2169.34952
2277.63909
2173.22967
2332.09790
2153.18517
2253.67459
2144.25825
1988.89246
2130.98534
1961.96145
2173.85045
2195.34929
2123.40879
2285.40156
2151.21811
2258.52616
2225.05466
2430.19467
2195.63051
2286.86068
2207.14305
2516.04443
2177.89041
2472.24862
2206.37665
2169.34248
2109.39875
2062.95457
2177.82962
2452.30696
2152.21788
2251.95342
2175.48314
2444.03825
2205.80143
2372.43861
2202.65522
2326.35768
2194.56052
2300.14677
2236.21253
2477.95881
2174.10635
2281.58652
2163.51793
2350.14575
2113.48535
2063.93574
2168.47974
2300.68437
2208.65380
2490.78287
2177.46112
2261.24202
2195.47671
2140.85068
2177.28637
2174.51420
2129.03179
2095.40011
2166.94491
2346.42804
2129.77656
2095.14876
2132.78507
2246.08540
2148.79459
2071.44034
2169.04468
2261.89530
2183.57068
2161.46241
2200.89182
2619.48002
2140.50608
2329.53846
2070.90297
1928.21943
2145.13961
2107.29231
2153.09991
2284.15310
2194.99278
2717.03492
2152.46284
2040.19138
2206.23732
2430.50047
2221.69034
2637.89288
2208.15739
2325.75599
2141.17493
2450.47499
2171.66217
2183.34179
2131.13237
2080.86333
2203.23096
2459.03697
2221.08622
2435.01596
2191.99026
2344.46946
2212.75894
2724.86463
2162.41306
2189.87223
2166.42576
2148.78710
2181.27726
2456.98500
2157.25522
2501.73225
2207.35441
2422.65235
2175.12142
2315.90061
2208.17271
2522.77943
2131.12348
1967.07994
2159.60336
2302.21207
2165.25788
2629.09238
2221.96636
2357.41995
2178.71716
2144.28541
2167.33629
2046.25777
2117.86358
2065.95603
2172.16603
2270.11524
2106.30113
1975.90327
2172.00789
2219.14186
2152.32142
2146.67843
2211.73796
2376.15050
2172.78433
2521.94794
2194.03806
2610.24265
2171.81152
2298.25608
2139.43620
2129.72401
2179.41525
2230.36747
2169.30892
2262.80032
2155.26589
2251.79157
2161.48756
2223.29511
2147.45641
2193.84140
2113.57405
2093.36268
2170.92543
2075.28838
2151.87437
2126.58473
2156.37877
2221.99623
2121.93550
2116.50012
2158.59194
2398.25704
2207.60596
2493.83886
2178.37893
2182.42467
2216.88135
2168.03257
2174.70841
2406.04243
2151.22990
2115.45676
2194.09372
2225.12427
2194.23820
2587.50059
2232.16573
2520.41197
2213.33500
2439.50697
2118.27914
2133.22639
2182.74282
2410.71749
2115.43768
2207.46255
2148.39680
2274.71088
2175.39109
2365.57762
2234.55277
2388.16140
2226.87691
2414.82189
2165.99254
2287.22993
2258.15923
2431.46779
2180.29428
2281.35947
2159.57578
2259.31445
2163.71921
2280.52055
2238.59207
2572.87709
2142.02863
2213.84185
2176.25283
2236.97018
2156.91134
2482.37806
2131.06368
2204.25721
2194.01774
2431.53623
2186.39147
2407.19373
2190.24267
2433.57204
2175.63596
2330.52024
2169.55670
2299.66896
2224.93844
2283.69342
2150.80576
2021.78325
2125.52995
2071.49388
2162.46197
2488.57235
2208.03899
2447.56366
2199.79639
2588.25807
2194.64671
2463.81720
2149.17342
2073.58578
2154.64153
2101.76724
2185.67469
2336.29924
2178.85337
2291.04834
2252.52479
2653.46913
2190.65227
2455.61464
2188.67876
2229.80491
2214.03671
2423.60843
2154.53378
2112.79483
2244.39677
2547.63938
2187.49820
2309.75962
2154.14883
2126.61726
2182.70958
2023.50402
2202.52313
2464.55262
2120.31483
2194.56466
2126.20045
2064.96980
2203.78799
2268.16665
2160.45668
2488.84244
2164.20628
2367.46656
2201.49143
2060.88442
2138.52687
2195.24747
2160.73122
2302.07560
2205.11029
2309.19139
2153.49562
2119.75960
2145.45962
2201.66569
2164.87600
2427.33680
2159.68813
2210.14436
2159.50619
2238.07823
2160.77215
2173.16606
2117.15219
2034.29104
2195.08386
2505.35660
2153.70526
2055.71521
2196.39468
2478.31147
2165.45724
2137.23029
2146.40458
2254.23139
2175.83219
2193.69806
2151.66751
2431.49490
2152.13343
2174.79206
2157.99038
2335.51083
2139.16317
2219.42239
2116.85889
2290.20233
2200.75743
2250.20278
2119.62425
2072.50916
2172.16792
2446.43991
2132.69768
2155.32386
2209.35063
2540.23271
2148.83951
2033.98864
2181.00314
2183.76208
2241.22800
2848.54983
2196.57534
2210.78453
2093.89825
2034.66625
2127.72025
2163.07868
2103.87392
2112.05299
2178.86911
2511.27424
2154.13777
2267.49209
2162.53097
2402.15939
2143.98274
2182.84244
2207.04718
2469.36139
2184.47492
2268.27541
2181.07962
2252.60190
2159.97803
2039.56016
2141.65284
2181.02710
2141.47157
2173.87065
2206.10803
2483.64336
2176.15598
2349.46067
2233.84044
2645.93661
2171.85439
2308.04223
2163.16079
2233.11020
2182.52517
2253.84718
2181.34939
2427.70769
2167.91796
2317.17572
2202.75459
2388.27938
2233.29481
2586.26888
2133.31711
2227.34480
2188.20413
2340.18816
2181.85707
2287.79211
2185.43188
2259.81252
2153.81593
2070.63532
2183.78049
2191.76400
2146.88812
2273.79750
2154.27854
2162.81418
2187.31660
2327.24150
2118.17742
2354.03609
2186.81704
2398.17726
2176.85425
2321.01271
2179.42693
2313.33788
2186.05185
2319.48063
2166.50377
2115.92186
2149.81544
2158.04840
2224.14256
2375.08614
2171.62083
2162.57795
2141.92574
2197.29766
2230.24118
2580.73789
2153.43548
2299.73849
2145.95185
2384.60129
2220.66349
2497.83366
2148.34452
2032.52805
2144.22908
2281.18253
2161.17093
2190.11841
2134.78955
2118.99937
2193.97821
2509.39679
2160.23550
2169.01114
2153.36863
2320.04257
2112.49351
2230.40386
2135.22468
2088.34686
2176.60376
2149.81094
2162.60726
2243.66921
2183.23329
2305.11636
2170.89616
2561.75776
2173.25807
2124.65765
2176.20531
2140.75713
2139.11537
2152.45618
2166.96359
2700.47161
2157.57808
2270.55438
2149.33287
2166.99313
2235.95184
2573.62658
2167.21789
2095.53963
2147.31558
2126.64981
2183.53136
2122.53948
2159.46911
2109.56620
2173.37713
2284.47889
2120.71514
2183.21205
2180.65922
2023.45550
2121.17272
2211.74075
2199.77112
2340.78525
2172.28875
2302.82532
2146.92115
2112.13579
2172.42611
2391.45262
2158.64555
2253.90842
2232.53780
2557.42886
2080.37012
2069.02513
2181.94561
2396.29379
2191.89305
2230.82121
2176.24867
2234.37270
2113.97294
2264.49661
2187.76273
2170.05493
2162.97802
2489.38423
2148.62810
2314.56109
2171.46231
2359.57209
2226.32210
2492.96617
2198.35210
2254.40043
2155.13431
2274.01950
2177.09683
2622.60782
2231.22624
2130.62728
2150.16061
2255.10934
2161.47388
2278.24641
2182.45751
2095.73764
2227.63232
2641.54345
2225.57072
2266.61492
2187.31458
2189.60730
2133.35829
2417.16546
2155.42615
2295.49041
2147.59496
2396.48419
2185.90783
2141.75349
2184.37887
2527.05462
2188.49175
2412.57776
2129.76460
2156.87898
2162.58695
2254.26993
2132.21851
2279.62532
2151.60757
2321.04895
2145.95723
2227.45926
2201.16671
2555.30013
2203.24275
2528.60540
2184.25350
2235.47155
2183.14442
2473.63655
2196.03701
2305.89651
2187.87621
2377.04520
2174.31168
2582.68961
2126.62512
2132.07700
2140.17201
2272.56154
2149.24790
2107.34081
2174.42510
2318.11217
2132.14072
2116.48614
2200.71268
2435.99921
2122.94818
2168.01471
2158.21379
2411.30673
2251.38700
2476.28179
2166.34570
2240.53428
2149.69160
2167.39332
2182.82011
2362.29042
2177.44094
2490.39786
2164.82474
2310.14406
2168.08758
2432.05417
2147.55886
2007.58454
2211.40069
2385.25301
2137.83370
2026.23534
2193.17506
2425.90845
2141.28412
2220.75084
2198.62683
2663.86098
2118.44900
2324.65452
2191.15800
2206.21870
2154.55192
2206.92978
2104.59462
1987.74297
2163.83185
2440.35971
2185.86081
2364.55825
2204.68163
2563.79989
2194.56716
2198.49487
2220.65819
2417.09924
2125.15027
2138.53149
2148.65943
2169.47154
2166.82518
2192.12221
2182.45297
2192.18591
2150.64178
2249.84246
2134.59722
2241.26549
2145.27943
2589.73004
2215.19673
2480.79327
2130.02209
2291.78673
2194.01932
2477.69774
2180.76243
2152.03211
2147.52496
2179.29124
2142.50974
2129.66325
2144.16844
2095.88527
2151.33111
2238.00168
2177.04626
2274.71511
2221.28999
2547.29269
2180.00501
2392.55243
2245.02405
2386.37517
2204.31874
2351.18756
2227.40280
2501.66211
2206.02651
2190.54544
2176.75116
2298.53459
2168.28207
2207.61869
2165.70918
2196.51533
2222.73572
2395.55421
2209.71656
2182.75302
2158.62327
2205.09752
2210.43628
2258.08405
2121.68937
2204.36172
2132.87181
2135.90177
2203.47927
2533.17418
2189.06305
2206.65143
2167.44601
2372.26340
2142.42145
1983.39800
2137.03415
2421.59204
2238.09930
2816.99986
2176.39592
2084.93625
2209.46560
2457.64662
2162.88806
2209.05389
2233.91327
2502.03525
2137.51877
2032.98327
2150.35467
2610.05236
2202.54983
2530.39081
2225.05635
2785.60370
2174.15832
2575.52038
2162.63473
2236.67593
2218.88362
2347.69990
2188.73648
2315.12222
2215.68326
2323.06493
2195.04618
2405.61948
2114.28024
2198.06098
2214.07599
2754.58356
2203.55300
2651.89023
2198.00918
2344.07244
2200.05682
2549.74007
2153.75778
2279.77782
2164.05717
2388.53379
2148.80636
2193.11710
2304.74361
2634.01775
2168.35210
2176.58947
2222.04320
2314.34470
2167.81835
2003.95353
2173.68752
2346.74694
2206.30232
2692.36803
2154.84675
2447.22692
2198.14671
2602.45292
2142.85681
2168.58914
2169.34742
2120.02233
2125.43478
2280.68908
2204.62208
2382.83005
2169.08060
2255.06384
2144.67655
2109.84534
2167.15954
2289.78507
2165.54003
2422.94847
2149.32935
2366.75838
2138.39698
2039.22309
2143.71558
2164.80717
2162.56618
2202.81928
2162.41244
2252.82351
2172.29736
2197.89113
2160.07724
2161.66699
2114.73917
2134.78873
2163.62319
2317.19335
2152.13085
2381.35709
2156.43208
2243.43089
2122.48268
1995.97045
2144.94962
2356.77923
2145.18099
2063.77144
2212.53789
2259.64462
2170.95191
2340.39574
2207.99919
2441.90667
2168.74129
2253.09583
2197.78058
2299.85679
2176.64387
2344.15170
2165.16457
2224.74374
2135.04488
2431.68417
2152.61764
2194.79636
2149.79911
2171.66767
2223.46505
2360.36899
2172.29549
2196.45402
2139.93370
2192.62668
2159.21421
2089.24614
2144.53642
2018.19487
2127.05924
2192.00247
2170.41421
2376.35050
2132.93472
2179.30348
2172.78334
2326.72159
2172.03176
2629.28639
2182.95255
2199.84766
2186.39836
2641.91809
2180.02066
2441.55337
2185.86155
2132.98195
2175.86370
2164.27444
2166.88976
2196.53048
2135.87143
2227.67192
2244.03558
2846.15774
2191.67198
2266.20297
2160.66333
2109.69821
2171.61390
2209.38791
2118.63772
2183.20998
2153.71270
2435.61916
2120.36631
2031.26149
2152.29373
2267.94575
2212.82267
2569.31776
2137.72498
2263.34164
2125.72511
2358.29131
2143.85818
2245.81545
2139.12056
1989.04714
2153.22810
2302.55379
2213.04264
2392.87583
2206.58252
2460.06059
2167.25512
2331.87000
2193.46190
2220.19017
2180.99550
2281.80354
2219.59009
2522.97556
2146.86261
2180.21423
2124.27886
2195.98854
2159.79792
2198.28595
2160.31145
2326.37255
2168.79417
2090.20700
2199.29207
2320.18262
2170.53686
2363.20150
2161.38078
2287.67235
2167.95203
2230.59429
2173.74676
2223.83177
2185.06615
2308.71550
2134.75396
2473.71193
2168.60300
2211.75850
2183.81494
2316.85968
2235.96987
2513.88059
2168.93915
2250.77062
2196.05287
2467.72591
2181.27888
2525.43285
2147.80716
2120.15118
2166.22881
2243.81026
2175.95626
2272.18574
2151.06084
2297.45684
2162.00957
2252.17552
2167.85936
2160.33369
2164.02340
2170.29446
2163.23947
2263.12735
2216.53627
2273.22141
2158.82604
2277.94854
2214.84225
2140.73203
2191.60044
2286.88413
2116.95733
2057.29888
2193.06546
2880.13936
2143.74473
2143.71781
2201.10561
2517.61137
2205.07417
2219.71188
2213.75636
2375.77234
2159.60989
2366.94005
2128.29629
2168.80732
2224.78190
2313.65183
2139.66638
2300.22724
2187.71794
2478.48549
2112.15254
2084.11264
2173.48520
2334.63383
2224.59421
2498.54682
2146.36909
2243.47799
2166.94793
2137.72737
2139.95176
2218.03602
2177.06338
2111.55132
2108.66151
2298.88812
2210.10005
2376.00249
2172.48779
2203.54676
2196.29795
2275.06863
2213.76822
2427.49379
2167.24951
2338.17673
2193.52958
2680.47400
2186.99694
2227.53500
2139.51889
1973.47903
2197.72758
2391.29189
2174.18786
2364.05466
2152.38406
2213.50711
2142.40273
2226.05513
2206.43493
2407.97383
2144.85989
2056.42061
2192.39283
2469.58987
2149.71609
2102.04300
2219.62885
2386.67799
2252.48908
2665.42341
2230.64009
2434.88273
2142.86663
2052.47018
2179.34033
2239.46982
2102.03125
2050.83321
2140.55028
2381.71774
2184.51812
2138.80539
2134.57990
2147.64746
2168.06098
2318.99103
2178.51558
2427.37060
2170.60422
2092.42359
2166.66051
2281.03165
2196.67486
2253.64461
2219.94562
2387.04138
2139.99145
2156.44767
2198.62475
2310.46899
2204.77488
2488.45571
2138.52603
2010.44167
2200.86449
2236.14665
2108.04774
2065.17809
2195.09569
2347.31194
2138.78837
2152.07320
2163.52361
2385.50088
2214.95575
2607.72792
2178.79625
2014.60704
2202.82156
2542.49719
2172.77039
2152.94716
2169.64613
2436.84505
2156.53144
2297.55850
2153.75099
2173.60001
2210.22493
2372.97819
2150.32351
2206.70699
2212.70902
2540.09336
2207.56768
2373.68831
2122.47055
2187.99937
2196.53112
2452.51340
2223.98407
2683.13068
2155.65549
2113.58671
2113.14544
2124.67694
2235.25137
2356.22200
2161.09484
1980.73287
2207.54071
2436.45829
2149.54385
2297.39935
2166.12197
2278.83482
2141.63166
2351.83539
2182.16178
2123.42215
2113.53803
1908.91911
2165.74066
2241.64547
2187.91675
2529.27571
2189.33644
2462.45347
2154.65463
2355.68710
2249.34994
2502.24183
2185.31859
2251.46407
2198.17760
2346.89846
2181.62489
2225.44134
2209.26263
2376.09613
2130.40285
2050.21971
2180.99889
2332.93944
2198.81289
2466.28516
2115.27711
2172.46933
2193.83087
2374.75071
2172.47683
2263.18960
2217.94043
2732.75208
2165.23945
2161.13422
2168.94001
2143.88483
2186.26094
2369.98629
2138.24589
2291.94193
2189.47213
2424.82080
2159.06633
2154.93528
2172.94192
2376.51528
2190.72888
2445.87972
2203.11582
2450.89931
2132.58186
2404.74367
2177.26015
2160.28935
2199.42211
2280.28196
2161.73890
2129.80421
2146.76243
2342.13956
2169.69321
2148.71742
2157.73251
2207.06721
2149.48812
2345.16966
2171.45797
2179.79546
2172.09571
2360.33410
2138.64252
2006.81550
2194.15775
2231.73494
2161.81795
2242.30209
2170.82538
2360.93116
2179.72120
2036.27143
2165.09274
2256.12100
2139.40869
2329.96297
2098.22310
2174.98609
2175.95136
2070.68169
2207.11495
2350.83943
2192.84766
2263.73123
2171.19644
2066.10586
2148.35434
2095.90449
2160.13609
2047.09225
2137.70870
2075.90114
2152.00159
2362.53746
2142.04663
1997.35253
2119.98950
2016.01249
2195.82823
2196.42176
2175.09519
2420.95051
2170.51605
2129.76191
2178.67733
2235.39483
2147.74731
2209.02482
2192.60486
2362.84893
2235.58619
2413.60556
2137.33742
2098.91542
2192.49057
2145.18702
2152.65146
2428.33782
2185.93199
2445.90874
2230.85694
2395.26294
2222.50400
2318.52042
2143.85695
2292.68174
2153.95777
2238.33639
2222.97748
2299.57385
2184.46254
2192.13851
2207.71178
2357.54749
2192.02992
2401.07699
2143.53191
2108.59798
2161.68026
2315.33935
2178.46510
2227.91182
2174.55891
2282.79146
2171.43968
2346.76955
2236.34482
2191.80463
2172.19675
2536.60779
2186.85434
2300.63918
2165.12344
2403.84067
2208.38707
2306.72001
2169.05388
2151.21868
2135.74697
2050.12414
2203.79153
2372.52033
2167.86110
2111.62492
2152.88541
2362.40567
2174.78200
2381.47840
2174.06300
2183.72733
2164.46696
2450.70016
2174.58862
2315.91555
2156.81882
2346.36792
2186.46635
2255.35541
2213.75249
2201.31082
2169.94102
2200.15384
2158.05119
2182.35069
2180.87351
2404.02293
2164.67735
2127.71142
2222.64547
2541.64627
2121.70088
2320.08743
2183.08310
2290.29759
2226.55538
2604.49073
2151.60943
2227.99911
2179.76879
2326.63865
2248.19759
2405.51282
2155.16045
2213.99558
2137.78517
2084.26802
2139.98862
2245.77842
2186.53558
2298.80892
2121.63220
2036.19618
2204.85821
2505.52111
2207.91797
2451.68659
2217.36651
2563.87268
2187.96622
2324.98336
2181.90909
2376.04275
2160.53366
2143.09718
2125.33648
2126.70883
2183.76944
2297.85818
2155.35125
2136.72300
2204.00721
2572.33322
2136.85903
2133.41483
2186.53658
2505.31133
2159.60229
1934.86957
2133.92431
2207.02961
2206.23068
2481.37401
2106.82488
1971.24812
2163.59642
2333.09136
2161.32667
2151.26515
2170.86398
2571.84291
2156.26893
2120.46613
2133.26874
2298.59187
2131.92324
2139.02872
2163.68451
2030.81734
2164.05154
2079.87431
2160.48808
2255.01952
2168.64793
2382.02419
2135.61371
2234.00109
2099.38027
2024.69614
2199.21519
2178.57645
2198.33507
2369.67614
2203.81556
2351.92208
2164.81953
2143.81956
2162.82739
2388.05742
2151.68695
2270.54977
2174.26049
2455.17996
2203.80743
2361.10460
2161.72321
2191.31608
2128.12135
2309.78176
2160.35774
2247.40276
2182.60496
2454.38694
2171.46808
2220.36167
2159.01290
2514.80058
2214.35039
2332.49602
2200.70020
2433.93032
2178.78373
2350.94439
2200.60829
2607.97708
2188.37990
2494.61455
2202.30860
2386.25003
2144.26912
2075.64800
2163.96949
2425.40633
2131.96884
2289.90647
2206.53454
2483.15002
2070.12309
2467.16453
2231.72597
2439.96914
2163.81988
2067.41108
2178.48868
2159.85425
2171.88786
2329.19265
2181.58366
2223.40663
2194.77720
2463.74733
2206.00754
2438.32537
2184.27314
2147.93777
2169.16546
2198.44747
2163.86034
2198.27255
2146.83732
2395.60197
2145.13282
2363.91306
2196.69875
2193.74340
2199.78019
2398.42708
2163.92208
2219.54930
2187.96081
2214.16305
2175.99140
2390.81474
2170.89883
2304.00627
2162.65335
2260.40330
2188.36949
2272.47667
2190.00021
2487.65942
2143.43593
2258.75962
2195.46083
2373.55600
2153.66479
2317.63317
2175.59174
2071.92874
2100.39033
2194.64845
2147.69476
2167.24993
2124.87812
2217.87874
2132.32827
2279.03557
2168.24533
2187.36384
2182.72345
2138.13398
2178.56089
2289.97958
2166.06754
2302.24960
2162.98588
2429.49754
2188.29723
2394.40272
2187.47343
2334.11781
2159.91755
2167.97101
2176.05664
2179.56706
2206.04303
2362.27025
2154.25064
2137.48796
2201.30567
2351.80992
2215.04240
2413.32725
2196.56598
2362.15790
2146.28264
2494.70316
2192.41638
2266.82322
2154.14438
2203.44607
2186.51287
2158.59950
2205.29097
2226.69628
2157.66688
2250.48634
2166.88434
2388.13128
2153.81668
2082.62909
2192.43280
2297.47816
2206.93702
2356.56329
2147.21000
2158.92495
2169.06423
2393.13439
2160.11309
2135.52467
2170.28535
2225.09131
2207.61533
2128.64118
2166.07108
2151.35648
2151.47605
2289.89777
2159.34251
2205.17800
2101.38703
1880.23081
2160.43681
2167.79315
2173.52467
2209.84589
2176.73231
2351.93872
2187.18648
2331.46902
2176.62493
2091.36638
2175.23987
2171.88564
2196.39015
2132.41811
2170.06687
2334.31181
2132.93742
1973.27419
2152.99043
2320.64209
2139.86299
2026.45890
2203.91967
2134.76101
2176.38653
2184.52696
2199.23248
2176.63083
2147.47210
2392.93450
2167.51561
2215.66538
2173.55461
2223.21346
2157.32920
2345.42191
2127.34335
2132.61798
2173.75175
2281.59515
2134.27948
2242.57235
2175.01034
2220.01676
2149.98178
2473.12548
2191.47606
2113.80305
2199.69804
2175.69231
2200.49889
2758.10835
2156.45428
2390.35467
2143.57616
2041.61764
2128.16417
2121.05885
2135.67665
2067.66287
2183.13364
2239.44229
2172.42839
2153.02238
2174.77382
2434.25934
2189.56497
2151.10570
2178.73069
2214.63840
2225.86816
2371.47064
2178.98061
2152.91791
2135.56904
2065.10169
2144.33258
2230.04528
2217.54184
2221.04430
2171.83683
2279.62461
2177.21654
2332.27855
2165.10745
2433.14684
2175.78507
2392.23278
2156.34413
2238.74803
2172.98838
2219.02342
2170.63484
2155.67803
2166.02716
2448.53732
2121.24017
2122.83135
2200.54121
2505.44650
2162.90200
2091.61495
2137.42958
2146.88351
2216.19741
2651.55976
2208.82829
2407.84751
2180.33170
2455.17908
2253.74371
2346.89295
2199.60161
2301.54506
2164.65365
2341.15991
2197.39684
2237.83816
2207.89390
2682.10933
2179.02893
2188.50604
2212.60897
2448.89815
2257.68475
2586.27250
2171.64030
2207.76613
2153.55892
2244.09984
2207.93553
2287.27582
2164.87830
2179.82113
2234.11136
2382.87610
2169.32928
2200.88530
2170.80253
2362.00222
2198.22800
2359.04571
2214.02602
2680.45957
2105.77440
2104.21013
2177.74342
2233.78304
2126.53850
2119.90254
2189.42114
2223.15128
2131.57032
2253.34889
2137.32321
2081.82080
2170.77771
2571.20465
2191.81845
2269.44492
2118.78213
2107.37064
2174.51398
2360.63229
2181.14062
2664.75005
2156.83839
2200.95138
2210.05113
2300.62054
2223.29422
2523.82065
2222.16448
2413.31843
2145.96326
2200.47397
2202.25356
2421.72498
2193.25273
2385.22364
2081.07436
2166.16573
2185.92364
2539.08402
2162.23911
2262.29216
2232.39665
2699.76785
2164.55445
2404.41426
2146.80293
2298.50772
2171.01420
2321.76559
2190.41519
2325.27222
2148.29076
2312.30878
2180.42760
2611.83892
2148.01962
2136.98663
2167.76669
2146.15315
2118.11906
2041.98259
2160.30861
2581.03541
2138.10792
2191.25685
2210.99805
2521.13669
2200.61186
2463.57043
2168.46668
2332.10939
2160.45394
2087.24803
2180.09336
2130.38615
2141.57392
2092.25303
2193.00844
2382.69058
2207.59570
2053.62801
2177.83022
2157.26559
2207.67284
2694.14039
2210.22804
2251.77583
2226.61644
2679.79617
2154.08199
2014.56379
2112.82178
2076.98927
2183.82701
2585.95017
2144.83885
2487.43856
2230.76380
2635.63639
2164.53285
2163.05329
2149.04127
2024.74873
2216.94246
2482.25766
2214.38862
2222.61391
2164.29885
2515.59483
2164.95599
2260.17517
2174.44936
2435.57162
2150.13878
2121.77218
2143.95204
2389.10331
2169.02069
2259.19079
2146.89408
2292.67243
2153.93477
2168.23103
2154.15269
2401.39297
2115.65865
1968.44151
2114.76409
2306.11452
2177.28424
2576.64658
2144.66770
2283.68607
2196.10940
2237.97018
2173.51314
2377.32839
2194.32177
2317.62261
2173.87677
2339.58843
2166.81835
2057.23573
2252.01850
2358.40145
2202.21757
2510.72228
2152.87806
2438.13178
2179.51176
2474.29601
2166.25747
2152.46684
2125.99485
2175.40085
2173.78864
2203.35295
2145.33570
2144.16281
2183.45528
2151.86911
2163.03597
2081.90880
2176.19713
2231.73139
2181.03791
2517.09907
2122.14853
2100.84485
2209.24812
2510.96946
2146.47291
2111.68594
2177.44974
2364.73362
2153.46093
2090.14646
2226.98892
2260.69149
2208.54185
2399.02796
2227.40481
2310.35930
2173.14133
2362.61574
2141.76411
2289.70248
2126.38019
2163.95051
2094.84469
2095.70826
2125.14839
2165.35416
2171.95611
2227.69447
2182.68024
2222.93885
2168.50145
2327.97273
2166.17346
2231.82428
2138.37171
2215.46317
2229.44363
2466.34533
2160.39572
2292.24009
2190.22234
2430.79939
2170.98478
2283.15395
2139.20924
2232.15597
2145.49324
2076.94276
2208.15465
2369.70709
2201.79218
2379.52067
2152.73991
2235.39844
2174.49554
2462.82725
2200.34809
2548.24670
2143.25023
2223.60652
2207.06071
2398.55580
2151.80680
2094.34804
2196.56745
2325.81170
2164.10231
2152.93469
2192.28618
2280.27875
2169.42053
2574.95864
2189.76235
2521.29989
2194.93655
2352.99990
2125.53560
2328.06629
2188.01955
2323.83921
2147.63159
2282.53783
2212.28158
2475.18142
2180.86107
2605.82244
2198.08485
2088.69903
2130.78186
2334.86085
2201.88292
2060.16984
2158.70968
2224.30120
2130.17204
2006.30165
2206.53849
2316.93992
2150.83656
2062.73355
2219.46212
2567.54487
2219.32078
2421.27852
2131.77990
2058.71059
2138.69827
2248.56884
2153.47237
2045.89719
2155.29089
2337.65584
2154.30049
2145.93853
2216.22734
2387.31841
2143.06440
2057.92162
2147.84734
2124.45638
2137.42353
2147.82227
2171.47634
2262.01007
2195.86272
2334.93345
2181.98033
2615.95408
2218.30075
2435.59233
2166.72755
2278.66601
2150.27147
2260.04360
2151.54274
2103.77797
2198.64411
2453.32784
2169.87879
2200.42443
2138.00593
2201.45481
2162.01387
2136.08780
2169.56187
2467.55545
2174.07445
2386.83952
2217.28722
2336.26734
2152.15106
2240.59681
2133.44137
2289.74003
2157.27541
2073.09046
2147.71490
2058.78366
2198.42509
2234.89339
2185.77328
2392.70844
2202.33553
2371.51406
2127.76457
2062.61218
2133.57478
2045.55547
2224.32820
2625.72167
2169.20339
2100.35980
2167.19225
2377.38824
2144.24394
2408.59126
2164.71703
2271.25547
2148.85451
2235.56469
2100.87110
2031.20673
2224.43878
2557.63621
2195.41042
2588.28459
2174.06573
2389.57497
2162.20129
2176.43643
2170.72151
2463.41839
2168.59506
2213.06128
2222.71851
2416.21345
2189.56451
2217.53593
2173.72622
2529.42324
2169.22494
2223.99224
2163.82678
2169.38689
2153.77859
2153.35821
2167.58152
2166.92061
2166.16728
2082.37067
2183.61570
2188.16679
2156.12517
2080.32181
2179.55233
2547.60965
2115.74106
2207.62609
2194.55413
2134.22719
2167.52032
2218.98568
2201.28477
2389.70002
2130.40843
2237.01308
2208.21376
2498.04385
2174.05164
2387.95392
2158.44373
2427.75750
2206.92963
2242.33854
2122.49275
2273.75886
2221.10893
2706.54302
2191.96364
2271.59507
2176.86259
2173.96250
2132.80524
2280.98787
2124.01511
2185.71305
2168.12770
2389.14984
2227.29676
2466.54671
2139.62299
2141.23149
2216.18753
2462.99821
2178.31525
2522.43417
2179.07408
2449.87181
2172.69978
2114.13276
2202.56119
2509.89633
2212.06049
2553.88968
2190.27255
2035.51256
2210.51707
2401.33825
2151.03919
2120.15661
2194.60002
2317.61930
2204.74698
2114.35016
2202.87725
2623.60573
2174.18816
2127.56115
2154.61809
2258.55936
2155.51818
1974.43041
2127.39804
2181.42115
2197.76857
2501.44359
2188.45986
2229.64132
2163.32192
2197.62266
2187.45531
2533.60671
2121.31321
2132.60913
2088.47395
1890.47133
2230.91050
2531.68269
2168.37763
2245.01436
2156.98013
2218.59361
2131.16964
2117.20854
2136.06693
2344.41204
2183.69972
2261.34489
2195.46187
2376.79140
2129.66676
2262.04531
2194.43644
2335.31444
2202.11835
2444.62934
2189.78793
2413.71949
2135.99251
2197.16890
2185.69961
2268.76365
2168.81387
1939.94704
2137.04539
2177.81200
2170.78138
2275.48108
2183.28316
2729.01721
2179.53904
2500.23992
2140.32385
2083.39770
2249.59067
2483.92920
2191.62125
2305.62377
2183.15328
2253.96424
2154.05383
2143.88870
2181.64009
2246.16765
2188.54371
2356.25606
2140.68388
2458.55286
2174.37134
2194.36732
2175.06505
2056.90191
2174.65266
2100.36622
2141.79258
2054.60267
2131.93572
2026.94481
2188.47224
2438.90394
2211.48505
2457.80297
2189.47380
2532.02135
2168.97018
2379.25753
2106.45215
1955.39409
2172.35443
2090.86644
2203.45662
2267.81434
2254.59027
2263.18720
2165.69674
2301.65681
2244.07442
2437.25694
2197.46147
2391.50510
2180.62795
2284.25954
2167.29473
2152.04673
2105.03384
2038.82708
2148.71234
2381.02903
2201.86776
2443.24120
2143.80933
2195.86820
2109.70905
1986.56458
2184.08315
2322.40471
2202.99222
2147.51455
2167.34250
2264.55463
2193.08806
2335.53246
2205.47705
2477.77900
2195.00318
2521.90731
2169.06503
2264.36055
2150.40007
2060.71283
2141.86226
2256.32629
2142.04105
2530.36772
2123.82477
1965.98751
2160.78696
2315.74315
2161.00081
2359.97550
2199.37434
2578.63052
2191.02516
2346.13747
2190.80261
2341.45761
2182.94806
2202.05097
2197.63783
2687.07744
2199.64570
2467.28147
2188.15822
2361.86368
2206.70892
2361.79138
2224.94692
2352.14998
2111.53648
2124.76653
2161.45661
2124.73159
2154.19029
2259.50505
2131.65945
2405.32088
2162.08467
2204.55130
2134.40803
2119.61702
2168.83810
2321.43159
2190.34651
2489.22024
2214.65518
2353.76224
2148.96768
2489.63571
2157.35153
2401.33144
2136.42360
2268.17805
2165.45118
2367.38383
2155.84638
2243.32004
2117.29130
2252.43435
2189.85831
2394.73652
2162.00975
2146.28016
2167.46297
2091.93574
2182.58381
2355.77347
2152.63906
2095.81359
2206.78843
2410.95182
2195.45122
2326.47424
2200.69669
2284.61440
2211.46472
2221.69202
2227.29503
2566.12817
2143.62818
2168.43777
2179.28087
2411.04084
2220.41303
2129.42034
2170.95098
2299.18649
2181.54779
2455.82640
2170.99843
2378.32702
2144.48485
2221.99480
2155.44896
2202.08721
2153.14850
1989.69170
2190.13344
2581.40621
2162.51055
2221.96419
2182.61313
2406.97066
2180.50968
2207.64579
2158.92997
2185.95199
2178.21100
2171.01590
2140.08369
2205.77583
2185.74981
2062.12926
2204.73226
2147.88466
2165.44856
2272.84114
2163.22797
2137.53086
2182.50333
2329.26810
2167.80684
2192.79148
2277.74528
2493.74607
2200.68780
2490.68690
2172.11786
2167.17432
2160.73967
2236.95520
2099.56161
2021.66196
2140.98163
2092.35503
2167.07529
2237.70379
2175.25613
2529.12623
2177.38806
2376.68848
2162.75499
2193.43308
2224.13641
2406.93732
2238.70108
2592.82510
2166.35998
2196.31526
2119.93715
2210.11877
2147.77181
1999.55087
2164.94762
2292.61329
2189.24896
2426.82264
2146.90037
2142.08074
2142.83760
2208.77599
2178.88306
2144.74864
2239.08271
2571.52740
2213.64589
2400.26950
2140.81115
2597.85059
2174.38261
2277.36467
2223.88393
2395.07324
2200.45362
2280.80330
2183.32528
2224.06377
2182.16962
2289.57050
2206.52386
2331.53829
2167.43154
2280.21677
2171.48111
2175.80887
2184.97078
2272.24812
2175.67158
2241.02209
2135.26662
2168.19032
2182.77991
2300.78433
2172.19110
2172.41708
2159.43669
2085.98665
2109.28963
1894.31413
2136.51047
2280.00578
2186.35511
2225.66646
2228.69392
2579.06531
2170.27628
2118.54913
2166.90721
2223.95043
2215.45059
2433.87971
2213.69882
2542.02879
2227.37656
2362.08994
2168.90832
2211.05830
2155.95662
2271.60090
2134.42246
2152.17603
2224.74071
2513.87782
2207.41873
2385.99894
2192.85481
2607.40492
2191.90991
2274.34475
2196.21012
2620.27135
2191.23957
2600.42517
2140.76556
2185.00452
2196.09273
2503.28531
2207.66330
2249.05505
2120.27055
2182.71956
2151.47960
1891.60853
2144.04936
2189.63400
2166.10046
2331.72785
2172.93035
2298.04106
2193.10110
2486.19275
2193.49049
2776.13699
2240.14502
2502.81858
2115.73367
2038.19057
2153.00682
2125.25136
2159.32493
2344.24415
2146.31792
2220.41931
2229.58478
2544.10550
2141.81390
2155.44514
2164.24736
2335.67303
2207.64894
2377.31687
2227.11618
2647.93608
2176.43235
2451.77908
2224.04873
2522.40278
2184.19538
2184.93563
2174.37313
2317.02587
2200.90274
2421.66102
2152.04045
2084.25420
2228.65717
2839.50312
2173.29045
2236.38971
2157.67935
2253.96032
2194.57628
2326.59081
2184.35804
2133.72586
2133.58515
2188.59664
2129.59767
2164.10628
2131.57452
2216.59109
2177.20280
2233.22669
2107.99916
2109.89754
2177.93493
2399.92195
2206.48385
2370.94469
2160.57266
2193.24371
2157.81828
2300.57681
2164.97650
2217.03426
2194.95697
2276.95960
2132.31801
2048.66433
2161.14677
2127.32965
2211.61049
2729.52651
2174.07767
2434.57859
2138.66654
2581.41550
2192.96225
2196.21906
2175.14999
2427.95866
2177.38232
2416.82441
2118.06118
2041.19133
2133.90148
2032.95624
2131.20336
2172.43016
2248.71897
2378.91827
2200.62902
2353.15424
2156.78304
2006.28780
2169.19482
2220.28586
2188.52543
2069.73487
2138.47672
2593.01915
2166.30806
2478.42129
2143.14257
2251.63342
2195.57560
2244.39035
2236.56041
2598.30944
2129.59152
2275.55221
2151.60249
2035.50654
2126.02522
2164.83655
2162.77497
2177.26734
2178.77464
2385.63401
2146.88517
2268.69847
2240.97412
2671.39461
2229.06182
2613.94574
2142.52291
2161.82480
2184.52906
2007.15501
2208.92745
2290.08746
2161.85645
2168.42356
2181.08775
2312.06240
2236.18239
2305.20626
2231.78166
2343.74043
2176.68416
2413.19351
2173.55000
2509.61415
2152.76311
2354.17162
2146.71330
2025.01311
2186.43618
2475.07971
2153.00428
2247.44698
2210.09126
2150.03699
2098.41158
2225.76484
2192.53190
2437.93183
2112.73716
1971.73803
2222.40828
2405.87018
2190.74989
2149.39878
2168.36151
2088.25877
2203.59528
2477.74082
2155.30193
2255.98798
2142.55301
2205.41423
2178.66123
2265.73330
2140.01275
2147.42913
2205.45792
2254.60547
2181.00683
2218.05574
2157.10437
2093.78836
2154.85875
2382.56410
2159.17773
2214.78650
2194.61562
2241.69451
2132.30618
2227.05115
2206.40311
2423.06707
2153.38221
2147.50412
2125.31837
1949.29880
2180.85610
2229.04391
2204.55480
2399.52391
2165.10854
2262.95100
2156.90916
2236.38379
2195.39056
2601.14275
2172.45692
2196.65857
2152.65656
2196.50449
2187.49879
2435.97518
2118.83431
2080.65602
2201.04084
2379.16995
2122.23429
2225.95212
2163.41749
2108.45506
2160.61831
2215.81405
2154.78704
2375.09521
2196.97607
2581.17187
2207.42240
2433.78093
2169.79793
2306.35164
2218.58682
2280.42227
2224.62431
2408.30973
2188.56946
2164.54346
2195.21069
2239.92609
2157.38084
2159.53584
2204.97335
2641.67253
2173.64897
2474.24334
2141.65423
2281.33218
2188.14135
2070.01468
2226.82333
2352.76109
2197.36720
2315.11376
2181.63077
2236.77541
2211.38660
2344.29913
2165.71361
2297.37860
2158.10138
2187.87493
2160.34950
2259.63865
2178.03276
2239.32955
2134.10650
1991.27688
2133.16638
2155.77360
2126.54046
1992.24740
2192.26450
2517.63231
2185.31104
2567.88879
2162.31639
2132.86156
2160.10888
2319.93550
2112.36323
2132.70099
2193.69914
2388.75234
2121.70786
2197.39575
2177.81906
2402.75796
2171.88700
2224.63644
2186.32621
2307.67707
2155.64278
2315.48253
2129.30416
2340.16549
2133.50225
2103.87601
2117.20451
2181.86535
2226.77294
2793.43362
2179.38381
2273.98898
2142.99780
2398.84799
2197.53814
2448.28302
2147.76237
2241.81336
2178.31973
2144.58012
2143.51421
2114.52233
2155.49625
2372.83552
2215.51850
2387.38720
2196.91509
2180.25925
2225.23135
2428.09756
2199.04049
2391.70565
2138.25880
1926.83587
2144.99183
2156.23514
2161.46088
2127.78986
2113.29302
2088.24079
2177.95202
2272.59886
2151.82382
2498.31504
2200.31233
2447.72297
2202.36621
2203.36437
2170.96417
2176.97927
2145.56919
2092.41184
2169.20566
2100.09296
2149.38435
2062.87798
2158.17099
2233.20295
2211.44672
2306.09197
2177.46856
2680.90208
2178.24940
2169.10052
2160.70591
2630.19688
2199.20324
2578.81587
2106.66945
2296.23749
2191.07488
2224.66243
2118.66785
1958.91904
2193.55068
2586.83953
2116.15401
1974.21718
2153.45347
2537.68862
2241.18153
2392.39325
2238.67129
2724.30530
2131.52173
2405.22688
2183.63545
2287.42184
2188.77864
2549.72737
2224.77531
2777.00670
2201.70635
2169.12073
2151.74622
2180.26154
2233.73379
2330.01226
2123.91143
2165.73116
2193.43038
2341.24386
2125.19540
2068.60431
2132.80479
2079.66523
2152.03719
2167.22742
2171.77952
2237.94704
2202.10634
2608.35104
2173.95010
2389.27165
2206.19091
2169.69085
2178.67853
2416.08318
2186.12247
2304.79002
2181.02164
2359.70239
2179.75812
2283.07626
2137.06578
2279.41955
2215.22699
2294.46031
2177.49313
2624.15038
2150.52159
2106.83044
2165.13411
2088.83416
2156.89036
2300.41504
2201.40174
2232.73571
2129.02120
2259.51943
2174.61734
2282.93852
2173.89261
2275.06823
2256.08176
2717.97759
2128.81568
2377.82484
2167.93053
2308.25342
2138.87462
2195.00207
2184.98442
2259.63778
2154.54947
2514.82121
2190.89502
2254.41737
2172.53476
2603.19507
2230.83362
2354.34550
2205.16220
2345.90968
2175.80624
2176.18944
2183.68976
2364.04355
2199.14921
2244.47473
2239.35999
2468.96167
2173.35197
2175.10605
2204.72834
2522.52154
2190.33548
2394.63591
2141.08630
2245.87533
2174.33615
2214.00160
2182.51296
2190.46543
2141.65516
2266.07302
2194.13134
2296.68625
2164.50901
2307.61400
2202.72054
2338.61769
2181.32443
2066.99500
2178.24957
2251.40807
2179.45636
2294.07260
2232.54461
2505.85939
2188.93421
2157.10566
2213.89779
2311.90792
2181.87481
2280.24093
2170.57327
2292.43750
2214.84965
2311.47040
2164.63062
2186.48296
2190.95167
2286.06610
2104.72886
2159.61386
2175.65462
2446.03503
2200.45742
2340.46778
2174.19708
2239.53745
2207.19335
2448.70302
2168.03925
2272.71086
2191.10491
2301.24508
2198.76230
2579.80956
2194.52949
2335.81084
2193.06085
2403.50488
2184.49772
2234.47198
2173.87033
2317.36955
2197.43175
2431.72219
2131.94461
2169.34670
2174.84178
2264.17100
2132.31853
2190.92299
2185.81419
2296.85275
2209.56280
2330.35833
2181.87651
2466.07867
2135.14155
2132.07471
2174.92144
2555.38514
2218.38163
2425.16817
2186.16320
2371.02954
2156.88051
1916.93716
2193.06066
2369.76152
2150.08548
2135.40471
2201.11106
2393.93218
2171.84891
2437.00032
2163.91423
1996.06272
2149.12518
2293.45269
2119.72960
2168.61420
2202.21721
2292.22834
2243.77237
2528.72477
2214.93208
2422.90154
2165.83228
2277.98313
2189.73972
2095.75413
2199.17029
2433.39958
2183.66685
2670.99030
2226.48665
2825.20587
2158.15006
2465.28477
2180.20326
2345.41433
2176.52902
2288.66106
2197.07450
2651.29201
2242.77007
2263.45923
2166.47101
2612.20277
2195.11974
2215.51018
2162.84521
2148.74414
2197.66945
2175.78982
2178.39439
2136.01276
2178.60903
2181.14075
2193.86924
2154.59234
2151.23317
2322.87978
2196.44996
2279.43545
2120.73208
2199.32667
2195.06545
2408.19236
2179.28053
2086.35410
2173.50367
2040.19863
2236.50273
2517.53584
2183.58605
2359.49901
2132.66129
2012.75661
2217.68580
2404.68210
2223.60411
2414.98504
2205.41696
2332.16663
2141.10049
2166.44057
2202.24709
2270.45758
2139.08066
2322.44009
2147.18135
2303.42577
2138.75651
1996.01464
2240.09645
2221.57884
2177.85973
2187.79698
2182.29831
2353.51202
2113.77411
2569.12049
2152.47124
2033.51528
2202.12661
2468.90617
2219.15687
2206.04153
2185.35481
2549.93414
2147.42733
2125.69710
2168.90777
2289.49688
2194.72909
2649.83737
2226.02167
2442.10509
2181.14711
2275.85727
2128.89678
2169.35337
2199.03823
2568.04753
2156.32054
2400.01806
2138.20942
2188.84008
2199.24525
2076.00340
2161.50165
2217.33048
2202.99042
2457.53499
2136.45886
2134.27897
2154.63310
2117.69391
2168.20117
2226.36081
2145.78305
2209.16965
2183.85102
2261.91136
2216.94830
2410.44086
2183.40019
2301.81965
2149.85867
2404.52206
2209.89609
2374.38499
2140.35032
2189.72703
2180.26287
2248.72379
2184.66470
2001.13888
2187.10075
2364.33155
2208.79047
2561.61620
2153.17788
2104.32214
2193.41067
2386.66913
2161.90228
2139.85784
2136.03084
2136.09866
2212.07861
2494.92092
2201.48899
2335.74375
2153.96958
2166.86286
2203.93957
2369.72109
2174.86636
2417.69697
2159.73145
2339.19026
2160.52967
2238.80460
2235.87184
2318.99311
2142.44440
2286.57160
2141.07382
2112.40095
2215.74828
2444.98293
2187.00197
2212.18642
2139.81923
2091.87346
2138.46538
2221.64345
2134.00053
2044.44679
2190.46346
2230.47849
2208.92319
2316.49760
2146.80823
2494.55390
2165.15189
2423.08916
2219.92059
2226.57485
2182.49035
2278.96550
2168.80179
2176.71651
2230.66232
2707.10648
2182.80251
2208.50186
