2179.42589
2211.58277
2187.88084
2793.35109
2129.89810
2386.70416
2191.70545
2269.90502
2135.30790
2137.79555
2179.73269
2211.73106
2164.08149
2390.32657
2118.43882
2322.64692
2143.92497
2343.72072
2175.22323
2813.00889
2153.01017
2393.08469
2155.61834
2405.93036
2169.99443
2437.76192
2124.81446
2338.90737
2152.57318
2305.18133
2177.01873
2253.28102
2138.19614
2117.41197
2125.81808
2149.26363
2152.09912
2489.40369
2167.92021
2225.60959
2145.54441
2429.56495
2131.18295
2178.97267
2123.28163
2080.54224
2168.28472
2215.79477
2134.36507
2303.39201
2171.71625
2170.79933
2227.43132
2330.77344
2145.25612
2254.72231
2117.32099
2107.29378
2184.32527
2442.81457
2126.07664
2129.58089
2188.42428
2584.06303
2175.65683
2172.82532
2172.18973
2399.48078
2204.66466
2365.00737
2168.86524
2290.62392
2117.83974
2155.94319
2194.00486
2266.88931
2146.04599
2215.31877
2210.21514
2356.64613
2189.91166
2358.89923
2128.23755
2326.24129
2134.52271
2207.26554
2190.47147
2560.79146
2121.39611
2073.74143
2150.34356
2399.33934
2173.54945
2294.60165
2114.16403
2158.26210
2168.56647
2549.43391
2113.60079
2169.91693
2102.95198
2123.95304
2120.17055
2090.51438
2182.34659
2164.22401
2158.00154
2138.63720
2168.26322
2217.25343
2136.70266
2018.84524
2175.39170
2218.89768
2115.26201
2065.99404
2130.58832
2334.30059
2206.79085
2318.19200
2186.66632
2413.14158
2153.37204
2135.82663
2196.24379
2231.18330
2188.98539
2532.66979
2188.79594
2339.00836
2161.87995
2394.49838
2168.09944
2297.23044
2164.76834
2201.95149
2124.95623
2278.38004
2150.56741
2012.48521
2136.52448
2158.30617
2102.75331
2033.24792
2149.24969
2071.42753
2159.84422
2084.03049
2126.17611
2549.41910
2157.83603
2287.84783
2137.57249
2069.23303
2161.32826
2315.04675
2141.29711
2053.47276
2161.99741
2182.40206
2175.14248
2393.21464
2116.00548
2170.71377
2125.07544
2236.93115
2154.00072
2168.43659
2197.39987
2378.80327
2146.55099
2577.83879
2221.26510
2510.20459
2125.93807
2048.84381
2157.64060
2287.99771
2165.93101
2261.82035
2166.00478
2418.26315
2159.41834
2289.99942
2162.08337
2339.51009
2179.97940
2144.12166
2167.95829
2471.94741
2159.13305
2044.49029
2110.94513
1989.61986
2120.89242
1959.67306
2203.43406
2752.36143
2129.81772
2121.91474
2168.98729
2208.04368
2227.63272
2821.24424
2139.38720
2284.33432
2128.78778
2291.70759
2160.44826
2067.50241
2191.13212
2342.59450
2164.44168
2279.13426
2183.96157
2263.11392
2191.46287
2601.76765
2159.22006
2249.25035
2110.75952
2125.67290
2140.91940
2156.83109
2139.07429
2305.80468
2159.43542
2353.64843
2200.92572
2420.00981
2166.93378
2328.10580
2168.05063
2184.97779
2201.23939
2565.10948
2168.55186
2557.80784
2127.30535
2196.74308
2158.83421
2232.31567
2149.31168
2264.74944
2162.05211
2236.47993
2141.95022
2176.85575
2124.99231
2228.39643
2175.58096
2294.52098
2107.42721
2197.48255
2146.98100
2036.86761
2181.65371
2134.56012
2104.82457
2243.74822
2126.76776
2093.26464
2133.31762
2319.69877
2161.85496
2302.46471
2174.45074
2231.72748
2135.52986
2177.31242
2130.08167
2377.55287
2105.25531
1973.13139
2172.66623
2118.26886
2154.43516
2147.22083
2120.81431
2288.16296
2161.68615
2216.84764
2178.00062
2351.41992
2217.22800
2661.55923
2144.71880
2236.92419
2129.84656
2149.09966
2148.63692
2156.73317
2157.58157
2180.29856
2187.66266
2397.41070
2179.25957
2490.78425
2161.63772
2322.37249
2201.19173
2323.03600
2142.34605
2238.71681
2131.48282
2356.00115
2149.49079
2323.50996
2235.89808
2648.43166
2206.06818
2321.30338
2164.85989
2350.80637
2137.46782
2080.49686
2178.90084
2299.75588
2151.12195
2329.78254
2187.00743
2341.02018
2140.87835
2312.82925
2140.90349
1982.12637
2229.99973
2355.53495
2184.29174
2494.82787
2156.80503
2139.16902
2150.24390
2046.43131
2200.09834
2402.63624
2165.94593
2210.52945
2189.42376
2194.02778
2209.80532
2275.44684
2207.24131
2372.17528
2184.61893
2344.45056
2126.67884
2029.78363
2188.61595
2640.87515
2254.87898
2329.51163
2160.77855
2251.92485
2159.61014
2190.83134
2176.38087
2052.00967
2195.75656
2107.49891
2154.10504
2441.31762
2148.44258
2220.42188
2138.88671
2281.35535
2127.40684
2102.80462
2176.69835
2552.84235
2176.50641
2157.31274
2189.88373
2401.07910
2148.33140
2316.50354
2171.68276
2351.35277
2156.07607
2253.40003
2155.97395
2413.15887
2135.02521
2331.67344
2189.02986
2353.52333
2162.86363
2279.67904
2166.73601
2363.11379
2142.50889
2217.93990
2099.45979
2184.82368
2128.34562
2037.96376
2168.48920
2277.13731
2194.16985
2362.84373
2138.90594
2249.95688
2161.25343
2125.24700
2100.86290
2078.24789
2167.70672
2305.86939
2151.97671
2326.02838
2149.34626
2358.97022
2233.40509
2678.90989
2130.55405
2123.71038
2142.76392
2365.34250
2198.21891
2269.04524
2122.72546
2139.73448
2186.12694
2568.40726
2196.89110
2357.73364
2090.28794
2104.06820
2168.18270
2263.58602
2172.53030
2300.70786
2164.34696
2373.53073
2171.86531
2323.95958
2250.37305
2508.42731
2158.17499
2443.46507
2177.68608
2257.59912
2147.60582
2168.93043
2150.15050
2304.00413
2140.11072
2119.13518
2157.51568
2277.82710
2173.17111
2183.93460
2112.47613
2140.07227
2159.42743
2289.34648
2112.17057
2086.18339
2253.08710
2650.05686
2129.38688
2064.63099
2161.64439
2114.13796
2191.12525
2257.40456
2140.56680
2200.71005
2208.92801
2586.59488
2145.88092
2166.47980
2161.85290
2208.80676
2136.11508
2219.14177
2176.08502
2280.16830
2111.42812
2032.26071
2159.41380
2222.67886
2126.77623
2077.16512
2153.62367
2383.85423
2101.76617
2145.99910
2147.24136
2280.33523
2157.43844
2337.76565
2177.79423
2320.59989
2133.65749
2194.12845
2184.84273
2382.35493
2132.06506
2063.46459
2157.19857
2539.13737
2153.52989
2307.50114
2157.21936
2299.13889
2198.98485
2153.34822
2151.52628
2270.60618
2177.93876
2464.27455
2199.49088
2251.67798
2148.00716
2342.73591
2147.57856
2338.80295
2174.37105
2237.65684
2179.50943
2565.22319
2178.32779
2389.83972
2176.37985
2414.22012
2105.10420
2112.01763
2176.19067
2365.92237
2223.34021
2258.49257
2143.65643
2159.36352
2168.06777
2137.38882
2112.27694
2122.98712
2140.37575
2289.60135
2116.40548
2173.97518
2185.47600
2197.29440
2214.44423
2312.53283
2197.57509
2122.13786
2135.06456
2029.12257
2181.69454
2220.68067
2150.40906
2064.91671
2203.46541
2260.25894
2129.93989
2274.61531
2200.08783
2587.01119
2160.58836
2062.09461
2146.37121
2199.80677
2180.36369
2236.75708
2119.92412
2214.94180
2161.90643
2199.54075
2146.92452
1981.44067
2070.56089
2032.13681
2169.33079
2297.04763
2168.13855
2180.33842
2099.34468
1979.15131
2177.59113
2328.65946
2142.41089
2126.23886
2158.97365
2205.24917
2177.09275
2277.35614
2168.09953
2245.05526
2159.68437
2280.63192
2119.11578
2091.31966
2120.69034
2040.29675
2129.70533
2194.94238
2172.68641
2482.65081
2145.02484
2261.97195
2092.28864
2152.56220
2169.00279
2289.33847
2127.67192
2157.03959
2142.41975
2103.85312
2223.75179
2405.16993
2152.17974
2480.34462
2106.00505
2128.80179
2147.80364
2277.72412
2177.64541
2285.06141
2201.53483
2423.48473
2140.98930
2129.71293
2166.67752
2397.79924
2155.59530
2317.42300
2186.81424
2292.20656
2210.12278
2365.46009
2230.18021
2604.42567
2191.84833
2382.47521
2192.57473
2477.85472
2161.49442
2146.95710
2174.49334
2133.31898
2197.27653
2357.96085
2202.35906
2383.83179
2116.46962
2038.08851
2172.41131
2185.85897
2170.86722
2273.45011
2191.91954
2398.50253
2156.67185
2322.94829
2135.84221
2037.63479
2172.23372
2173.95354
2204.84941
2365.18708
2186.65240
2426.82761
2231.16272
2651.71901
2138.74876
2100.27557
2133.24307
2311.88685
2108.95962
2251.09023
2133.91843
2226.92580
2133.08866
2131.10096
2128.25701
2077.20115
2174.40291
2257.01725
2166.68824
2552.21482
2215.27825
2442.98514
2177.25493
2272.96141
2175.31842
2359.40686
2154.09870
2178.31914
2115.82521
1951.34089
2157.42167
2143.43501
2152.57378
2156.21591
2180.79463
2255.41167
2158.91887
2082.16448
2192.55781
2337.01365
2154.12095
2181.65108
2188.81770
2208.94997
2140.49773
2209.71723
2164.14992
2286.11436
2155.87797
2365.68948
2114.01211
2184.41053
2189.29321
2141.45878
2207.03370
2384.38264
2145.64854
2039.15522
2201.85442
2537.58345
2177.70411
2541.26262
2151.47664
2324.43902
2133.00103
2183.00774
2190.86921
2501.48654
2093.22647
2061.83388
2231.88645
2691.17895
2176.92173
2278.77155
2198.19738
2440.33208
2173.66483
2204.24340
2137.60355
2223.17064
2131.88664
2154.54153
2147.26474
2173.99453
2189.99405
2469.66674
2207.91415
2549.24677
2165.33551
2074.39649
2187.63406
2170.29091
2200.38207
2304.14448
2133.92073
2353.77551
2200.62743
2410.73636
2126.34076
2237.24783
2163.00616
2346.95589
2157.02062
2120.04824
2144.85321
2119.12143
2154.28575
2349.74827
2158.66322
2222.63423
2191.18396
2316.76706
2156.44914
2331.63843
2171.49259
2331.17615
2228.52541
2397.04364
2159.50127
2236.13871
2154.70100
2128.98278
2149.55169
2233.53935
2138.71777
2262.95391
2161.36755
2181.47378
2219.28417
2449.90538
2122.61615
2206.86757
2135.18577
2218.80552
2194.52626
2600.95097
2147.87169
2433.98636
2167.69696
2249.02502
2189.43984
2295.04363
2190.63640
2234.85987
2121.34135
2193.56088
2192.13566
2534.49896
2165.23358
2155.79602
2133.17940
2121.64976
2186.84460
2306.84717
2180.04904
2339.73579
2159.15406
2489.26999
2141.26872
2280.36116
2207.15350
2367.55230
2159.46231
2345.21275
2200.68303
2185.75792
2113.94130
2187.18869
2194.40799
2317.34563
2166.75138
2250.50180
2171.20130
2187.31463
2171.68759
2530.20924
2176.18442
2288.97876
2195.75065
2347.16956
2205.43431
2292.88684
2135.16033
2374.63475
2161.19692
2237.50495
2176.20905
2324.90247
2128.81994
2089.13033
2152.51861
2314.23532
2156.40323
2224.44546
2143.59238
2073.82889
2220.51971
2461.47202
2159.94989
2431.74200
2148.65619
2050.05783
2140.17125
2172.14956
2169.13451
2356.32802
2176.09383
2281.16449
2195.45353
2427.15532
2208.01394
2223.87042
2206.93526
2213.30976
2134.29790
2191.60229
2186.00274
2245.28323
2059.59240
2028.28421
2164.97577
2445.46432
2199.27126
2360.26394
2192.09568
2272.97983
2118.61583
2145.28197
2130.56683
2332.05208
2159.77190
2326.75427
2180.88423
2378.25476
2174.93404
2461.50568
2200.68924
2366.68112
2163.46957
2166.99674
2129.68589
2112.81052
2156.40125
2163.00202
2183.01121
2264.55768
2169.98456
2184.27039
2203.40343
2325.96842
2144.71548
2088.61681
2176.76335
2521.78736
2180.60536
2296.20534
2139.29731
2173.53525
2107.58819
2197.63469
2178.16665
2121.53794
2141.91339
2379.31533
2205.15745
2300.70026
2229.35597
2537.16693
2123.66111
2263.90522
2135.23589
2251.41001
2123.10466
2259.32502
2092.74601
1958.67497
2183.28626
2299.03101
2175.25031
2489.96201
2190.52048
2345.04332
2178.67924
2251.16660
2189.68276
2327.06232
2115.22139
2048.38511
2195.64563
2298.79101
2126.28164
2081.65953
2132.47534
2129.17573
2130.92791
2308.76984
2147.81452
2161.93216
2180.19103
2159.09593
2144.86245
2610.10196
2219.85608
2342.25315
2162.32672
2231.70598
2156.08002
2355.38005
2124.39685
2081.87963
2153.50947
2357.55162
2134.41753
2223.18726
2114.65020
2323.76379
2213.14766
2567.00583
2193.05831
2210.09691
2138.63742
2105.48870
2138.03773
2101.36797
2138.11208
2013.27132
2178.13452
2175.24259
2189.05267
2301.07464
2104.96440
2003.63711
2162.41246
2215.35124
2157.56476
2317.13223
2198.41880
2156.26688
2192.33979
2464.43296
2139.90577
2155.01091
2119.60654
2156.49620
2175.27359
2126.97599
2171.91299
2277.64251
2113.24002
2272.83723
2112.18747
2138.41599
2130.05632
2233.54968
2136.33535
2147.64902
2169.48046
2375.50117
2220.01455
2325.88516
2174.00267
2492.53643
2142.89621
2155.55772
2109.33091
1990.80419
2131.51461
2305.51854
2156.10815
2294.38157
2167.36865
1954.52521
2160.41809
2181.22868
2184.21816
2238.53840
2148.20478
2170.10329
2101.95342
2114.27908
2177.94321
2261.15494
2143.18789
2265.78985
2099.73912
2207.48184
2151.22300
2286.96891
2201.82839
2409.31988
2156.85748
2256.78751
2177.28657
2472.86602
2165.89668
2172.62470
2187.23899
2227.94050
2147.04375
2138.66596
2182.22837
2422.87771
2127.46552
2406.11075
2157.27308
2489.94658
2151.45251
2138.89753
2180.43437
2468.45739
2126.79211
2111.84984
2174.45902
2305.32508
2166.52997
2255.38411
2168.27195
2287.69165
2132.05643
2289.45277
2213.76256
2418.09530
2128.88519
2131.82611
2126.26809
2170.11308
2180.45956
2471.54595
2199.76379
2223.34108
2164.59264
2050.46513
2167.40714
2066.34039
2190.94984
2387.23904
2142.58537
2136.33947
2197.16129
2410.63798
2158.54543
2207.95380
2136.74846
2144.68940
2143.18552
2017.29994
2210.27646
2299.77377
2157.59763
2122.86335
2189.76303
2372.18900
2170.32869
2244.38025
2116.72816
2248.97919
2121.74003
2325.30718
2199.92320
2575.06067
2145.61042
2087.13130
2119.73546
2166.66112
2132.04512
2136.73644
2151.55398
2157.30266
2150.33473
2011.17364
2202.80140
2183.33209
2177.09101
2133.68071
2099.96945
2151.23080
2170.34560
2313.53429
2201.26368
2249.28816
2158.87255
2269.99563
2173.74094
2306.57594
2139.42533
2155.52010
2153.48173
2263.95181
2251.14763
2260.92032
2131.86991
2321.39008
2141.63378
2100.21170
2227.24991
2254.75629
2166.64828
2499.64697
2157.85947
2222.70424
2162.08919
2269.95057
2137.83804
2309.29744
2123.62516
2081.49709
2204.45962
2470.73657
2161.93799
2182.80509
2172.41802
2402.46319
2197.89074
2408.03498
2191.46472
2108.88871
2162.98779
2176.75216
2228.99706
2330.31688
2158.28194
2250.57604
2161.48350
2548.63921
2135.76512
2089.26499
2196.37118
2319.96551
2151.92966
2212.23562
2118.20868
2183.15620
2181.09710
2505.76213
2143.74114
2214.08406
2190.52916
2426.95682
2157.01546
2138.79424
2192.15478
2231.66997
2166.29184
2412.19660
2236.26841
2407.91694
2152.04630
2152.38976
2170.27896
2528.94382
2130.39543
2130.23808
2137.09145
1997.99273
2212.34740
2203.80038
2172.41993
2337.77402
2163.81248
2304.42014
2198.15333
2328.96688
2161.08777
2283.40621
2141.06986
2167.46576
2206.89407
2369.45754
2158.46642
2188.95304
2199.72359
2410.72409
2265.35595
2479.80392
2177.44880
2413.19640
2130.82146
2152.50960
2171.89603
2037.23199
2170.79704
2230.60033
2120.57611
2060.03056
2162.33895
2433.16511
2170.01141
2244.63832
2213.90192
2508.97016
2141.20206
2102.06403
2197.88782
2239.58998
2178.67011
2226.36906
2196.43594
2490.26399
2195.41149
2350.62902
2092.83739
2033.65772
2105.59233
2162.05885
2168.09927
2028.75074
2218.38711
2231.25980
2194.82307
2584.58138
2147.38744
2120.52082
2122.01323
2256.72185
2185.48616
2319.00240
2169.71215
2324.29496
2132.80702
2201.27160
2148.41324
2127.95708
2170.24925
2405.61794
2201.07759
2502.60451
2181.88117
2256.17327
2176.50130
2447.54977
2142.62657
2349.98435
2177.67176
2186.36454
2180.61769
2383.96929
2196.38211
2274.87165
2208.20047
2648.65876
2182.98261
2391.88878
2136.43440
2151.16439
2186.54292
2434.39804
2170.68475
2400.46886
2147.87485
2073.12499
2169.05071
2470.94663
2091.58145
2143.54004
2148.69963
2235.31575
2217.80370
2140.55207
2102.78978
2056.39558
2236.20101
2234.82508
2170.72428
2242.92702
2157.34111
2406.80579
2209.56899
2416.33643
2123.54648
2114.65569
2161.20788
2370.98814
2182.52140
2134.21299
2158.21363
2293.41122
2157.64044
2277.60793
2161.74830
2153.91026
2183.62918
2223.91050
2148.22979
2045.57412
2252.22081
2541.12562
2176.54136
2188.95185
2120.42682
2224.50782
2267.30839
2509.52541
2216.64656
2353.91146
2164.95915
2197.93415
2174.31408
2239.25414
2189.02760
2154.89689
2143.92348
2333.13176
2203.00505
2542.11794
2212.29495
2490.43623
2169.98897
2205.99077
2243.65639
2294.25610
2126.24472
2117.42268
2196.60050
2445.66723
2205.01169
2457.02061
2121.34076
2002.54425
2189.95968
2295.62037
2238.04383
2447.84417
2164.33796
2459.73507
2229.37858
2552.29360
2184.56695
2342.51898
2161.80956
2202.98839
2237.19845
2320.30706
2222.74090
2397.59512
2116.09117
2103.90589
2164.20390
2126.87803
2111.91455
2121.56196
2148.31522
2038.96890
2108.65251
1935.47329
2141.59940
2303.04191
2149.02390
2151.48211
2190.24199
2436.69868
2193.45412
2270.57070
2158.84829
2522.57504
2174.96084
2293.58746
2196.42602
2220.88781
2174.03574
2469.86536
2194.74644
2158.69947
2181.33715
2199.14571
2216.04037
2529.40251
2076.21208
2063.21411
2164.53439
2325.61819
2190.33575
2382.24242
2125.72002
2074.91340
2185.59948
2220.19641
2169.40531
2454.52053
2121.53038
2052.33342
2223.38582
2331.23342
2208.22260
2470.91224
2168.08858
2247.42381
2156.11037
2215.05033
2158.92288
2294.03378
2122.06742
2099.61000
2189.97533
2434.58555
2172.06895
2092.05151
2159.54391
2258.24389
2206.62738
2500.83080
2163.24551
2564.46846
2165.12961
2042.88089
2185.64952
2356.30900
2119.98120
2131.86588
2141.20513
2219.81661
2113.44184
1925.30739
2231.36352
2405.33209
2179.04650
2423.72869
2242.94184
2435.35384
2133.38286
2167.12776
2161.91484
2367.80699
2133.27924
2108.57901
2168.93906
2192.44373
2140.20102
2034.94560
2117.45234
2059.44662
2164.17399
2212.05152
2198.91968
2210.87173
2164.73994
2370.67093
2195.67779
2158.38411
2169.69074
2262.74374
2101.39611
2045.07085
2185.30286
2211.89525
2150.57325
2144.72795
2162.71656
2540.89019
2186.29739
2194.32173
2120.20009
1984.37707
2157.41533
2160.33168
2207.28260
2219.50862
2170.36543
2160.29805
2110.94777
2105.42390
2169.11347
2269.78597
2144.51242
2165.02682
2210.37961
2371.65747
2249.39977
2335.46665
2212.62021
2247.26162
2129.74750
2024.57843
2221.80233
2495.38039
2157.19500
2229.20353
2154.38108
2251.07697
2193.60150
2079.93510
2156.50886
2218.05910
2199.91429
2225.79328
2141.65025
2204.75571
2163.37397
2133.39284
2204.24947
2200.59048
2191.39510
2350.38186
2180.66320
2161.45879
2167.89396
2162.90335
2172.46850
2302.70124
2168.61768
2312.08070
2161.28660
2367.89820
2191.35084
2420.00338
2155.62363
2178.27200
2202.77215
2165.60933
2158.11714
2061.13490
2208.25441
2439.00892
2179.13569
2327.67370
2148.17701
2138.42322
2153.75201
2449.72307
2180.14418
2213.52937
2168.98216
2107.99313
2113.04591
2091.99226
2179.97440
2222.66008
2181.47843
2430.22496
2191.91287
2554.51758
2137.18513
2499.61419
2169.56631
2190.34809
2212.55011
2343.49105
2158.11321
2209.54615
2218.88777
2386.28037
2145.27605
2017.30078
2222.42694
2410.47352
2138.54701
2259.85225
2174.47255
2135.95280
2171.12616
2485.98366
2186.61516
2448.46989
2134.26548
2072.68073
2179.97749
2288.72120
2152.76369
2241.22509
2129.88026
2151.38861
2204.87200
2279.27954
2193.23440
2289.95269
2065.17881
1954.66651
2170.23005
2176.17053
2195.17149
2252.36787
2177.72633
2281.93458
2170.62132
2140.29301
2162.57069
2244.57533
2188.98008
2329.77445
2105.44873
2139.47712
2244.59033
2474.10136
2205.26860
2176.89813
2155.09197
2224.95468
2185.37624
2380.04505
2224.13474
2425.90515
2153.33712
2395.47113
2192.98057
2443.54639
2189.44287
2534.64751
2158.38262
2306.11978
2227.97018
2596.26262
2200.89056
2365.76815
2159.23883
2416.96951
2171.99220
2153.54486
2193.27716
2339.03916
2169.24725
2223.63221
2176.42307
2233.02989
2154.62863
2230.24285
2164.50073
2013.84799
2174.97310
2217.32313
2121.11276
2079.03825
2188.61437
2215.97558
2206.08776
2287.23095
2141.63910
2048.06012
2175.85754
2319.00671
2129.82668
2032.54711
2146.33499
2053.09919
2173.47149
2076.28653
2183.60667
2067.81852
2162.52211
2001.94332
2170.44270
2285.71759
2128.60969
2005.63388
2210.79826
2486.58661
2184.11656
2321.81172
2193.29061
2266.15284
2180.97818
2289.16925
2202.84443
2160.92414
2171.16680
2403.21581
2190.43662
2438.33911
2115.94922
2366.07942
2197.77500
2393.42667
2182.24692
2308.29323
2254.01168
2390.60690
2224.92932
2304.41294
2128.78405
2026.69620
2147.05416
2354.55123
2163.29510
2169.55456
2119.26598
2086.44405
2151.59844
2314.37308
2177.83793
2116.73502
2176.52450
2114.61835
2207.96688
2559.19592
2143.06413
2163.69925
2142.59626
2094.39072
2180.28591
2098.61751
2231.00373
2235.45003
2212.55462
2355.16337
2155.88521
2337.63620
2168.37191
2309.29332
2195.84999
2126.09386
2145.22203
2155.39716
2170.39029
2397.39233
2213.58260
2472.84675
2191.30321
2305.03724
2212.41613
2423.41786
2198.31049
2369.12591
2159.85169
2096.27385
2191.33577
2609.35047
2227.13313
2418.27625
2167.13035
2247.85778
2158.52991
2179.12014
2178.51018
2429.27803
2185.90487
2093.54136
2188.73838
2348.86592
2248.84022
2678.54850
2177.03992
2335.50192
2188.05202
2244.37077
2174.76028
2229.53133
2169.33261
2126.72851
2145.85498
2345.54657
2165.00608
2068.73524
2194.64491
2257.51247
2184.27122
2044.82284
2248.73282
2360.78573
2152.92461
2189.21152
2177.02244
2213.90030
2134.00059
2235.19866
2220.95160
2371.98864
2189.42342
2139.78925
2168.86902
2206.73724
2193.66098
2346.18751
2183.10389
2275.66297
2188.35871
2136.01359
2213.56247
2542.28055
2118.09400
2155.99428
2119.93677
2062.39891
2176.14047
2271.51752
2152.77632
2096.85431
2169.98405
2218.66538
2186.05119
2079.72539
2102.70930
2006.94722
2118.09625
2291.21091
2169.35002
2168.26220
2176.32443
2301.13536
2192.52351
2315.45530
2176.87091
2314.70432
2184.23986
2313.84081
2168.46091
2391.62567
2152.45753
2319.07960
2149.83949
2292.25185
2159.09636
2238.17952
2141.28990
2120.86274
2132.57589
2076.33460
2157.00875
2326.91876
2212.49042
2387.95699
2240.07454
2620.14228
2177.28570
2588.17890
2163.71417
2200.67180
2199.60084
2206.74973
2116.34460
2013.88524
2196.96244
2301.19381
2143.85586
2143.59282
2172.94829
2216.58019
2172.19610
2310.92218
2153.77442
2126.42961
2222.20559
2330.26319
2201.82524
2339.93385
2176.18856
2234.36803
2148.28176
2206.74759
2119.23173
2107.95634
2213.23966
2302.23211
2217.54625
2550.34548
2213.27838
2322.32990
2176.30851
2331.11608
2150.69858
2135.76671
2171.93578
2450.51981
2180.68169
2266.00482
2141.77646
2114.72410
2149.90021
1888.34629
2178.16774
2312.20508
2119.66887
2090.03511
2207.31367
2315.69083
2181.06981
2426.06365
2162.06497
2135.40001
2146.57057
2133.50391
2182.26364
2192.81681
2165.00249
2127.37486
2144.08764
2361.09464
2240.37613
2483.13457
2180.82878
2151.02994
2195.30517
2176.47741
2119.11575
2186.73210
2155.85546
2310.29399
2154.10072
2355.50909
2232.15266
2376.47335
2211.95905
2413.27009
2129.75454
2140.27287
2173.91563
2255.41579
2165.88527
2270.01296
2145.07576
2217.61391
2242.40238
2508.43241
2198.36422
2137.98819
2124.96954
2036.62603
2147.01796
2259.96403
2121.93511
2092.27242
2174.85811
2194.80681
2190.66862
2228.94969
2150.92096
2094.38860
2174.74628
2231.11961
2212.21062
2214.77176
2165.41797
2264.71472
2148.61438
2176.05585
2174.43675
2152.96413
2259.37439
2443.50056
2123.89013
2216.59962
2238.87477
2432.11635
2099.88759
1905.59442
2134.73452
2253.26805
2158.10588
2120.14549
2143.07492
2067.87169
2202.10359
2326.45048
2203.55729
2175.40797
2157.50224
2143.78419
2192.61232
2117.97163
2138.04511
2297.08832
2140.51763
2227.12475
2232.19375
2324.02540
2218.59366
2730.01195
2216.22506
2558.09411
2154.22581
2391.13895
2075.24339
1992.41790
2165.86412
2345.98528
2191.01670
2438.97567
2149.99609
2396.99493
2141.94846
2204.32483
2195.59528
2278.54050
2176.54357
2210.49545
2152.69418
2312.90109
2105.35656
2161.06916
2207.48447
2310.60176
2157.16714
2193.75679
2141.16244
2127.73216
2251.77778
2732.43404
2163.77718
2224.48231
2224.61840
2199.75426
2199.52327
2264.21153
2121.16079
2086.42424
2157.96577
2013.91727
2164.62510
2216.13678
2164.62050
2289.43343
2188.35286
2309.40847
2183.57168
2081.73316
2165.21852
2411.00135
2248.93960
2152.55999
2174.48599
2228.25256
2174.98597
2280.00440
2133.20145
1969.09548
2256.44026
2382.18622
2189.93185
2356.70589
2179.77389
2289.49950
2217.66068
2322.35273
2242.08250
2420.81715
2252.84018
2359.44007
2144.07557
2337.70534
2221.86641
2368.87209
2238.62007
2479.30462
2240.53289
2269.82359
2169.97079
2289.02139
2220.66559
2258.11162
2092.57056
2344.52522
2193.95602
2191.89498
2174.18613
2326.83810
2173.19841
2080.69395
2172.28117
2207.69376
2161.14276
2095.10987
2202.73202
2217.21185
2218.91316
2387.50485
2213.77937
2435.11054
2132.15191
2139.20887
2220.05345
2226.91948
2233.80490
2410.83148
2152.21719
2281.10590
2118.64558
2020.81218
2213.97311
2403.81948
2190.01995
2211.93622
2278.46349
2497.42018
2124.72702
2203.20873
2225.04895
2385.09575
2117.82792
2344.01514
2179.95814
2497.65208
2212.67236
2305.75153
2148.31433
2011.18689
2190.78382
2115.24393
2140.56159
2308.63724
2194.73645
2449.42130
2232.73529
2291.41866
2205.36700
2346.25186
2153.34242
2340.43131
2150.94897
2167.70325
2137.30722
2289.50025
2158.36428
2158.76654
2117.79222
2277.69930
2121.88011
2055.78148
2176.76712
2347.70088
2173.52335
2373.46175
2209.73846
2350.39707
2198.11514
2204.18388
2226.66021
2326.75203
2185.19854
2130.51833
2178.85798
2115.64351
2172.21979
2420.84834
2249.73551
2232.95113
2168.56797
2338.87726
2223.11102
2362.21634
2099.09914
2043.74743
2172.30492
2301.27433
2226.03734
2203.52844
2184.77889
2510.87129
2154.64492
2092.98047
2142.34384
2243.20750
2198.01566
2283.35893
2183.40061
2237.40248
2228.74138
2171.37295
2123.23909
2149.62190
2153.12444
2156.63465
2167.09358
2319.44683
2143.53262
2294.10611
2121.03529
1996.95050
2158.41289
2304.66252
2122.41615
2276.03586
2187.43089
2315.14452
2151.32078
2290.21999
2105.47170
2346.11814
2256.01013
2495.37881
2205.24891
2421.85797
2248.63964
2609.67829
2187.32786
2287.04954
2154.75158
2119.23011
2278.09071
2390.83157
2178.19670
2214.74230
2181.12974
2065.62506
2231.60525
2671.21392
2180.39224
2189.37107
2070.69227
2059.45955
2164.53681
2099.58612
2173.70852
2261.06388
2070.62352
2019.33811
2170.50130
2072.11279
2157.65206
2226.11655
2132.04053
2295.55541
2206.72842
2317.64507
2137.02155
2291.52201
2270.13759
2277.33528
2202.28256
2126.92526
2188.99213
2276.41365
2192.46446
2353.44441
2156.97499
2153.53885
2128.31447
2241.51590
2130.54644
2460.63088
2256.21483
2681.74073
2152.03188
2118.16254
2199.14218
2297.99498
2193.15149
2391.29780
2201.03491
2196.41939
2178.92066
2262.17456
2152.04762
2188.18632
2138.37391
2200.23193
2207.16066
2147.99741
2172.33542
2317.39850
2153.12612
2057.81318
2087.61399
2040.66651
2197.88642
2167.49739
2200.50547
2436.73708
2155.82558
2007.28193
2192.31122
2442.22222
2144.48387
2364.17104
2207.08543
2157.28112
2167.00905
2250.61533
2223.82779
2282.52172
2159.19347
2144.22602
2211.89828
2801.16343
2265.22149
2444.71996
2200.30650
2294.58066
2173.52633
2304.04691
2229.61106
2246.30678
2112.25578
2169.59846
2205.67930
2530.16676
2179.16211
2263.94882
2190.03417
2616.50882
2117.11998
2133.10815
2201.30762
2212.53628
2113.10179
2019.48747
2157.51090
2221.56558
2143.65039
1980.61391
2131.03882
2375.51562
2126.21281
2080.29225
2161.78631
2145.97739
2164.62297
2341.66274
2169.29842
2120.83421
2144.87006
2284.52254
2133.52492
2044.31767
2168.44259
2328.91124
2184.87022
2539.18870
2210.06553
2174.10754
2198.38413
2259.19605
2114.27927
2101.20451
2177.51996
2251.34664
2228.23221
2399.53424
2182.29831
2462.24508
2182.45932
2251.87283
2224.99555
2567.34491
2135.24272
2415.61086
2211.55436
2257.25093
2142.05066
2135.07120
2209.38685
2238.41104
2205.96919
2449.73177
2119.56557
2174.91581
2173.34550
2185.45556
2152.62343
2021.46928
2189.86020
2320.87658
