314.25955400000004 5.684341886080802e-14 314.25955400000004 5.684341886080802e-14 0
319.1162080675 2.4430173297524616 523.319994005 33.78843339527606 5
328.50318253499995 5.0415812614462086 1029.70178139 180.49228384403682 10
344.7501450224999 8.366376480614136 1908.856557825 423.1811413791576 15
363.6252194475 13.045173877172223 3351.8835727249993 972.3842993574466 20
385.94341121 17.64974412812681 5357.262311799999 1577.879306084435 25
409.02528979249996 23.24469922627254 8024.551450925001 2366.6617969413437 30
430.8927083075 33.43500801805334 11501.81483815 3356.795482586547 35
449.0784040175 32.6235859566217 15881.30270995 4585.185474662425 40
477.08997322999994 42.09782269750018 20636.617365775 5985.786522317369 45
498.0819169275 47.055388974572196 27001.44725525 6945.802849786711 50
528.4856398224999 59.78778534378564 32836.1810845 7480.72802439773 55
557.9275375975 63.60418397307166 37905.615585249994 7631.824198147944 60
588.1753293275 75.04677524276566 43163.74510475001 7366.542345815195 65
617.737993595 83.79864712573803 47071.006333 7674.551472607271 70
648.63711652 94.36416392837485 51579.950300250006 7658.996584046503 75
690.6068964825 103.53557329470483 55659.044247750004 8374.96110400332 80
760.1844939675 210.0740833070054 59312.410635249995 9390.118361085893 85
810.8114196125 376.65567584315 63379.55892775001 9913.005058974943 90
946.9868511249999 1434.2737968772888 67796.28222875 10269.064068290478 95
