98.0224064 0.0 98.0224064 0.0 0
98.0720517876 0.48449966964384555 98.10571858099999 0.5464662157417617 5
98.268636742 1.02817774727625 98.3739827242 1.2004559264220223 10
98.719687608 1.6339638224407802 98.95975680299999 1.9546989584728534 15
99.23528007920001 2.0930841242632323 99.6849834362 2.5941492469485885 20
99.850568192 2.806424516682503 100.586346397 3.6037919102973275 25
100.633972014 3.30935461176006 101.737750962 4.413681909268294 30
101.91052273639998 4.292431179676117 103.52155385260001 5.955238437614084 35
102.70850448080002 5.133367931670329 104.6634227302 7.380201234518729 40
103.6504436532 5.619014369455389 106.01131738180001 8.372421743372882 45
105.4924091034 6.890564761434246 108.6153541036 10.601761092909872 50
107.02915436280001 6.919382726420106 110.103875507 9.765343759869577 55
109.6308425726 9.5697146715034 114.7791507224 14.891074132752127 60
110.77634543159999 10.556073459004923 115.97313339099999 16.857194773008345 65
113.22825268800001 11.601568485413827 119.1449652874 18.216888230587042 70
114.2877608286 12.300457004220705 120.666283541 19.75279623000321 75
116.77150330539999 13.72742076288319 124.4716706482 23.422774481148647 80
121.200861371 15.195151066271366 129.8049898392 25.649453953344032 85
122.21763949460001 18.88806814038377 132.4496997194 32.979269806790306 90
125.10579649240002 19.223720649574624 136.57155268179997 33.020421988916304 95
129.7632688612 26.565173794152983 143.0618119412 48.77562816223994 100
