1.01338847 -0.0216460 0.05959724 0.03974984 0.01542577 -0.0258845 -0.0376561 -0.0111383 
0.01005481 1.03187545 0.01010812 -0.0076816 -0.0468136 -0.0265159 -0.0119565 0.07718426 
0.00369835 -0.3006332 0.58507356 0.09087127 0.03423483 0.00230554 -0.0129823 -0.0070448 
0.01637525 0.57657643 -0.0153243 0.38647424 -0.0806667 0.02505432 -0.0452395 -0.0050629 

1.01058573 0.00523190 -0.0073789 -0.0369117 0.02527831 -0.0514549 0.02966882 -0.0093778 
0.01532978 0.98193123 -0.0058380 0.02206709 0.06038980 0.03580527 0.01339650 -0.0199950 
-0.0413638 -0.1273478 0.60553166 0.06210702 -0.0289523 -0.0512627 0.01478232 0.05695217 
-0.0263690 0.23732665 -0.0338278 0.43842288 -0.0149425 0.08843823 -0.0509193 -0.0009206 

0.98986348 -0.0409463 0.06331765 0.02689048 0.01168129 -0.0271777 0.06005800 0.02451550 
-0.0341991 0.97530328 -0.0499714 0.00778934 -0.0142803 -0.0320920 0.01622565 0.02358589 
0.00752230 -0.0699172 0.65953549 0.11862552 0.02263347 -0.0392509 -0.0092005 0.05904445 
-0.0024446 0.06413749 0.02213326 0.41265419 -0.0414108 0.05633221 -0.0361865 -0.0175111 

0.98500175 -0.0115888 0.03651145 0.04553897 -0.0791136 -0.0370196 -0.0106826 0.03289964 
-0.0115743 0.90387218 0.00084832 0.09522717 -0.0098986 0.04827646 -0.0231346 -0.0335377 
-0.0019644 0.01057054 0.61476695 0.11120665 0.01246952 -0.0468973 -0.0076890 0.05307602 
0.01071546 0.01488813 -0.0038636 0.44871439 -0.0615652 0.06819230 -0.0471928 -0.0637918 

0.98011949 -0.0103036 0.03154784 0.07296121 -0.0466262 -0.0217261 0.02189773 0.01334206 
-0.0090538 1.00412991 -0.0071901 0.01308792 0.00787439 -0.0517695 -0.0267402 -0.0010412 
-0.0070955 0.01278787 0.63274982 0.12129378 0.01300825 -0.0171265 -0.0451637 0.02025328 
0.02528641 -0.0416105 0.00542662 0.38611552 -0.0659739 0.10286144 -0.0513212 -0.0609207 

1.02809227 0.02788948 0.05920682 0.01351481 -0.0039357 0.00030114 -0.0781756 0.02361009 
0.02831488 1.02235568 -0.0269214 0.04891250 -0.0524181 -0.0097548 -0.0521669 0.04039748 
0.00135918 -0.0003825 0.65335868 0.13741344 0.06035054 -0.0622474 -0.0172227 0.04013190 
0.00387136 -0.0124571 -0.0054605 0.31148912 -0.0574879 0.09078401 -0.0680722 -0.0427072 

1.02810881 -0.0072314 0.11400036 0.01161183 0.02415734 -0.0508459 0.01672065 -0.0643088 
-0.0110908 0.97309004 0.01167617 0.04579315 -0.0265609 0.05153884 0.01870353 -0.0170682 
0.03424421 0.03426171 0.66458001 0.18432923 0.03558572 -0.0509692 -0.0005239 0.07523583 
-0.0043324 -0.0420810 0.00327091 0.30440622 -0.0737078 0.09133416 -0.0561027 -0.0483726 

0.91635730 0.04771160 0.03168752 0.01552561 0.03903780 0.00363846 0.02267796 0.03476707 
0.04545531 1.07260154 0.01183995 0.06147229 -0.0328570 0.00197893 -0.0554740 -0.0463309 
-0.0183632 0.01626457 0.67151287 0.16604154 0.02056756 -0.0444185 -0.0237253 0.01568734 
-0.0062983 0.00967958 -0.0013187 0.29423172 -0.0818483 0.11453747 -0.0826155 -0.0879084 

1.00806558 -0.0081032 0.05344063 0.03188645 0.00460127 0.03510718 -0.0247451 0.02026932 
-0.0075728 0.96787674 -0.0285159 0.03009537 0.01326715 0.04923303 -0.0479152 0.02076516 
-0.0073944 0.00482876 0.69113879 0.18801398 0.03345661 -0.0629280 0.03663862 0.09764842 
0.01013216 -0.0395945 -0.0092338 0.27450855 -0.0531240 0.09874193 -0.0467445 -0.0642624 

0.98695704 0.02108353 0.11433651 0.02526295 0.04585730 0.04410269 0.01417582 -0.0380648 
0.01421105 0.88838782 0.04100798 0.05162088 -0.0071794 0.02747843 0.00545558 0.08033078 
0.03260773 0.07571334 0.67084312 0.22755963 0.05722928 -0.0691371 -0.0239877 0.05212804 
0.00698859 -0.0682478 0.00295728 0.26002287 -0.0647766 0.10840756 -0.0588168 -0.0575724 

sysiderr: 0.4298
ptb_coef: 0.0010