1.88705 -6.87229 4.5617 -1.55443 
-11.4612 -2.51757 3.66735 2.11205 
-10.9784 -2.31328 -4.89567 -3.33191 
-4.45744 6.99595 3.14632 -0.725316 

3.76882 10.4051 0.861736 0.168598 
-6.33407 6.05771 -0.039493 1.8598 
-2.51567 3.35976 1.18747 -2.26593 
-3.2966 4.55377 7.82074 2.45763 

0.309658 -15.3014 2.91804 -3.07144 
5.37527 -9.56426 1.18005 3.34399 
11.2974 1.06894 -3.50812 -0.742122 
4.29108 1.30909 7.55111 4.16081 

-8.73772 1.04155 1.96007 -0.936927 
-1.99966 6.79191 -1.20221 0.509204 
1.86883 -4.08899 -7.6148 -4.74449 
2.44029 3.31394 4.23256 -0.0646729 

-12.5201 -0.802511 -0.657018 -2.45064 
-3.60983 -9.98573 0.835405 0.754858 
2.74278 -5.6203 -6.06027 -2.59537 
5.12692 -9.52767 6.88249 0.120491 

3.50186 -9.76518 4.63585 0.881564 
0.493077 -3.96714 -1.23846 0.900508 
-6.44482 -0.532756 -3.50221 -2.18047 
0.677585 6.69336 0.376967 -0.601332 

0.618866 -1.29708 -0.542088 -1.29392 
-5.78377 5.58193 -2.73734 -0.485999 
-0.00752743 12.8642 -1.93426 -2.59107 
-8.2333 -0.37928 1.74347 0.0986729 

10.8179 1.79547 3.11692 1.10823 
7.64201 -5.56436 -1.47734 1.29065 
-3.57338 -4.44127 -7.80535 -3.35443 
3.77952 -6.55904 3.58273 0.997921 

1.55383 6.72617 -4.08972 -3.43078 
4.96951 1.43287 1.36005 1.95339 
-0.472593 -8.04544 2.59435 1.11709 
4.34646 1.91141 6.48918 2.74234 

11.8842 1.32912 6.37077 1.95555 
7.51864 5.95546 0.015422 0.993623 
2.16095 2.01542 -8.50892 -5.46951 
-1.54288 8.83489 1.65502 0.846267 

