69.04037670000001 1.4210854715202004e-14 69.04037670000001 1.4210854715202004e-14 0
69.082015102 0.8658766164336228 70.6247539788 3.189389052809928 5
69.4590171504 1.8990969705909755 76.5124642428 11.58131854376983 10
69.9409913136 2.8021140184979743 84.8114267566 27.220931007945453 15
70.69519004760002 3.985762753432159 97.21598813059998 44.77749642319355 20
71.7705572486 5.684324596879808 114.91719001959999 81.90638511751439 25
73.36180586399999 7.7590043745674855 134.00375130459997 89.61712904856367 30
74.2139652712 9.927004200878194 150.51630561320002 116.23115271386482 35
77.0120930896 12.671307561346842 190.09920960519997 206.38038793956352 40
80.10890941779999 18.839109324024744 210.6074991274 212.6521720346186 45
81.9776670666 17.946494745416377 225.19165482679998 280.5514127365223 50
85.4120799794 24.586101468636414 258.5854415531999 287.72319856667895 55
85.8269054184 30.539591304742903 293.19204663240004 352.1164764703545 60
94.43153118000001 43.167855927024426 358.40437812380003 432.6777989649544 65
101.23802130739999 57.47797245351473 429.38315358660003 538.4900817220233 70
108.109382874 62.63809419791974 476.95907218760004 667.4204661597861 75
108.3564606386 60.04181431678546 496.708073312 616.5663561923457 80
121.90468534440001 98.58110771867474 597.9138650132 797.8655918872396 85
123.1849215068 97.66885769502436 651.5263468612 847.1256495983002 90
128.1615180536 110.87587555787931 662.0864608213999 879.3501803869692 95
159.9461051556 155.16492733112884 894.4601767408001 1174.0187589608092 100
