0.98708815 0.00892617 0.07064438 -0.0127491 -0.0212318 0.04627359 -0.0533807 0.02813670 
0.00813743 1.00995904 0.05824932 0.02421202 -0.0052956 -0.0718964 0.03209651 0.01853992 
0.02135654 0.00702473 0.96826560 -0.0103912 0.02814783 -0.0321411 -0.0255494 0.08546571 
-0.0087501 0.07807790 -0.0085796 0.94732568 -0.0040022 0.02623658 -0.0390251 0.01714471 

0.97814924 0.02208057 0.07236423 -0.0389927 0.01104913 0.01944416 0.01890552 0.06807847 
0.02489863 0.95328376 -0.0187817 0.03146205 -0.0265162 0.02994042 -0.0002875 -0.0166006 
0.02311075 -0.0950242 1.00000202 -0.0207852 -0.0180843 0.05231009 -0.0101226 -0.0139607 
-0.0386629 0.11173267 -0.0170278 1.04978287 -0.0187161 0.02889161 0.00935594 0.00402464 

0.99137389 0.04163154 0.06355317 0.02097499 -0.0204251 0.07830397 0.00579300 0.02986205 
0.04408102 0.96281136 -0.0247761 0.08863371 -0.0255090 -0.0042501 -0.0003080 -0.0625987 
0.00517694 -0.0154457 1.04231776 0.00284115 0.01349136 0.03318628 -0.0373002 0.03842360 
0.03354389 0.04174014 0.01662028 1.00856878 -0.0400543 0.07365026 -0.0366464 -0.0665018 

0.98611617 0.02128901 0.05638057 -0.0150563 -0.0158483 0.01077030 -0.0324209 -0.0801299 
0.02244262 0.93215078 0.02721270 0.00742189 -0.0337177 0.02997253 0.07521224 -0.0378450 
0.00658196 -0.0328715 0.92994592 -0.0109137 0.00100108 -0.0318064 0.02633421 0.00764185 
-0.0097992 0.04883377 0.00233549 1.13991859 -0.0467825 0.03708248 -0.0079567 0.00299638 

1.00028397 0.08300739 0.05884054 -0.0483331 -0.0590997 0.03263228 0.01772328 -0.0179987 
0.08061299 0.97546266 0.00493018 0.04827910 -0.0101725 -0.0475926 -0.0061014 -0.0672029 
0.00876905 0.00278507 0.96821103 -0.0432670 0.02290555 0.02257707 0.04433658 -0.0291301 
-0.0451029 -0.0015137 -0.0265374 0.96481606 -0.0574461 -0.0014228 0.00252795 -0.0099853 

1.03772848 0.02038904 -0.0026680 0.02076499 0.02110783 -0.0332507 0.02066341 0.01222578 
0.02114504 1.03110001 0.01060424 0.07001500 0.00984861 -0.0367378 -0.0266654 0.01642591 
-0.0488375 0.00351552 0.97236675 -0.0223619 0.05177237 -0.0097128 0.02176555 0.00708888 
0.01863539 0.02582721 -0.0006833 1.03811925 -0.0462618 0.03512410 -0.0352555 -0.0382920 

1.01835084 -0.0441206 0.05769788 -0.0216282 0.01250721 0.04725346 0.02139341 -0.0124388 
-0.0427596 1.01506724 -0.0609979 0.02997219 -0.0079605 -0.0065282 0.01296902 0.02521671 
0.00719488 -0.0422811 0.95865713 -0.0485779 0.06490734 0.03474933 0.03065120 0.02348181 
-0.0150601 -0.0262478 -0.0255376 0.95353271 -0.0671760 0.06918669 -0.0418426 -0.0275328 

0.99024892 0.06142279 0.00640344 -0.0520442 0.04609003 -0.0424942 -0.0189084 -0.0004284 
0.06571454 1.02966667 -0.0494770 0.04462435 -0.0183976 0.03827550 -0.0057778 0.00788126 
-0.0508939 -0.1312576 1.06357174 0.00509112 0.03068804 0.01319298 -0.0408098 0.00085980 
-0.0454226 0.15942361 0.01850443 0.96824966 -0.0090267 0.02839676 -0.0510390 0.01213223 

1.00906083 -0.0225781 0.03778833 -0.0512942 -0.0074769 -0.0059129 0.02157577 0.01684478 
-0.0268533 1.05605737 -0.0058325 0.02067858 -0.0296020 -0.0186891 0.00766070 0.00222772 
-0.0090090 0.03411053 1.00943239 -0.0121214 0.00921742 -0.0061303 0.01456412 -0.0178338 
-0.0513951 -0.1035463 0.01649795 1.07461540 -0.0835441 0.02390484 -0.0255083 0.01728238 

1.03623286 0.01101492 0.09298916 -0.0616374 0.01282568 0.01297245 -0.0100282 0.00770372 
0.01022827 1.05128363 -0.0290663 0.00073742 0.01244522 0.03926209 -0.0459201 0.03943368 
0.04445401 -0.0499049 0.97846590 -0.0036941 0.06443137 -0.0059994 -0.0101953 -0.0125050 
-0.0656380 -0.0198835 0.01945248 1.03595276 -0.0300476 0.03163728 -0.0672946 -0.0444996 

0.91417159 0.01507994 0.04192407 0.04597985 -0.0116691 -0.0582510 0.00018265 -0.0045661 
0.01632644 0.98783102 -0.0389081 0.03760031 0.02101460 0.03214291 0.00552570 -0.0327417 
-0.0067045 0.01971155 0.95006741 0.00405156 0.00438859 -0.0267897 0.01667573 0.05176255 
0.04464158 -0.1318649 0.03450728 1.02444078 -0.0584966 0.03096848 -0.0505607 0.00351026 

0.92755209 -0.0324563 0.09697453 0.00974596 0.00345904 0.02156719 -0.0221529 -0.0109561 
-0.0336889 0.96905418 0.00842077 0.03233290 -0.0341672 0.00045145 -0.0319509 0.00560515 
0.04045524 0.04335087 1.02992991 -0.0248870 0.02824199 -0.0229311 0.01518193 0.00456152 
0.01869710 -0.0747827 -0.0023246 1.03008651 -0.0420942 0.06953753 -0.0020469 -0.0190432 

0.92973655 -0.0342087 0.05101044 -0.0231452 -0.0272673 0.00678652 -0.0051334 -0.0225124 
-0.0348066 0.97879339 0.00672850 0.05535525 -0.0195866 0.00518613 0.02957926 0.05196084 
0.00943045 -0.0117659 0.84964355 -0.0265414 0.04104392 0.04048203 0.03846113 0.02511930 
-0.0237244 0.03449268 -0.0072145 1.00323263 0.01286065 0.07665146 -0.0220615 -0.0195052 

0.98148253 -0.0717115 0.06096799 -0.0224039 -0.0075407 0.01417604 -0.0150866 0.00252797 
-0.0734249 1.05887897 -0.0379385 0.04777515 -0.0015106 0.02465476 -0.0114458 0.00520447 
0.00521418 0.02037891 0.98795837 -0.0077939 -0.0168250 -0.0148307 -0.0255560 0.01061917 
-0.0138890 -0.1217893 0.02094661 0.98335775 -0.0435914 0.00917039 0.02701934 -0.0632179 

0.97828560 0.00151945 0.00752580 -0.0684727 -0.0097503 -0.0162778 0.02572548 0.00581812 
-0.0028399 1.00196376 -0.0242332 0.11902009 -0.0000463 -0.0049069 0.01625269 -0.0189559 
-0.0413336 0.01758557 0.95111934 0.01190102 0.02537250 0.01732584 0.02065473 0.04688438 
-0.0696021 -0.0163557 0.03047511 1.02023139 -0.0778943 0.03275132 -0.0562364 0.02053327 

0.98419171 -0.0195470 0.03381076 -0.0355054 -0.0183032 -0.0595793 -0.0325560 -0.0576166 
-0.0218521 0.96413931 -0.0034261 0.06346610 0.05711269 -0.0147286 -0.0287322 -0.0424411 
-0.0170935 0.01222061 0.95487300 -0.0001910 0.05301357 -0.0729059 0.01114482 -0.0081509 
-0.0338829 -0.0161931 0.00713839 0.94995955 -0.0077693 0.03461562 0.01136972 -0.0645464 

0.94984894 -0.0204195 0.04639421 0.05154877 0.01605605 -0.0170862 0.07910662 -0.0213809 
-0.0200478 1.05848751 0.03993231 0.05287151 0.04594492 0.04118191 -0.0106093 0.05729436 
0.00327259 0.03340909 0.98507550 0.00471534 0.02405785 -0.0112835 0.00916983 0.01044919 
0.04084275 -0.0031985 0.01526931 0.97875741 -0.0320285 0.01968141 -0.0107663 -0.0247084 

0.90605777 0.04337434 0.08002151 0.00504883 0.01239068 0.00635733 -0.0406860 0.03617010 
0.04396906 0.96689477 -0.0199602 0.08019130 0.03045454 0.03787196 -0.0393640 -0.0140458 
0.02832931 -0.0064578 0.99384869 0.03094924 0.02113603 -0.0904624 0.00840543 -0.0069204 
0.00543638 -0.0001173 0.04679784 1.07213150 -0.0751364 0.06740663 -0.0421651 -0.0095939 

1.00308267 -0.0233359 0.04414969 -0.0247444 0.01819464 0.02574643 -0.0374481 -0.0732835 
-0.0258119 1.00191753 0.03575533 0.05240614 -0.0287133 0.02094090 -0.0750002 -0.0382824 
-0.0036840 0.02184058 0.97358304 0.04951535 0.02540744 -0.0401180 0.02557940 0.04937259 
-0.0276790 0.01727035 0.06370570 1.00848161 -0.0999363 0.07094926 -0.0420625 -0.0566602 

0.99840026 0.02305640 0.04658583 -0.0279100 -0.0033966 -0.0107033 -0.0480020 0.01530740 
0.01964942 0.98913274 -0.0120931 0.05490018 -0.0007897 -0.0568248 0.01507557 -0.0011301 
0.00559061 0.02731866 1.06673206 0.01223541 0.01898415 -0.0134760 -0.0142914 0.03535384 
-0.0408209 -0.0872729 0.02839240 1.05813943 -0.0105328 0.04148088 0.00554386 -0.0216330 

1.01268992 0.03765247 0.01039635 -0.0087829 0.00193786 -0.0019328 -0.0288734 -0.0298837 
0.03408375 1.01280549 0.02007255 0.01552512 -0.0116711 -0.0084430 0.02102931 0.01432844 
-0.0295597 0.05353777 0.95777217 -0.0691294 0.01555752 -0.0659259 0.06738439 -0.0481195 
-0.0178364 -0.1087327 -0.0566949 0.97906439 -0.1153759 0.03969550 -0.0699411 -0.0071881 

0.97571050 -0.0192502 0.05871380 0.03443515 -0.0776028 0.00069070 0.01335983 0.00753485 
-0.0137686 1.06768066 -0.0627846 0.03781471 -0.0167755 0.00923506 0.04359516 -0.0311195 
0.00859303 -0.0829674 1.01866274 0.02920200 0.02907552 0.00726076 0.02473605 0.03344828 
0.02666548 0.01003676 0.04557312 0.95502592 -0.0406563 0.01837798 -0.0618077 -0.0211362 

0.91675941 0.03724878 0.06785633 0.00984695 -0.0032290 -0.0391822 -0.0302380 0.00560128 
0.03593974 0.99811642 0.02477710 0.06422752 -0.0406883 -0.0256926 0.03739232 -0.0244910 
0.01534844 0.05489488 0.95953373 -0.0063059 0.03719813 -0.0236336 -0.0268574 0.07014347 
0.02871395 -0.0167144 0.01110493 0.99175781 -0.0107033 0.07586872 -0.0117484 -0.0519257 

0.98003856 -0.0415711 0.01907447 0.02801510 -0.0753514 0.01015399 0.04005022 0.00988958 
-0.0448417 0.97619550 0.06625864 0.00492898 0.02151452 -0.0234497 0.05573797 -0.0102556 
-0.0340574 0.09560766 1.01347591 0.01245627 -0.0131624 -0.0507490 0.00777817 0.03798037 
0.03019558 -0.1034353 0.01384201 1.04756998 -0.0484431 0.02334011 -0.0262033 -0.0163927 

1.03337497 0.05416373 0.05956317 0.02437816 -0.0449048 -0.0623853 0.01416121 0.03770382 
0.05273738 1.07072965 -0.0149731 0.03769154 0.05758532 -0.0452982 0.01056158 -0.0178297 
0.01277400 0.05670675 0.97709745 -0.0587157 0.00074053 -0.0342821 -0.0057207 -0.0203253 
0.02817971 -0.1332061 -0.0527562 0.87202784 -0.0572834 0.09898757 0.05903169 -0.0726440 

1.01771243 0.00905680 0.07079541 0.00356533 0.04443757 -0.0095466 -0.0270586 -0.0135292 
0.00862844 1.02964134 -0.0479586 -0.0149109 0.02684485 -0.0222402 -0.0105091 -0.0168888 
0.01218604 0.02306276 1.09571472 -0.0081204 0.06325619 -0.0390040 0.02363045 -0.0290261 
0.01449563 -0.1940205 0.01087126 0.98424522 -0.0967624 0.05647387 -0.0437156 -0.0311755 

0.96680025 0.04674828 0.02848185 -0.0086517 -0.0352877 -0.0038181 0.01671142 0.00520441 
0.04281384 0.94476778 0.05611201 0.04440359 0.01135583 0.01229043 -0.0148355 -0.0073688 
-0.0227268 0.07090872 1.02911794 0.01590169 0.05703537 -0.0620406 0.00118460 0.02540090 
-0.0077799 -0.0235437 0.00362441 1.01360068 0.04313631 0.06762149 0.01803460 -0.0288266 

0.96281946 -0.0085564 0.05842774 0.05100152 -0.0432399 0.05062498 -0.0274272 -0.0024142 
-0.0084154 1.03483270 0.02085133 0.06177363 0.02753954 0.02018368 0.01038860 0.02534056 
0.00736427 0.05781111 0.93601168 0.01373565 0.00326387 -0.0682025 0.04192209 0.02161002 
0.06063247 -0.0520373 0.00241544 0.97061366 -0.0387435 0.05490043 -0.0085981 -0.0130440 

1.00395973 0.04985424 0.09495420 0.00447035 0.01534533 -0.0418897 -0.0200616 0.01584263 
0.04727139 0.97766731 0.01836227 -0.0164311 -0.0130777 -0.0045895 0.00830948 0.02908561 
0.05362497 0.03335547 1.00632013 0.01901206 0.03875480 -0.0404181 -0.0278511 0.02383611 
-0.0183014 -0.1203674 0.00505034 0.98646904 0.02048170 -0.0118436 -0.0008043 -0.0405558 

0.97316135 0.04199144 0.03687882 -0.0303843 -0.0069863 0.03136248 0.03093507 -0.0291051 
0.03885997 1.02675776 0.00492816 0.04300114 0.01394300 -0.0222247 0.05470069 -0.0039042 
-0.0170965 0.02935538 1.03025580 -0.0203079 0.03202654 -0.0427830 -0.0321678 0.03147072 
-0.0332738 -0.0597025 -0.0254324 1.04124158 -0.0735053 0.04279617 0.00018213 -0.0195612 

1.01536851 -0.0352785 0.05776829 -0.0244867 0.00874993 -0.0515597 0.03435675 0.03048256 
-0.0358400 1.01883416 -0.0449246 0.04754556 -0.0498168 -0.0025162 0.02951398 -0.0341855 
0.00996058 -0.0305975 1.06602518 -0.0004331 0.07682529 -0.0652950 0.00992108 -0.0122571 
-0.0418269 -0.0492153 -0.0011244 1.00733940 -0.0702947 0.05253484 -0.0426340 -0.0697030 

1.03065398 -0.0413079 -0.0015439 0.01295563 0.01538395 -0.0410528 0.07712390 0.01857570 
-0.0420817 1.02175670 0.00188481 0.12582042 0.00536418 0.00892283 0.01137454 -0.0240817 
-0.0539788 0.02006072 1.03204336 0.02654070 0.01383301 -0.0749141 -0.0006880 0.03216746 
0.00458463 0.03294495 0.01978577 0.96129966 -0.0446923 0.03580107 -0.0836731 0.02354676 

0.98221039 0.01373918 0.09784037 -0.0421632 0.04666520 0.03996936 0.04166843 0.00481354 
0.00977049 1.12577633 0.01636568 0.02319164 -0.0147875 -0.0165499 0.03403375 -0.0220573 
0.04829051 0.04721735 0.99385238 -0.0193548 0.04339684 -0.0770577 0.00807821 0.04741276 
-0.0321563 -0.0610939 -0.0229511 0.96659425 -0.0081699 0.05244693 -0.0194838 -0.0598043 

0.98210049 0.03231180 0.06302557 0.05045712 0.05075455 -0.0354767 -0.0084600 -0.0264474 
0.03458267 0.99231965 0.00000453 0.05387915 0.01807903 0.05206905 0.02947662 -0.0036579 
0.01445558 0.00487599 0.99774856 -0.0339304 0.01027600 -0.0734332 -0.0131482 0.05014205 
0.05029337 0.00080168 -0.0358436 1.01748779 -0.0709098 0.09174407 -0.0426761 -0.0440849 

0.99043548 0.04087425 -0.0093886 -0.0346375 0.01545587 0.01470805 -0.0250779 -0.0273280 
0.04082406 1.03504140 -0.0193242 0.05695011 0.03121585 0.01903684 -0.0153516 0.03523644 
-0.0605528 -0.0269651 1.00835225 -0.0190642 -0.0062380 -0.0457472 0.00782032 0.08212199 
-0.0279688 0.03734170 -0.0203224 0.94319300 -0.0084016 0.02886446 -0.0181807 -0.0351348 

0.95794747 0.03638179 0.02310734 -0.0320946 -0.0498121 0.02550310 -0.0276434 -0.0049031 
0.03562556 0.96089589 -0.0541104 0.02094320 -0.0094206 0.03653641 -0.0297632 0.00653895 
-0.0205596 -0.0127536 0.97867783 -0.0311629 0.05655209 -0.0141895 -0.0424526 0.01851746 
-0.0278782 -0.1083507 -0.0254088 1.02035242 -0.0665617 0.04610446 -0.0690598 -0.0401997 

0.91482832 -0.0348657 0.02968020 0.01631121 0.01315949 0.01034386 0.01116883 -0.0286181 
-0.0348104 1.05753621 -0.0320755 0.07051260 0.00103135 -0.0488024 0.01737892 0.01193668 
-0.0211259 0.01616596 1.04888654 -0.0123407 0.01946189 -0.0375187 0.05022221 0.03795844 
0.01727320 -0.0716319 -0.0111346 0.97177296 -0.0211313 0.08943731 -0.0161881 -0.0623604 

1.09594051 -0.0236647 0.00118081 0.00635302 0.02275749 0.02558203 -0.0332929 -0.0256147 
-0.0236707 1.03474563 -0.0262087 0.08238378 -0.0280956 -0.0423952 0.01437447 0.00789691 
-0.0444382 -0.0028129 1.00747172 0.03255565 0.06367267 0.03425734 -0.0070011 0.04498891 
-0.0029328 -0.0257608 0.03764988 0.99056057 -0.0356791 0.06570786 -0.0364224 -0.0181841 

0.98628187 0.01577174 0.11901776 0.03931673 0.02712864 0.02030162 0.02887045 -0.0075682 
0.01766649 0.97563138 -0.0085404 0.02369409 -0.0061833 0.00639619 -0.0065795 0.00169580 
0.06701032 0.00511269 1.01616577 0.03112764 0.03365267 0.03734485 0.02687652 0.04638913 
0.04300780 -0.0559935 0.03570578 0.95973100 -0.0012752 0.02622991 -0.0745339 -0.0263440 

0.98475251 -0.0438393 -0.0050633 -0.0104154 0.01268111 -0.0013203 -0.1077087 -0.0163437 
-0.0464533 1.05094130 0.00917073 0.12416250 0.00936501 0.05290828 -0.0597113 0.03764336 
-0.0609377 0.07195250 0.98723266 -0.0178343 -0.0023507 -0.0043229 -0.0530769 0.04328051 
0.01967257 -0.0147025 -0.0155665 1.05836887 -0.0529492 0.13567597 -0.0736156 -0.0167582 

sysiderr: 1.0416
ptb_coef: 0.0010