-12.4611 -12.5032 6.44666 -0.319105 
1.29174 -10.0792 -0.559995 -2.02308 
-1.48871 -1.5132 -0.32424 -10.5905 
5.38972 0.461332 8.02675 -4.60781 

1.18764 -9.91339 3.23861 -5.89382 
4.3558 2.81628 11.1179 0.142164 
1.50138 3.40425 -6.6213 8.03791 
10.3763 -0.00460119 -1.49614 -0.754441 

-4.60068 -4.22728 3.30878 -0.604686 
6.57431 -1.28989 1.56308 3.93386 
7.87789 1.13014 -12.0823 -4.9694 
3.74539 -3.59509 4.20229 -5.37349 

-1.37258 -0.251435 -7.92374 -15.1573 
-2.60021 3.99715 -12.5277 3.6955 
-3.69233 7.65593 2.76876 -4.03761 
-9.50112 -3.38004 0.124688 6.64271 

-6.29162 -0.726706 4.16732 -6.77173 
8.17662 -4.93787 3.34168 -5.47179 
-2.32025 -2.33545 11.0161 5.21127 
-3.92146 -8.81118 -4.95859 1.42263 

-5.51184 2.47212 13.9244 -0.712541 
-13.5762 -9.22955 5.09946 -0.756888 
7.87564 -14.4274 -2.48819 -6.60069 
-3.79568 2.62923 -5.64099 -9.98876 

-4.57433 -12.3434 9.86903 -3.31016 
4.76745 0.710753 5.79232 6.04433 
15.4473 12.5122 -5.17949 -5.68068 
-6.84219 14.8026 4.17771 1.90457 

5.7724 -0.307777 11.0213 -6.71657 
-7.15533 7.7742 8.45835 -1.412 
-1.09196 2.56668 -5.28749 -10.2797 
4.4312 6.45293 -4.60491 3.22104 

-0.40292 -6.22526 -2.95894 -8.66459 
1.28446 -15.688 1.66985 5.71109 
16.6884 0.92635 8.39794 -3.07005 
14.8357 -4.69319 -11.3963 -0.50865 

2.9682 1.39483 11.4261 -2.7693 
6.09015 5.06799 -1.45945 1.66074 
1.16692 -5.49157 -2.75015 -6.64423 
1.17827 10.2362 -4.83584 -7.74439 

-3.30507 4.53952 0.22548 -7.69203 
-10.5455 2.98548 -0.326075 2.34266 
-1.54379 2.71449 2.42612 -5.97041 
-4.88544 -2.45215 12.8933 2.56101 

12.5349 -8.51007 7.98096 -4.74045 
5.79151 -5.5206 0.292237 8.54022 
-12.6607 -9.13658 -0.109134 4.60365 
-5.86486 3.81469 -1.29997 -1.97829 

-10.306 -8.56309 5.1895 -1.46504 
3.08539 3.73606 2.70598 9.4165 
9.38115 0.258711 9.95334 -7.28082 
-12.0798 12.4613 -3.58822 3.22727 

-2.21538 -2.1649 -10.5145 -6.92821 
4.86958 16.3387 -7.32869 2.15354 
-6.73809 -5.34778 -10.4592 2.0203 
0.403238 2.13214 1.73461 -7.8835 

-8.31426 -3.5041 2.6958 -7.49852 
-8.95151 5.06666 6.16916 4.95326 
9.50644 7.62887 3.60028 -2.26079 
3.72359 -7.42786 10.2304 1.75864 

-6.98914 8.24396 4.39738 1.06415 
-5.69482 3.84062 -6.84745 3.50951 
-5.90904 -9.38281 10.1786 8.59726 
-3.30939 -1.40036 -1.44855 -9.20202 

1.23609 4.67593 7.37235 -3.30969 
2.50108 9.49572 -3.0112 12.1306 
10.0219 1.56091 -0.854183 1.57049 
-2.3397 5.60472 -1.3604 -5.97859 

0.753135 7.83897 -3.47746 -9.13176 
-2.04591 2.45285 -11.0814 -2.196 
-7.57339 -7.61623 -9.32722 -8.3756 
10.8996 -8.52021 -4.3824 -4.57343 

5.47384 -0.89819 -4.75874 -8.58244 
0.34936 -4.31214 -6.49098 1.72892 
0.916034 -13.0023 -3.39717 1.4826 
-8.75486 3.89048 3.03952 0.0832838 

-5.23856 -2.97492 8.02812 -3.33466 
-4.14671 -12.8122 1.63951 3.37125 
-14.7826 1.96886 0.473266 -0.0913207 
-1.34504 -3.61211 11.7847 -4.72357 

4.20245 -4.8188 -3.4268 -7.57607 
-2.57865 -3.85162 -5.34374 0.0283823 
-8.30178 5.06949 4.40371 -0.619386 
-7.58673 7.25644 -6.05761 -1.49832 

-9.71151 -0.691964 0.621107 -2.54386 
-2.0077 9.65229 16.2786 13.3219 
2.36577 8.61738 3.31577 -5.28063 
6.28013 -11.6432 9.8312 -2.28382 

-3.71379 -10.0067 -2.1483 -4.65996 
-6.4842 -1.06025 3.54999 8.0811 
-11.3816 4.83875 -2.09929 -5.03678 
-4.55237 2.2382 8.99738 -1.09976 

-6.56923 1.9968 -3.33966 -7.09141 
4.37963 -5.12597 -11.7498 -3.33041 
5.8797 8.61743 -2.54402 -4.4198 
3.0191 -7.0216 5.93696 -8.91289 

-5.6312 9.29857 -7.04872 -1.41257 
-6.27454 -5.18116 -6.96435 1.13775 
8.5109 10.5989 -9.60392 6.57509 
3.36433 -2.67201 -12.2626 -3.01893 

8.61536 -0.610186 2.33869 -3.54032 
5.56533 -12.2088 0.588166 2.56799 
-11.9693 -7.62635 7.31433 -2.68799 
-1.04008 -2.6862 -12.9469 -8.6585 

-4.89311 2.11666 7.87851 6.74016 
-1.71479 0.430723 -5.98414 5.95855 
10.5606 -9.30019 3.97511 6.6671 
2.58712 -1.00499 2.98517 -1.95787 

-8.74653 7.43274 -7.43714 -5.09646 
0.420771 8.79142 -3.55448 7.83848 
-7.07494 6.56897 7.85385 13.1627 
7.77669 12.7912 6.86279 -1.75116 

-4.78545 -2.84484 10.0395 5.51865 
-11.0531 -4.6026 -2.34727 -5.39376 
-4.26574 8.07002 -3.43752 4.52311 
1.35941 8.12021 4.74354 -10.389 

5.37473 -2.19362 -0.816978 -12.1997 
7.79647 -8.15376 -4.28474 -2.0387 
1.65409 11.7632 -4.10247 0.328845 
-7.48774 1.67135 2.03577 1.82361 

-8.23725 -2.87905 5.66098 -4.5205 
-10.9034 0.0155575 -6.26377 -4.14945 
-2.3979 12.5926 -1.59342 -7.17906 
5.62039 -7.34278 -8.53705 -5.34485 

-6.69429 -2.273 1.65153 -8.29001 
1.20988 -3.36809 -10.6941 0.00476777 
8.93866 -1.22244 -5.52543 -2.62392 
8.04693 -10.1411 0.965052 4.85122 

7.61032 -3.80547 10.342 7.24688 
5.14197 -7.53193 -7.57293 -1.80896 
7.05176 13.4859 -0.604315 -4.19859 
1.32927 -9.34115 -4.16496 -12.2465 

9.21354 7.92028 1.61245 -1.00182 
-1.26178 8.60805 -0.727214 3.66819 
-8.26349 1.16403 -9.15646 -9.72971 
-7.74121 5.5177 8.26804 -1.50264 

9.39561 9.16052 -4.60023 -10.7946 
-9.98451 11.7456 -7.19405 8.74394 
-14.0001 -1.71757 -6.24468 -4.8102 
-5.26072 7.80232 5.66611 1.70723 

-10.1163 3.46017 4.71872 0.303753 
-4.16328 16.1916 -5.86173 0.808241 
-1.94038 1.15063 -9.4148 -5.36918 
11.5531 7.86578 2.7168 -10.5347 

11.123 -9.47718 1.89753 -7.02099 
-3.13199 -12.0217 4.87479 3.96699 
3.04804 7.3084 13.5019 8.20952 
-11.5644 -11.4849 5.22218 -5.64482 

6.15048 -7.00713 3.67102 -8.18598 
-5.68877 -10.3383 2.63903 6.09003 
-12.9225 -9.73746 -2.44927 -4.76928 
-9.54088 8.41026 10.1647 4.35441 

6.90483 -10.0618 5.74191 3.36965 
5.91759 3.09526 7.41271 6.15734 
6.25894 2.03723 -0.980963 -8.16675 
-11.5555 -1.31792 10.0838 -2.17976 

4.85173 22.7869 -21.1679 -7.44585 
-2.8712 10.8994 -9.3373 4.29212 
-6.93878 1.80985 -4.49628 -0.64218 
-9.48992 7.64601 13.1962 -1.47479 

