392.59130835925 399.73922730598287 69.4390201 0.0 0
374.24167996924996 389.2561339194446 88.76988699725 25.544879077455427 2
399.93038982750005 410.8757868778797 145.2639373355 94.48740559952395 4
419.79872668800004 530.4068553521629 231.70572889525 204.79578278695595 6
442.43622401575004 471.6792736144543 361.98156066225 370.30512682051176 8
441.393785208 439.9129635287036 582.214299105 702.6654759193179 10
466.67477520500006 483.388162582587 708.64718589025 728.2386065430919 12
561.95866975525 635.261156068274 970.6701795525 962.3068304612065 14
543.5641757225 583.6855608968375 1095.2876748362498 1186.2571403855509 16
555.9734968407499 557.2232277952094 1615.2127086645 1676.7474966385043 18
527.1351856267501 518.1769926169341 1788.525071774 1824.938231258417 20
668.7063823502499 632.962813610631 2306.98708197625 2522.9718269513037 22
703.168358109 851.9694549781998 2448.1580175132503 2585.493733602216 24
827.6390100275 1055.6341178512603 2760.1420088497503 3213.7695154026346 26
807.04759118275 889.1620655596296 3377.40952763875 3844.7000228392203 28
856.8622229395 1030.7365763708247 3832.68480084975 4106.452349810846 30
