-5.75601 1.79565 

-2.3841 2.7631 

-3.89607 2.17969 

-2.12853 2.75406 

-4.10955 0.567318 

4.90768 1.3393 

-5.83796 2.28136 

0.248453 1.81528 

0.929136 2.56169 

-3.56728 2.46314 

-3.13138 3.09686 

-2.02998 2.56414 

-1.10522 2.10223 

-5.95824 0.915504 

7.17264 0.685477 

-3.58212 2.66147 

4.95618 1.31844 

-4.95703 3.98088 

4.78865 2.21076 

1.66482 2.016 

-5.39134 2.34595 

-1.99523 2.98693 

0.97918 2.74095 

-3.58535 2.58824 

-0.776149 2.41204 

-0.114478 2.18953 

6.80572 2.11057 

8.46506 2.69856 

8.74974 3.39713 

5.36698 3.2837 

