948.58821 0.0 948.58821 0.0 0
949.1475080375 1.0664671296959307 1096.7782081900002 114.49423134749746 5
950.2071491775001 2.210494699924303 1542.5138919249998 408.70050771178217 10
951.8631214774999 3.3313011416330633 1973.48907 535.56300093733 15
953.392920165 4.278866315264781 2393.504240725 682.32032895706 20
955.8314386375 5.088601569206287 2720.7279626500003 754.1013108631059 25
958.7332593025 6.3149575061428385 2929.6692697999997 685.6373752677 30
961.4484467399999 6.926450303417377 3136.3805261999996 732.3883672281403 35
964.3804599524999 8.172588702251534 3289.2070442249997 759.5285325495583 40
968.527900905 9.574393575821091 3425.000995975 716.3617809360941 45
971.4287005249998 10.206053927684074 3493.84449325 685.4766509908519 50
975.5702083025 11.862988835215607 3633.0959555249997 713.096506602849 55
979.36914598 13.237873424240405 3710.6275369249993 691.121554667117 60
985.4103999749999 15.529650105156263 3798.350807125 681.1244122040366 65
989.6306503375 16.867061250996038 3797.8416989749994 710.7095396468324 70
993.2509843324999 18.970723282121206 3857.691217125 657.1773898439817 75
997.3848524025 19.71898469185965 3970.7115655999996 690.0916936729548 80
1003.5786318075001 21.27788416071243 3960.9775384000004 652.8891317750719 85
1011.3204274249999 26.51886610213556 4041.9747017 673.4805946945145 90
1015.0448348049999 25.67215522625303 4036.906342725 679.0888072450522 95
1020.6549035825 29.05193033414195 4016.43810545 635.9766151669444 100
