1.00000801 -0.0014379 0.01979678 0.00002411 0.00012031 -0.0001196 0.00000059 0.00016899 
-0.0000041 1.00279282 0.00000046 0.01974891 -0.0002389 0.00024245 -0.0001690 -0.0001700 
0.00040036 -0.0718993 0.98983901 0.00120566 0.00601532 -0.0059819 0.00002946 0.00844947 
-0.0002064 0.13964123 0.00002318 0.98744544 -0.0119465 0.01212230 -0.0084533 -0.0085036 

1.00000403 -0.0012350 0.01973960 -0.0000332 0.00011976 -0.0001214 0.00000046 0.00016937 
-0.0000051 1.00241946 0.00000210 0.01980642 -0.0002396 0.00024192 -0.0001696 -0.0001698 
0.00020159 -0.0617534 0.98698018 -0.0016603 0.00598794 -0.0060721 0.00002322 0.00846863 
-0.0002548 0.12097285 0.00010484 0.99032106 -0.0119816 0.01209576 -0.0084824 -0.0084934 

1.00000120 -0.0011046 0.01969189 -0.0000818 0.00012001 -0.0001222 0.00000152 0.00016932 
-0.0000042 1.00214355 0.00000286 0.01985581 -0.0002400 0.00024447 -0.0001706 -0.0001708 
0.00006016 -0.0552306 0.98459448 -0.0040908 0.00600028 -0.0061107 0.00007610 0.00846583 
-0.0002107 0.10717731 0.00014276 0.99279045 -0.0120003 0.01222331 -0.0085311 -0.0085402 

0.99999997 -0.0009350 0.01965101 -0.0001251 0.00011975 -0.0001233 0.00000269 0.00016983 
-0.0000026 1.00182725 0.00000406 0.01989746 -0.0002414 0.00024735 -0.0001719 -0.0001715 
-0.0000015 -0.0467498 0.98255047 -0.0062568 0.00598761 -0.0061689 0.00013431 0.00849171 
-0.0001315 0.09136247 0.00020295 0.99487309 -0.0120718 0.01236734 -0.0085993 -0.0085794 

0.99999608 -0.0008512 0.01961785 -0.0001585 0.00012024 -0.0001261 0.00000417 0.00016931 
-0.0000034 1.00166858 0.00000450 0.01993660 -0.0002408 0.00025076 -0.0001742 -0.0001736 
-0.0001958 -0.0425619 0.98089249 -0.0079282 0.00601192 -0.0063067 0.00020825 0.00846548 
-0.0001743 0.08342924 0.00022513 0.99682993 -0.0120416 0.01253791 -0.0087127 -0.0086837 

0.99999492 -0.0007019 0.01959010 -0.0001886 0.00012006 -0.0001281 0.00000547 0.00016947 
-0.0000028 1.00136164 0.00000557 0.01996975 -0.0002410 0.00025675 -0.0001759 -0.0001754 
-0.0002542 -0.0350986 0.97950510 -0.0094339 0.00600287 -0.0064089 0.00027329 0.00847359 
-0.0001409 0.06808217 0.00027850 0.99848744 -0.0120542 0.01283749 -0.0087976 -0.0087740 

0.99999423 -0.0005684 0.01956946 -0.0002136 0.00012043 -0.0001311 0.00000785 0.00016964 
-0.0000025 1.00110972 0.00000671 0.01999719 -0.0002410 0.00026190 -0.0001776 -0.0001776 
-0.0002887 -0.0284245 0.97847275 -0.0106797 0.00602127 -0.0065584 0.00039233 0.00848211 
-0.0001266 0.05548593 0.00033536 0.99985940 -0.0120530 0.01309493 -0.0088841 -0.0088823 

0.99999312 -0.0004375 0.01955391 -0.0002324 0.00012070 -0.0001342 0.00001022 0.00016980 
-0.0000022 1.00085064 0.00000726 0.02001991 -0.0002418 0.00026783 -0.0001802 -0.0001796 
-0.0003438 -0.0218765 0.97769528 -0.0116232 0.00603500 -0.0067131 0.00051123 0.00848983 
-0.0001105 0.04253216 0.00036299 1.00099554 -0.0120918 0.01339167 -0.0090117 -0.0089818 

0.99999474 -0.0003461 0.01954392 -0.0002469 0.00012092 -0.0001377 0.00001214 0.00016983 
-0.0000013 1.00068022 0.00000685 0.02003870 -0.0002418 0.00027447 -0.0001821 -0.0001819 
-0.0002628 -0.0173087 0.97719578 -0.0123459 0.00604580 -0.0068871 0.00060704 0.00849174 
-0.0000672 0.03401111 0.00034249 1.00193481 -0.0120912 0.01372339 -0.0091048 -0.0090972 

0.99999621 -0.0002587 0.01953784 -0.0002568 0.00012108 -0.0001411 0.00001494 0.00017029 
-0.0000025 1.00050214 0.00000815 0.02005283 -0.0002424 0.00028077 -0.0001855 -0.0001849 
-0.0001895 -0.0129380 0.97689197 -0.0128433 0.00605395 -0.0070559 0.00074677 0.00851450 
-0.0001260 0.02510708 0.00040771 1.00264144 -0.0121232 0.01403853 -0.0092751 -0.0092468 

0.99999766 -0.0002121 0.01953556 -0.0002637 0.00012135 -0.0001449 0.00001737 0.00017053 
-0.0000040 1.00039876 0.00000854 0.02006451 -0.0002430 0.00028880 -0.0001881 -0.0001878 
-0.0001171 -0.0106083 0.97677818 -0.0131867 0.00606755 -0.0072482 0.00086829 0.00852631 
-0.0002015 0.01993777 0.00042725 1.00322546 -0.0121526 0.01444019 -0.0094063 -0.0093931 

1.00000306 -0.0001048 0.01953490 -0.0002683 0.00012156 -0.0001487 0.00001985 0.00017086 
-0.0000015 1.00020714 0.00001000 0.02007359 -0.0002434 0.00029614 -0.0001909 -0.0001905 
0.00015282 -0.0052408 0.97674501 -0.0134176 0.00607790 -0.0074353 0.00099252 0.00854283 
-0.0000763 0.01035716 0.00049992 1.00367932 -0.0121716 0.01480722 -0.0095483 -0.0095274 

1.00000305 0.00004397 0.01953831 -0.0002688 0.00012181 -0.0001528 0.00002246 0.00017142 
0.00000170 0.99993053 0.00000976 0.02007828 -0.0002438 0.00030443 -0.0001941 -0.0001940 
0.00015249 0.00219833 0.97691527 -0.0134444 0.00609031 -0.0076414 0.00112309 0.00857122 
0.00008497 -0.0034734 0.00048809 1.00391391 -0.0121924 0.01522136 -0.0097075 -0.0097008 

1.00000840 0.00001832 0.01954556 -0.0002647 0.00012193 -0.0001568 0.00002496 0.00017167 
-0.0000064 0.99994842 0.00000988 0.02007739 -0.0002441 0.00031230 -0.0001971 -0.0001963 
0.00041995 0.00091603 0.97727789 -0.0132372 0.00609628 -0.0078436 0.00124818 0.00858370 
-0.0003223 -0.0025788 0.00049401 1.00386928 -0.0122088 0.01561508 -0.0098576 -0.0098156 

1.00000419 0.00010340 0.01955208 -0.0002612 0.00012192 -0.0001608 0.00002745 0.00017231 
0.00000334 0.99981670 0.00001117 0.02007712 -0.0002443 0.00032010 -0.0001998 -0.0001996 
0.00020963 0.00517008 0.97760379 -0.0130632 0.00609612 -0.0080416 0.00137240 0.00861559 
0.00016698 -0.0091651 0.00055856 1.00385618 -0.0122171 0.01600514 -0.0099918 -0.0099831 

1.00000851 0.00016898 0.01956174 -0.0002538 0.00012210 -0.0001649 0.00003004 0.00017295 
-0.0000009 0.99967487 0.00001102 0.02007264 -0.0002445 0.00032844 -0.0002030 -0.0002029 
0.00042565 0.00844886 0.97808688 -0.0126919 0.00610505 -0.0082490 0.00150203 0.00864743 
-0.0000482 -0.0162567 0.00055121 1.00363185 -0.0122252 0.01642198 -0.0101538 -0.0101486 

1.00001212 0.00018199 0.01957143 -0.0002461 0.00012195 -0.0001690 0.00003244 0.00017353 
-0.0000025 0.99964702 0.00001094 0.02006680 -0.0002441 0.00033642 -0.0002062 -0.0002056 
0.00060585 0.00909931 0.97857149 -0.0123049 0.00609733 -0.0084523 0.00162189 0.00867669 
-0.0001292 -0.0176492 0.00054682 1.00333987 -0.0122082 0.01682118 -0.0103133 -0.0102845 

1.00001523 0.00022009 0.01958253 -0.0002359 0.00012186 -0.0001730 0.00003453 0.00017407 
-0.0000021 0.99957695 0.00001109 0.02005793 -0.0002440 0.00034420 -0.0002088 -0.0002085 
0.00076173 0.01100452 0.97912664 -0.0117977 0.00609313 -0.0086527 0.00172626 0.00870332 
-0.0001066 -0.0211525 0.00055431 1.00289647 -0.0122026 0.01720991 -0.0104398 -0.0104290 

1.00001389 0.00029003 0.01959359 -0.0002255 0.00012200 -0.0001769 0.00003674 0.00017470 
0.00000087 0.99944517 0.00001160 0.02004826 -0.0002439 0.00035210 -0.0002116 -0.0002112 
0.00069459 0.01450164 0.97967956 -0.0112760 0.00609988 -0.0088488 0.00183718 0.00873500 
0.00004360 -0.0277413 0.00058024 1.00241320 -0.0121997 0.01760512 -0.0105830 -0.0105644 

1.00002339 0.00032339 0.01960633 -0.0002127 0.00012197 -0.0001808 0.00003902 0.00017554 
-0.0000125 0.99935021 0.00001128 0.02003546 -0.0002444 0.00035983 -0.0002145 -0.0002145 
0.00116948 0.01616927 0.98031671 -0.0106352 0.00609862 -0.0090438 0.00195087 0.00877676 
-0.0006260 -0.0324892 0.00056414 1.00177290 -0.0122217 0.01799170 -0.0107278 -0.0107248 

1.00002431 0.00039633 0.01961875 -0.0001992 0.00012188 -0.0001846 0.00004113 0.00017616 
-0.0000099 0.99921502 0.00001305 0.02002110 -0.0002441 0.00036737 -0.0002173 -0.0002173 
0.00121553 0.01981668 0.98093753 -0.0099621 0.00609418 -0.0092304 0.00205650 0.00880776 
-0.0004951 -0.0392489 0.00065273 1.00105507 -0.0122096 0.01836851 -0.0108671 -0.0108677 

1.00002280 0.00036674 0.01963205 -0.0001841 0.00012184 -0.0001882 0.00004302 0.00017666 
-0.0000066 0.99928172 0.00001363 0.02000466 -0.0002443 0.00037454 -0.0002198 -0.0002196 
0.00114002 0.01833678 0.98160236 -0.0092052 0.00609185 -0.0094105 0.00215076 0.00883310 
-0.0003344 -0.0359141 0.00068126 1.00023305 -0.0122188 0.01872677 -0.0109922 -0.0109828 

1.00001728 0.00033793 0.01964443 -0.0001696 0.00012171 -0.0001915 0.00004481 0.00017742 
-0.0000027 0.99934335 0.00001445 0.01998838 -0.0002439 0.00038109 -0.0002222 -0.0002222 
0.00086394 0.01689670 0.98222141 -0.0084845 0.00608548 -0.0095791 0.00224051 0.00887086 
-0.0001357 -0.0328322 0.00072252 0.99941883 -0.0121959 0.01905454 -0.0111135 -0.0111117 

1.00002488 0.00040859 0.01965571 -0.0001561 0.00012159 -0.0001948 0.00004657 0.00017797 
-0.0000083 0.99919751 0.00001474 0.01997289 -0.0002438 0.00038743 -0.0002245 -0.0002244 
0.00124412 0.02042964 0.98278559 -0.0078093 0.00607945 -0.0097410 0.00232852 0.00889875 
-0.0004156 -0.0401243 0.00073692 0.99864434 -0.0121902 0.01937173 -0.0112292 -0.0112223 

1.00002353 0.00028158 0.01966808 -0.0001407 0.00012145 -0.0001977 0.00004823 0.00017860 
-0.0000140 0.99943569 0.00001526 0.01995478 -0.0002433 0.00039334 -0.0002269 -0.0002268 
0.00117670 0.01407896 0.98340391 -0.0070388 0.00607227 -0.0098880 0.00241150 0.00893011 
-0.0007010 -0.0282155 0.00076310 0.99773924 -0.0121669 0.01966678 -0.0113476 -0.0113412 

1.00001364 0.00029671 0.01967714 -0.0001290 0.00012130 -0.0002006 0.00004955 0.00017922 
0.00000400 0.99943555 0.00001666 0.01994074 -0.0002431 0.00039919 -0.0002285 -0.0002289 
0.00068181 0.01483544 0.98385700 -0.0064513 0.00606515 -0.0100333 0.00247768 0.00896120 
0.00020005 -0.0282226 0.00083294 0.99703710 -0.0121591 0.01995930 -0.0114254 -0.0114451 

1.00002054 0.00039537 0.01968698 -0.0001169 0.00012122 -0.0002034 0.00005095 0.00017972 
-0.0000041 0.99922984 0.00001577 0.01992605 -0.0002428 0.00040401 -0.0002304 -0.0002306 
0.00102711 0.01976844 0.98434920 -0.0058471 0.00606085 -0.0101714 0.00254771 0.00898610 
-0.0002094 -0.0385079 0.00078871 0.99630233 -0.0121432 0.02020035 -0.0115204 -0.0115339 

1.00000510 0.00033742 0.01969714 -0.0001036 0.00012093 -0.0002058 0.00005223 0.00018017 
0.00001641 0.99937024 0.00001625 0.01990979 -0.0002424 0.00040939 -0.0002322 -0.0002323 
0.00025488 0.01687112 0.98485692 -0.0051845 0.00604627 -0.0102925 0.00261148 0.00900855 
0.00082033 -0.0314879 0.00081244 0.99548953 -0.0121235 0.02046930 -0.0116099 -0.0116181 

1.00001737 0.00027184 0.01970729 -0.0000908 0.00012081 -0.0002080 0.00005351 0.00018071 
-0.0000034 0.99947180 0.00001427 0.01989348 -0.0002422 0.00041387 -0.0002343 -0.0002341 
0.00086844 0.01359202 0.98536435 -0.0045402 0.00604047 -0.0104046 0.00267574 0.00903532 
-0.0001704 -0.0264098 0.00071328 0.99467379 -0.0121143 0.02069343 -0.0117148 -0.0117080 

1.00000958 0.00032086 0.01971526 -0.0000798 0.00012066 -0.0002103 0.00005451 0.00018114 
0.00001539 0.99940252 0.00001454 0.01987968 -0.0002421 0.00041815 -0.0002355 -0.0002357 
0.00047904 0.01604321 0.98576321 -0.0039934 0.00603276 -0.0105150 0.00272566 0.00905708 
0.00076948 -0.0298738 0.00072702 0.99398393 -0.0121048 0.02090730 -0.0117750 -0.0117867 

1.00002583 0.00034949 0.01972467 -0.0000672 0.00012067 -0.0002121 0.00005533 0.00018140 
-0.0000171 0.99930007 0.00001308 0.01986404 -0.0002418 0.00042180 -0.0002367 -0.0002369 
0.00129170 0.01747430 0.98623357 -0.0033636 0.00603354 -0.0106069 0.00276652 0.00907003 
-0.0008566 -0.0349962 0.00065383 0.99320190 -0.0120907 0.02109004 -0.0118363 -0.0118478 

1.00002198 0.00033510 0.01973271 -0.0000556 0.00012042 -0.0002137 0.00005623 0.00018190 
-0.0000118 0.99933428 0.00001433 0.01984867 -0.0002416 0.00042508 -0.0002380 -0.0002383 
0.00109906 0.01675509 0.98663570 -0.0027831 0.00602083 -0.0106876 0.00281135 0.00909488 
-0.0005934 -0.0332859 0.00071653 0.99243337 -0.0120822 0.02125419 -0.0119011 -0.0119154 

1.00000775 0.00033756 0.01974110 -0.0000431 0.00012026 -0.0002154 0.00005688 0.00018231 
0.00001178 0.99935909 0.00001523 0.01983229 -0.0002414 0.00042823 -0.0002389 -0.0002393 
0.00038762 0.01687802 0.98705479 -0.0021560 0.00601278 -0.0107707 0.00284387 0.00911538 
0.00058907 -0.0320453 0.00076134 0.99161444 -0.0120701 0.02141138 -0.0119452 -0.0119689 

1.00000847 0.00025948 0.01974985 -0.0000313 0.00012023 -0.0002165 0.00005760 0.00018252 
0.00000498 0.99950234 0.00001395 0.01981680 -0.0002413 0.00043055 -0.0002398 -0.0002402 
0.00042357 0.01297421 0.98749272 -0.0015655 0.00601157 -0.0108270 0.00287983 0.00912594 
0.00024915 -0.0248830 0.00069758 0.99083975 -0.0120648 0.02152737 -0.0119944 -0.0120120 

0.99999883 0.00014048 0.01975585 -0.0000226 0.00012012 -0.0002176 0.00005811 0.00018277 
0.00001728 0.99975074 0.00001334 0.01980540 -0.0002410 0.00043287 -0.0002405 -0.0002410 
-0.0000584 0.00702392 0.98779238 -0.0011342 0.00600599 -0.0108841 0.00290546 0.00913860 
0.00086416 -0.0124629 0.00066720 0.99027001 -0.0120538 0.02164367 -0.0120268 -0.0120505 

1.00001558 0.00024779 0.01976060 -0.0000162 0.00012000 -0.0002188 0.00005865 0.00018304 
-0.0000112 0.99950338 0.00001195 0.01979705 -0.0002406 0.00043511 -0.0002413 -0.0002417 
0.00077898 0.01238932 0.98802991 -0.0008109 0.00599981 -0.0109428 0.00293248 0.00915199 
-0.0005631 -0.0248309 0.00059742 0.98985227 -0.0120326 0.02175559 -0.0120677 -0.0120880 

1.00000595 0.00017815 0.01976574 -0.0000085 0.00011986 -0.0002196 0.00005903 0.00018325 
0.00001198 0.99967275 0.00001268 0.01978675 -0.0002405 0.00043662 -0.0002419 -0.0002424 
0.00029747 0.00890762 0.98828704 -0.0004281 0.00599314 -0.0109807 0.00295146 0.00916254 
0.00059903 -0.0163624 0.00063400 0.98933765 -0.0120295 0.02183113 -0.0120953 -0.0121246 

1.00001596 0.00018157 0.01977087 -0.0000016 0.00011989 -0.0002203 0.00005938 0.00018342 
-0.0000066 0.99964308 0.00001150 0.01977746 -0.0002405 0.00043810 -0.0002424 -0.0002429 
0.00079792 0.00907860 0.98854328 -0.0000823 0.00599438 -0.0110159 0.00296877 0.00917081 
-0.0003300 -0.0178460 0.00057512 0.98887304 -0.0120281 0.02190508 -0.0121202 -0.0121482 

1.00000853 0.00014383 0.01977510 0.00000503 0.00011989 -0.0002208 0.00005969 0.00018351 
-0.0000021 0.99971859 0.00001198 0.01976865 -0.0002405 0.00043913 -0.0002428 -0.0002433 
0.00042665 0.00719133 0.98875513 0.00025131 0.00599426 -0.0110423 0.00298458 0.00917528 
-0.0001089 -0.0140704 0.00059915 0.98843266 -0.0120268 0.02195637 -0.0121435 -0.0121672 

1.00001653 0.00018327 0.01977837 0.00000991 0.00011977 -0.0002214 0.00005995 0.00018359 
-0.0000071 0.99963930 0.00001204 0.01976216 -0.0002403 0.00044027 -0.0002432 -0.0002437 
0.00082653 0.00916360 0.98891858 0.00049554 0.00598839 -0.0110707 0.00299774 0.00917950 
-0.0003556 -0.0180352 0.00060207 0.98810822 -0.0120152 0.02201366 -0.0121618 -0.0121852 

1.00001093 0.00005317 0.01978269 0.00001638 0.00011979 -0.0002217 0.00006013 0.00018367 
-0.0000159 0.99987730 0.00001238 0.01975354 -0.0002403 0.00044082 -0.0002434 -0.0002439 
0.00054630 0.00265871 0.98913444 0.00081891 0.00598937 -0.0110865 0.00300642 0.00918330 
-0.0007952 -0.0061350 0.00061876 0.98767718 -0.0120167 0.02204112 -0.0121737 -0.0121965 

1.00000059 0.00002678 0.01978401 0.00001886 0.00011982 -0.0002221 0.00006022 0.00018390 
0.00000396 0.99995444 0.00001348 0.01975018 -0.0002403 0.00044178 -0.0002433 -0.0002444 
0.00002968 0.00133916 0.98920064 0.00094285 0.00599100 -0.0111073 0.00301113 0.00919493 
0.00019795 -0.0022781 0.00067380 0.98750903 -0.0120186 0.02208878 -0.0121668 -0.0122241 

1.00000636 0.00005316 0.01978506 0.00002034 0.00011972 -0.0002224 0.00006038 0.00018383 
-0.0000049 0.99989269 0.00001309 0.01974822 -0.0002402 0.00044230 -0.0002437 -0.0002445 
0.00031805 0.00265808 0.98925321 0.00101685 0.00598608 -0.0111219 0.00301893 0.00919173 
-0.0002467 -0.0053656 0.00065432 0.98741121 -0.0120124 0.02211497 -0.0121853 -0.0122261 

0.99999651 0.00008235 0.01978540 0.00002093 0.00011972 -0.0002226 0.00006061 0.00018389 
0.00001189 0.99985240 0.00001330 0.01974740 -0.0002402 0.00044271 -0.0002440 -0.0002446 
-0.0001745 0.00411761 0.98926991 0.00104663 0.00598577 -0.0111337 0.00303071 0.00919436 
0.00059474 -0.0073799 0.00066519 0.98737011 -0.0120137 0.02213562 -0.0122016 -0.0122309 

1.00000143 0.00004206 0.01978780 0.00002417 0.00011963 -0.0002229 0.00006078 0.00018384 
0.00000421 0.99992479 0.00001245 0.01974285 -0.0002400 0.00044332 -0.0002442 -0.0002447 
0.00007165 0.00210298 0.98939024 0.00120855 0.00598131 -0.0111496 0.00303891 0.00919182 
0.00021027 -0.0037606 0.00062273 0.98714255 -0.0120017 0.02216616 -0.0122116 -0.0122372 

1.00000157 0.00002750 0.01978921 0.00002602 0.00011950 -0.0002231 0.00006062 0.00018388 
0.00000400 0.99995280 0.00001183 0.01974061 -0.0002397 0.00044366 -0.0002438 -0.0002446 
0.00007852 0.00137524 0.98946030 0.00130094 0.00597495 -0.0111564 0.00303107 0.00919384 
0.00020019 -0.0023599 0.00059136 0.98703047 -0.0119868 0.02218282 -0.0121900 -0.0122343 

0.99999813 -0.0000138 0.01979092 0.00002876 0.00011956 -0.0002234 0.00006076 0.00018403 
0.00000699 1.00003605 0.00001182 0.01973692 -0.0002401 0.00044432 -0.0002442 -0.0002450 
-0.0000937 -0.0006906 0.98954591 0.00143824 0.00597799 -0.0111705 0.00303785 0.00920168 
0.00034935 0.00180269 0.00059111 0.98684592 -0.0120051 0.02221600 -0.0122142 -0.0122537 

0.99998755 -0.0000274 0.01979185 0.00002979 0.00011963 -0.0002233 0.00006086 0.00018425 
0.00002198 1.00007889 0.00001090 0.01973550 -0.0002401 0.00044423 -0.0002444 -0.0002454 
-0.0006223 -0.0013745 0.98959270 0.00148956 0.00598130 -0.0111697 0.00304277 0.00921247 
0.00109915 0.00394472 0.00054493 0.98677501 -0.0120079 0.02221172 -0.0122223 -0.0122710 

1.00000138 0.00009842 0.01979267 0.00003029 0.00011951 -0.0002236 0.00006103 0.00018410 
0.00001657 0.99983213 0.00000913 0.01973474 -0.0002398 0.00044470 -0.0002446 -0.0002454 
0.00006904 0.00492086 0.98963352 0.00151438 0.00597558 -0.0111808 0.00305165 0.00920519 
0.00082866 -0.0083934 0.00045645 0.98673715 -0.0119944 0.02223508 -0.0122335 -0.0122698 

0.99999237 0.00007028 0.01979606 0.00003507 0.00011945 -0.0002236 0.00006097 0.00018413 
0.00002080 0.99988689 0.00000800 0.01972834 -0.0002398 0.00044468 -0.0002446 -0.0002453 
-0.0003816 0.00351401 0.98980288 0.00175334 0.00597264 -0.0111825 0.00304830 0.00920656 
0.00103976 -0.0056555 0.00040011 0.98641723 -0.0119942 0.02223380 -0.0122301 -0.0122688 

sysiderr: 0.0244
ptb_coef: 0.0050